0,3
0,66
0,63
0,1518
1,4
1,67
1,64
1,1519
2,5
2,68
2,65
2,1520
3,6
3,69
3,1521
4,7
4,70
4,1522
5,8
5,71
5,1523
6,9
6,72
6,1524
7,10
7,73
7,1525
8,11
8,74
8,1526
9,12
9,75
9,1527
10,13
10,76
10,1528
11,14
11,77
11,1529
12,15
12,78
12,1530
13,16
13,79
13,1531
14,17
14,80
14,1532
15,18
15,81
15,1533
16,19
16,82
16,1534
17,20
17,83
17,1535
18,21
18,84
18,1536
19,22
19,85
19,1537
20,23
20,86
20,1538
21,24
21,87
21,1539
22,25
22,88
22,1540
23,26
23,89
23,1541
24,27
24,90
24,1542
25,28
25,91
25,1543
26,29
26,92
26,1544
27,30
27,93
27,1545
28,31
28,94
28,1546
29,32
29,95
29,1547
30,33
30,96
30,1548
31,34
31,97
31,1549
32,35
32,98
32,1550
33,36
33,99
33,1551
34,37
34,100
34,1552
35,38
35,101
35,1553
36,39
36,102
36,1554
37,40
37,103
37,1555
38,41
38,104
38,1556
39,42
39,105
39,1557
40,43
40,106
40,1558
41,44
41,107
41,1559
42,45
42,108
42,1560
43,46
43,109
43,1561
44,47
44,110
44,1562
45,48
45,111
45,1563
46,49
46,112
46,1564
47,50
47,113
47,1565
48,51
48,114
48,1566
49,52
49,115
49,1567
50,53
50,116
50,1568
51,54
51,117
51,1569
52,55
52,118
52,1570
53,56
53,119
53,1571
54,57
54,120
54,1572
55,58
55,121
55,1573
56,59
56,122
56,1574
57,60
57,123
57,1575
58,61
58,124
58,1576
59,62
59,125
59,1577
60,63
60,126
60,1578
61,64
61,127
61,1579
62,65
62,128
62,1580
63,129
63,1581
64,130
64,1582
65,131
65,1583
66,69
66,132
66,129
67,70
67,133
67,130
68,71
68,134
68,131
69,72
69,135
70,136
70,73
71,74
71,137
72,75
72,138
73,76
73,139
74,77
74,140
75,78
75,141
76,79
76,142
77,80
77,143
78,81
78,144
79,82
79,145
80,83
80,146
81,84
81,147
82,85
82,148
83,86
83,149
84,87
84,150
85,88
85,151
86,89
86,152
87,90
87,153
88,91
88,154
89,92
89,155
90,93
90,156
91,94
91,157
92,95
92,158
93,96
93,159
94,97
94,160
95,98
95,161
96,99
96,162
97,100
97,163
98,101
98,164
99,102
99,165
100,103
100,166
101,104
101,167
102,105
102,168
103,169
103,106
104,107
104,170
105,108
105,171
106,109
106,172
107,110
107,173
108,111
108,174
109,112
109,175
110,113
110,176
111,114
111,177
112,115
112,178
113,116
113,179
114,117
114,180
115,118
115,181
116,119
116,182
117,120
117,183
118,121
118,184
119,122
119,185
120,123
120,186
121,124
121,187
122,125
122,188
123,126
123,189
124,127
124,190
125,128
125,191
126,129
126,192
127,130
127,193
128,131
128,194
129,195
130,196
131,197
132,135
132,198
132,195
133,136
133,199
133,196
134,137
134,200
134,197
135,138
135,201
136,139
136,202
137,140
137,203
138,141
138,204
139,142
139,205
140,143
140,206
141,144
141,207
142,145
142,208
143,146
143,209
144,147
144,210
145,148
145,211
146,149
146,212
147,150
147,213
148,151
148,214
149,152
149,215
150,153
150,216
151,154
151,217
152,155
152,218
153,156
153,219
154,157
154,220
155,158
155,221
156,159
156,222
157,160
157,223
158,161
158,224
159,162
159,225
160,163
160,226
161,164
161,227
162,165
162,228
163,166
163,229
164,167
164,230
165,168
165,231
166,169
166,232
167,170
167,233
168,171
168,234
169,172
169,235
170,173
170,236
171,174
171,237
172,175
172,238
173,176
173,239
174,177
174,240
175,178
175,241
176,179
176,242
177,180
177,243
178,181
178,244
179,182
179,245
180,183
180,246
181,184
181,247
182,185
182,248
183,186
183,249
184,187
184,250
185,188
185,251
186,189
186,252
187,190
187,253
188,191
188,254
189,192
189,255
190,193
190,256
191,194
191,257
192,195
192,258
193,196
193,259
194,197
194,260
195,261
196,262
197,263
198,201
198,264
198,261
199,202
199,265
199,262
200,203
200,266
200,263
201,204
201,267
202,268
202,205
203,206
203,269
204,207
204,270
205,208
205,271
206,209
206,272
207,210
207,273
208,211
208,274
209,212
209,275
210,213
210,276
211,214
211,277
212,215
212,278
213,216
213,279
214,217
214,280
215,218
215,281
216,219
216,282
217,220
217,283
218,221
218,284
219,222
219,285
220,223
220,286
221,224
221,287
222,225
222,288
223,226
223,289
224,227
224,290
225,228
225,291
226,229
226,292
227,230
227,293
228,231
228,294
229,232
229,295
230,233
230,296
231,234
231,297
232,235
232,298
233,236
233,299
234,237
234,300
235,301
235,238
236,239
236,302
237,240
237,303
238,241
238,304
239,242
239,305
240,243
240,306
241,244
241,307
242,245
242,308
243,246
243,309
244,247
244,310
245,248
245,311
246,249
246,312
247,250
247,313
248,251
248,314
249,252
249,315
250,253
250,316
251,254
251,317
252,255
252,318
253,256
253,319
254,257
254,320
255,258
255,321
256,259
256,322
257,260
257,323
258,261
258,324
259,262
259,325
260,263
260,326
261,327
262,328
263,329
264,267
264,330
264,327
265,268
265,331
265,328
266,269
266,332
266,329
267,270
267,333
268,271
268,334
269,272
269,335
270,273
270,336
271,274
271,337
272,275
272,338
273,276
273,339
274,277
274,340
275,278
275,341
276,279
276,342
277,280
277,343
278,281
278,344
279,282
279,345
280,283
280,346
281,284
281,347
282,285
282,348
283,286
283,349
284,287
284,350
285,288
285,351
286,289
286,352
287,290
287,353
288,291
288,354
289,292
289,355
290,293
290,356
291,294
291,357
292,295
292,358
293,296
293,359
294,297
294,360
295,298
295,361
296,299
296,362
297,300
297,363
298,301
298,364
299,302
299,365
300,303
300,366
301,304
301,367
302,305
302,368
303,306
303,369
304,307
304,370
305,308
305,371
306,309
306,372
307,310
307,373
308,311
308,374
309,312
309,375
310,313
310,376
311,314
311,377
312,315
312,378
313,316
313,379
314,317
314,380
315,318
315,381
316,319
316,382
317,320
317,383
318,321
318,384
319,322
319,385
320,323
320,386
321,324
321,387
322,325
322,388
323,326
323,389
324,327
324,390
325,328
325,391
326,329
326,392
327,393
328,394
329,395
330,333
330,396
330,393
331,334
331,397
331,394
332,335
332,398
332,395
333,336
333,399
334,400
334,337
335,338
335,401
336,339
336,402
337,340
337,403
338,341
338,404
339,342
339,405
340,343
340,406
341,344
341,407
342,345
342,408
343,346
343,409
344,347
344,410
345,348
345,411
346,349
346,412
347,350
347,413
348,351
348,414
349,352
349,415
350,353
350,416
351,354
351,417
352,355
352,418
353,356
353,419
354,357
354,420
355,358
355,421
356,359
356,422
357,360
357,423
358,361
358,424
359,362
359,425
360,363
360,426
361,364
361,427
362,365
362,428
363,366
363,429
364,367
364,430
365,368
365,431
366,369
366,432
367,433
367,370
368,371
368,434
369,372
369,435
370,373
370,436
371,374
371,437
372,375
372,438
373,376
373,439
374,377
374,440
375,378
375,441
376,379
376,442
377,380
377,443
378,381
378,444
379,382
379,445
380,383
380,446
381,384
381,447
382,385
382,448
383,386
383,449
384,387
384,450
385,388
385,451
386,389
386,452
387,390
387,453
388,391
388,454
389,392
389,455
390,393
390,456
391,394
391,457
392,395
392,458
393,459
394,460
395,461
396,399
396,462
396,459
397,400
397,463
397,460
398,401
398,464
398,461
399,402
399,465
400,403
400,466
401,404
401,467
402,405
402,468
403,406
403,469
404,407
404,470
405,408
405,471
406,409
406,472
407,410
407,473
408,411
408,474
409,412
409,475
410,413
410,476
411,414
411,477
412,415
412,478
413,416
413,479
414,417
414,480
415,418
415,481
416,419
416,482
417,420
417,483
418,421
418,484
419,422
419,485
420,423
420,486
421,424
421,487
422,425
422,488
423,426
423,489
424,427
424,490
425,428
425,491
426,429
426,492
427,430
427,493
428,431
428,494
429,432
429,495
430,433
430,496
431,434
431,497
432,435
432,498
433,436
433,499
434,437
434,500
435,438
435,501
436,439
436,502
437,440
437,503
438,441
438,504
439,442
439,505
440,443
440,506
441,444
441,507
442,445
442,508
443,446
443,509
444,447
444,510
445,448
445,511
446,449
446,512
447,450
447,513
448,451
448,514
449,452
449,515
450,453
450,516
451,454
451,517
452,455
452,518
453,456
453,519
454,457
454,520
455,458
455,521
456,459
456,522
457,460
457,523
458,461
458,524
459,525
460,526
461,527
462,465
462,528
462,525
463,466
463,529
463,526
464,467
464,530
464,527
465,468
465,531
466,532
466,469
467,470
467,533
468,471
468,534
469,472
469,535
470,473
470,536
471,474
471,537
472,475
472,538
473,476
473,539
474,477
474,540
475,478
475,541
476,479
476,542
477,480
477,543
478,481
478,544
479,482
479,545
480,483
480,546
481,484
481,547
482,485
482,548
483,486
483,549
484,487
484,550
485,488
485,551
486,489
486,552
487,490
487,553
488,491
488,554
489,492
489,555
490,493
490,556
491,494
491,557
492,495
492,558
493,496
493,559
494,497
494,560
495,498
495,561
496,499
496,562
497,500
497,563
498,501
498,564
499,565
499,502
500,503
500,566
501,504
501,567
502,505
502,568
503,506
503,569
504,507
504,570
505,508
505,571
506,509
506,572
507,510
507,573
508,511
508,574
509,512
509,575
510,513
510,576
511,514
511,577
512,515
512,578
513,516
513,579
514,517
514,580
515,518
515,581
516,519
516,582
517,520
517,583
518,521
518,584
519,522
519,585
520,523
520,586
521,524
521,587
522,525
522,588
523,526
523,589
524,527
524,590
525,591
526,592
527,593
528,531
528,594
528,591
529,532
529,595
529,592
530,533
530,596
530,593
531,534
531,597
532,535
532,598
533,536
533,599
534,537
534,600
535,538
535,601
536,539
536,602
537,540
537,603
538,541
538,604
539,542
539,605
540,543
540,606
541,544
541,607
542,545
542,608
543,546
543,609
544,547
544,610
545,548
545,611
546,549
546,612
547,550
547,613
548,551
548,614
549,552
549,615
550,553
550,616
551,554
551,617
552,555
552,618
553,556
553,619
554,557
554,620
555,558
555,621
556,559
556,622
557,560
557,623
558,561
558,624
559,562
559,625
560,563
560,626
561,564
561,627
562,565
562,628
563,566
563,629
564,567
564,630
565,568
565,631
566,569
566,632
567,570
567,633
568,571
568,634
569,572
569,635
570,573
570,636
571,574
571,637
572,575
572,638
573,576
573,639
574,577
574,640
575,578
575,641
576,579
576,642
577,580
577,643
578,581
578,644
579,582
579,645
580,583
580,646
581,584
581,647
582,585
582,648
583,586
583,649
584,587
584,650
585,588
585,651
586,589
586,652
587,590
587,653
588,591
588,654
589,592
589,655
590,593
590,656
591,657
592,658
593,659
594,597
594,660
594,657
595,598
595,661
595,658
596,599
596,662
596,659
597,600
597,663
598,664
598,601
599,602
599,665
600,603
600,666
601,604
601,667
602,605
602,668
603,606
603,669
604,607
604,670
605,608
605,671
606,609
606,672
607,610
607,673
608,611
608,674
609,612
609,675
610,613
610,676
611,614
611,677
612,615
612,678
613,616
613,679
614,617
614,680
615,618
615,681
616,619
616,682
617,620
617,683
618,621
618,684
619,622
619,685
620,623
620,686
621,624
621,687
622,625
622,688
623,626
623,689
624,627
624,690
625,628
625,691
626,629
626,692
627,630
627,693
628,631
628,694
629,632
629,695
630,633
630,696
631,697
631,634
632,635
632,698
633,636
633,699
634,637
634,700
635,638
635,701
636,639
636,702
637,640
637,703
638,641
638,704
639,642
639,705
640,643
640,706
641,644
641,707
642,645
642,708
643,646
643,709
644,647
644,710
645,648
645,711
646,649
646,712
647,650
647,713
648,651
648,714
649,652
649,715
650,653
650,716
651,654
651,717
652,655
652,718
653,656
653,719
654,657
654,720
655,658
655,721
656,659
656,722
657,723
658,724
659,725
660,663
660,726
660,723
661,664
661,727
661,724
662,665
662,728
662,725
663,666
663,729
664,667
664,730
665,668
665,731
666,669
666,732
667,670
667,733
668,671
668,734
669,672
669,735
670,673
670,736
671,674
671,737
672,675
672,738
673,676
673,739
674,677
674,740
675,678
675,741
676,679
676,742
677,680
677,743
678,681
678,744
679,682
679,745
680,683
680,746
681,684
681,747
682,685
682,748
683,686
683,749
684,687
684,750
685,688
685,751
686,689
686,752
687,690
687,753
688,691
688,754
689,692
689,755
690,693
690,756
691,694
691,757
692,695
692,758
693,696
693,759
694,697
694,760
695,698
695,761
696,699
696,762
697,700
697,763
698,701
698,764
699,702
699,765
700,703
700,766
701,704
701,767
702,705
702,768
703,706
703,769
704,707
704,770
705,708
705,771
706,709
706,772
707,710
707,773
708,711
708,774
709,712
709,775
710,713
710,776
711,714
711,777
712,715
712,778
713,716
713,779
714,717
714,780
715,718
715,781
716,719
716,782
717,720
717,783
718,721
718,784
719,722
719,785
720,723
720,786
721,724
721,787
722,725
722,788
723,789
724,790
725,791
726,729
726,792
726,789
727,730
727,793
727,790
728,731
728,794
728,791
729,732
729,795
730,796
730,733
731,734
731,797
732,735
732,798
733,736
733,799
734,737
734,800
735,738
735,801
736,739
736,802
737,740
737,803
738,741
738,804
739,742
739,805
740,743
740,806
741,744
741,807
742,745
742,808
743,746
743,809
744,747
744,810
745,748
745,811
746,749
746,812
747,750
747,813
748,751
748,814
749,752
749,815
750,753
750,816
751,754
751,817
752,755
752,818
753,756
753,819
754,757
754,820
755,758
755,821
756,759
756,822
757,760
757,823
758,761
758,824
759,762
759,825
760,763
760,826
761,764
761,827
762,765
762,828
763,829
763,766
764,767
764,830
765,768
765,831
766,769
766,832
767,770
767,833
768,771
768,834
769,772
769,835
770,773
770,836
771,774
771,837
772,775
772,838
773,776
773,839
774,777
774,840
775,778
775,841
776,779
776,842
777,780
777,843
778,781
778,844
779,782
779,845
780,783
780,846
781,784
781,847
782,785
782,848
783,786
783,849
784,787
784,850
785,788
785,851
786,789
786,852
787,790
787,853
788,791
788,854
789,855
790,856
791,857
792,795
792,858
792,855
793,796
793,859
793,856
794,797
794,860
794,857
795,798
795,861
796,799
796,862
797,800
797,863
798,801
798,864
799,802
799,865
800,803
800,866
801,804
801,867
802,805
802,868
803,806
803,869
804,807
804,870
805,808
805,871
806,809
806,872
807,810
807,873
808,811
808,874
809,812
809,875
810,813
810,876
811,814
811,877
812,815
812,878
813,816
813,879
814,817
814,880
815,818
815,881
816,819
816,882
817,820
817,883
818,821
818,884
819,822
819,885
820,823
820,886
821,824
821,887
822,825
822,888
823,826
823,889
824,827
824,890
825,828
825,891
826,829
826,892
827,830
827,893
828,831
828,894
829,832
829,895
830,833
830,896
831,834
831,897
832,835
832,898
833,836
833,899
834,837
834,900
835,838
835,901
836,839
836,902
837,840
837,903
838,841
838,904
839,842
839,905
840,843
840,906
841,844
841,907
842,845
842,908
843,846
843,909
844,847
844,910
845,848
845,911
846,849
846,912
847,850
847,913
848,851
848,914
849,852
849,915
850,853
850,916
851,854
851,917
852,855
852,918
853,856
853,919
854,857
854,920
855,921
856,922
857,923
858,861
858,924
858,921
859,862
859,925
859,922
860,863
860,926
860,923
861,864
861,927
862,928
862,865
863,866
863,929
864,867
864,930
865,868
865,931
866,869
866,932
867,870
867,933
868,871
868,934
869,872
869,935
870,873
870,936
871,874
871,937
872,875
872,938
873,876
873,939
874,877
874,940
875,878
875,941
876,879
876,942
877,880
877,943
878,881
878,944
879,882
879,945
880,883
880,946
881,884
881,947
882,885
882,948
883,886
883,949
884,887
884,950
885,888
885,951
886,889
886,952
887,890
887,953
888,891
888,954
889,892
889,955
890,893
890,956
891,894
891,957
892,895
892,958
893,896
893,959
894,897
894,960
895,961
895,898
896,899
896,962
897,900
897,963
898,901
898,964
899,902
899,965
900,903
900,966
901,904
901,967
902,905
902,968
903,906
903,969
904,907
904,970
905,908
905,971
906,909
906,972
907,910
907,973
908,911
908,974
909,912
909,975
910,913
910,976
911,914
911,977
912,915
912,978
913,916
913,979
914,917
914,980
915,918
915,981
916,919
916,982
917,920
917,983
918,921
918,984
919,922
919,985
920,923
920,986
921,987
922,988
923,989
924,927
924,990
924,987
925,928
925,991
925,988
926,929
926,992
926,989
927,930
927,993
928,931
928,994
929,932
929,995
930,933
930,996
931,934
931,997
932,935
932,998
933,936
933,999
934,937
934,1000
935,938
935,1001
936,939
936,1002
937,940
937,1003
938,941
938,1004
939,942
939,1005
940,943
940,1006
941,944
941,1007
942,945
942,1008
943,946
943,1009
944,947
944,1010
945,948
945,1011
946,949
946,1012
947,950
947,1013
948,951
948,1014
949,952
949,1015
950,953
950,1016
951,954
951,1017
952,955
952,1018
953,956
953,1019
954,957
954,1020
955,958
955,1021
956,959
956,1022
957,960
957,1023
958,961
958,1024
959,962
959,1025
960,963
960,1026
961,964
961,1027
962,965
962,1028
963,966
963,1029
964,967
964,1030
965,968
965,1031
966,969
966,1032
967,970
967,1033
968,971
968,1034
969,972
969,1035
970,973
970,1036
971,974
971,1037
972,975
972,1038
973,976
973,1039
974,977
974,1040
975,978
975,1041
976,979
976,1042
977,980
977,1043
978,981
978,1044
979,982
979,1045
980,983
980,1046
981,984
981,1047
982,985
982,1048
983,986
983,1049
984,987
984,1050
985,988
985,1051
986,989
986,1052
987,1053
988,1054
989,1055
990,993
990,1056
990,1053
991,994
991,1057
991,1054
992,995
992,1058
992,1055
993,996
993,1059
994,1060
994,997
995,998
995,1061
996,999
996,1062
997,1000
997,1063
998,1001
998,1064
999,1002
999,1065
1000,1003
1000,1066
1001,1004
1001,1067
1002,1005
1002,1068
1003,1006
1003,1069
1004,1007
1004,1070
1005,1008
1005,1071
1006,1009
1006,1072
1007,1010
1007,1073
1008,1011
1008,1074
1009,1012
1009,1075
1010,1013
1010,1076
1011,1014
1011,1077
1012,1015
1012,1078
1013,1016
1013,1079
1014,1017
1014,1080
1015,1018
1015,1081
1016,1019
1016,1082
1017,1020
1017,1083
1018,1021
1018,1084
1019,1022
1019,1085
1020,1023
1020,1086
1021,1024
1021,1087
1022,1025
1022,1088
1023,1026
1023,1089
1024,1027
1024,1090
1025,1028
1025,1091
1026,1029
1026,1092
1027,1093
1027,1030
1028,1031
1028,1094
1029,1032
1029,1095
1030,1033
1030,1096
1031,1034
1031,1097
1032,1035
1032,1098
1033,1036
1033,1099
1034,1037
1034,1100
1035,1038
1035,1101
1036,1039
1036,1102
1037,1040
1037,1103
1038,1041
1038,1104
1039,1042
1039,1105
1040,1043
1040,1106
1041,1044
1041,1107
1042,1045
1042,1108
1043,1046
1043,1109
1044,1047
1044,1110
1045,1048
1045,1111
1046,1049
1046,1112
1047,1050
1047,1113
1048,1051
1048,1114
1049,1052
1049,1115
1050,1053
1050,1116
1051,1054
1051,1117
1052,1055
1052,1118
1053,1119
1054,1120
1055,1121
1056,1059
1056,1122
1056,1119
1057,1060
1057,1123
1057,1120
1058,1061
1058,1124
1058,1121
1059,1062
1059,1125
1060,1063
1060,1126
1061,1064
1061,1127
1062,1065
1062,1128
1063,1066
1063,1129
1064,1067
1064,1130
1065,1068
1065,1131
1066,1069
1066,1132
1067,1070
1067,1133
1068,1071
1068,1134
1069,1072
1069,1135
1070,1073
1070,1136
1071,1074
1071,1137
1072,1075
1072,1138
1073,1076
1073,1139
1074,1077
1074,1140
1075,1078
1075,1141
1076,1079
1076,1142
1077,1080
1077,1143
1078,1081
1078,1144
1079,1082
1079,1145
1080,1083
1080,1146
1081,1084
1081,1147
1082,1085
1082,1148
1083,1086
1083,1149
1084,1087
1084,1150
1085,1088
1085,1151
1086,1089
1086,1152
1087,1090
1087,1153
1088,1091
1088,1154
1089,1092
1089,1155
1090,1093
1090,1156
1091,1094
1091,1157
1092,1095
1092,1158
1093,1096
1093,1159
1094,1097
1094,1160
1095,1098
1095,1161
1096,1099
1096,1162
1097,1100
1097,1163
1098,1101
1098,1164
1099,1102
1099,1165
1100,1103
1100,1166
1101,1104
1101,1167
1102,1105
1102,1168
1103,1106
1103,1169
1104,1107
1104,1170
1105,1108
1105,1171
1106,1109
1106,1172
1107,1110
1107,1173
1108,1111
1108,1174
1109,1112
1109,1175
1110,1113
1110,1176
1111,1114
1111,1177
1112,1115
1112,1178
1113,1116
1113,1179
1114,1117
1114,1180
1115,1118
1115,1181
1116,1119
1116,1182
1117,1120
1117,1183
1118,1121
1118,1184
1119,1185
1120,1186
1121,1187
1122,1125
1122,1188
1122,1185
1123,1126
1123,1189
1123,1186
1124,1127
1124,1190
1124,1187
1125,1128
1125,1191
1126,1192
1126,1129
1127,1130
1127,1193
1128,1131
1128,1194
1129,1132
1129,1195
1130,1133
1130,1196
1131,1134
1131,1197
1132,1135
1132,1198
1133,1136
1133,1199
1134,1137
1134,1200
1135,1138
1135,1201
1136,1139
1136,1202
1137,1140
1137,1203
1138,1141
1138,1204
1139,1142
1139,1205
1140,1143
1140,1206
1141,1144
1141,1207
1142,1145
1142,1208
1143,1146
1143,1209
1144,1147
1144,1210
1145,1148
1145,1211
1146,1149
1146,1212
1147,1150
1147,1213
1148,1151
1148,1214
1149,1152
1149,1215
1150,1153
1150,1216
1151,1154
1151,1217
1152,1155
1152,1218
1153,1156
1153,1219
1154,1157
1154,1220
1155,1158
1155,1221
1156,1159
1156,1222
1157,1160
1157,1223
1158,1161
1158,1224
1159,1225
1159,1162
1160,1163
1160,1226
1161,1164
1161,1227
1162,1165
1162,1228
1163,1166
1163,1229
1164,1167
1164,1230
1165,1168
1165,1231
1166,1169
1166,1232
1167,1170
1167,1233
1168,1171
1168,1234
1169,1172
1169,1235
1170,1173
1170,1236
1171,1174
1171,1237
1172,1175
1172,1238
1173,1176
1173,1239
1174,1177
1174,1240
1175,1178
1175,1241
1176,1179
1176,1242
1177,1180
1177,1243
1178,1181
1178,1244
1179,1182
1179,1245
1180,1183
1180,1246
1181,1184
1181,1247
1182,1185
1182,1248
1183,1186
1183,1249
1184,1187
1184,1250
1185,1251
1186,1252
1187,1253
1188,1191
1188,1254
1188,1251
1189,1192
1189,1255
1189,1252
1190,1193
1190,1256
1190,1253
1191,1194
1191,1257
1192,1195
1192,1258
1193,1196
1193,1259
1194,1197
1194,1260
1195,1198
1195,1261
1196,1199
1196,1262
1197,1200
1197,1263
1198,1201
1198,1264
1199,1202
1199,1265
1200,1203
1200,1266
1201,1204
1201,1267
1202,1205
1202,1268
1203,1206
1203,1269
1204,1207
1204,1270
1205,1208
1205,1271
1206,1209
1206,1272
1207,1210
1207,1273
1208,1211
1208,1274
1209,1212
1209,1275
1210,1213
1210,1276
1211,1214
1211,1277
1212,1215
1212,1278
1213,1216
1213,1279
1214,1217
1214,1280
1215,1218
1215,1281
1216,1219
1216,1282
1217,1220
1217,1283
1218,1221
1218,1284
1219,1222
1219,1285
1220,1223
1220,1286
1221,1224
1221,1287
1222,1225
1222,1288
1223,1226
1223,1289
1224,1227
1224,1290
1225,1228
1225,1291
1226,1229
1226,1292
1227,1230
1227,1293
1228,1231
1228,1294
1229,1232
1229,1295
1230,1233
1230,1296
1231,1234
1231,1297
1232,1235
1232,1298
1233,1236
1233,1299
1234,1237
1234,1300
1235,1238
1235,1301
1236,1239
1236,1302
1237,1240
1237,1303
1238,1241
1238,1304
1239,1242
1239,1305
1240,1243
1240,1306
1241,1244
1241,1307
1242,1245
1242,1308
1243,1246
1243,1309
1244,1247
1244,1310
1245,1248
1245,1311
1246,1249
1246,1312
1247,1250
1247,1313
1248,1251
1248,1314
1249,1252
1249,1315
1250,1253
1250,1316
1251,1317
1252,1318
1253,1319
1254,1257
1254,1320
1254,1317
1255,1258
1255,1321
1255,1318
1256,1259
1256,1322
1256,1319
1257,1260
1257,1323
1258,1324
1258,1261
1259,1262
1259,1325
1260,1263
1260,1326
1261,1264
1261,1327
1262,1265
1262,1328
1263,1266
1263,1329
1264,1267
1264,1330
1265,1268
1265,1331
1266,1269
1266,1332
1267,1270
1267,1333
1268,1271
1268,1334
1269,1272
1269,1335
1270,1273
1270,1336
1271,1274
1271,1337
1272,1275
1272,1338
1273,1276
1273,1339
1274,1277
1274,1340
1275,1278
1275,1341
1276,1279
1276,1342
1277,1280
1277,1343
1278,1281
1278,1344
1279,1282
1279,1345
1280,1283
1280,1346
1281,1284
1281,1347
1282,1285
1282,1348
1283,1286
1283,1349
1284,1287
1284,1350
1285,1288
1285,1351
1286,1289
1286,1352
1287,1290
1287,1353
1288,1291
1288,1354
1289,1292
1289,1355
1290,1293
1290,1356
1291,1357
1291,1294
1292,1295
1292,1358
1293,1296
1293,1359
1294,1297
1294,1360
1295,1298
1295,1361
1296,1299
1296,1362
1297,1300
1297,1363
1298,1301
1298,1364
1299,1302
1299,1365
1300,1303
1300,1366
1301,1304
1301,1367
1302,1305
1302,1368
1303,1306
1303,1369
1304,1307
1304,1370
1305,1308
1305,1371
1306,1309
1306,1372
1307,1310
1307,1373
1308,1311
1308,1374
1309,1312
1309,1375
1310,1313
1310,1376
1311,1314
1311,1377
1312,1315
1312,1378
1313,1316
1313,1379
1314,1317
1314,1380
1315,1318
1315,1381
1316,1319
1316,1382
1317,1383
1318,1384
1319,1385
1320,1323
1320,1386
1320,1383
1321,1324
1321,1387
1321,1384
1322,1325
1322,1388
1322,1385
1323,1326
1323,1389
1324,1327
1324,1390
1325,1328
1325,1391
1326,1329
1326,1392
1327,1330
1327,1393
1328,1331
1328,1394
1329,1332
1329,1395
1330,1333
1330,1396
1331,1334
1331,1397
1332,1335
1332,1398
1333,1336
1333,1399
1334,1337
1334,1400
1335,1338
1335,1401
1336,1339
1336,1402
1337,1340
1337,1403
1338,1341
1338,1404
1339,1342
1339,1405
1340,1343
1340,1406
1341,1344
1341,1407
1342,1345
1342,1408
1343,1346
1343,1409
1344,1347
1344,1410
1345,1348
1345,1411
1346,1349
1346,1412
1347,1350
1347,1413
1348,1351
1348,1414
1349,1352
1349,1415
1350,1353
1350,1416
1351,1354
1351,1417
1352,1355
1352,1418
1353,1356
1353,1419
1354,1357
1354,1420
1355,1358
1355,1421
1356,1359
1356,1422
1357,1360
1357,1423
1358,1361
1358,1424
1359,1362
1359,1425
1360,1363
1360,1426
1361,1364
1361,1427
1362,1365
1362,1428
1363,1366
1363,1429
1364,1367
1364,1430
1365,1368
1365,1431
1366,1369
1366,1432
1367,1370
1367,1433
1368,1371
1368,1434
1369,1372
1369,1435
1370,1373
1370,1436
1371,1374
1371,1437
1372,1375
1372,1438
1373,1376
1373,1439
1374,1377
1374,1440
1375,1378
1375,1441
1376,1379
1376,1442
1377,1380
1377,1443
1378,1381
1378,1444
1379,1382
1379,1445
1380,1383
1380,1446
1381,1384
1381,1447
1382,1385
1382,1448
1383,1449
1384,1450
1385,1451
1386,1389
1386,1452
1386,1449
1387,1390
1387,1453
1387,1450
1388,1391
1388,1454
1388,1451
1389,1392
1389,1455
1390,1456
1390,1393
1391,1394
1391,1457
1392,1395
1392,1458
1393,1396
1393,1459
1394,1397
1394,1460
1395,1398
1395,1461
1396,1399
1396,1462
1397,1400
1397,1463
1398,1401
1398,1464
1399,1402
1399,1465
1400,1403
1400,1466
1401,1404
1401,1467
1402,1405
1402,1468
1403,1406
1403,1469
1404,1407
1404,1470
1405,1408
1405,1471
1406,1409
1406,1472
1407,1410
1407,1473
1408,1411
1408,1474
1409,1412
1409,1475
1410,1413
1410,1476
1411,1414
1411,1477
1412,1415
1412,1478
1413,1416
1413,1479
1414,1417
1414,1480
1415,1418
1415,1481
1416,1419
1416,1482
1417,1420
1417,1483
1418,1421
1418,1484
1419,1422
1419,1485
1420,1423
1420,1486
1421,1424
1421,1487
1422,1425
1422,1488
1423,1489
1423,1426
1424,1427
1424,1490
1425,1428
1425,1491
1426,1429
1426,1492
1427,1430
1427,1493
1428,1431
1428,1494
1429,1432
1429,1495
1430,1433
1430,1496
1431,1434
1431,1497
1432,1435
1432,1498
1433,1436
1433,1499
1434,1437
1434,1500
1435,1438
1435,1501
1436,1439
1436,1502
1437,1440
1437,1503
1438,1441
1438,1504
1439,1442
1439,1505
1440,1443
1440,1506
1441,1444
1441,1507
1442,1445
1442,1508
1443,1446
1443,1509
1444,1447
1444,1510
1445,1448
1445,1511
1446,1449
1446,1512
1447,1450
1447,1513
1448,1451
1448,1514
1449,1515
1450,1516
1451,1517
1452,1455
1452,1518
1452,1515
1453,1456
1453,1519
1453,1516
1454,1457
1454,1520
1454,1517
1455,1458
1455,1521
1456,1459
1456,1522
1457,1460
1457,1523
1458,1461
1458,1524
1459,1462
1459,1525
1460,1463
1460,1526
1461,1464
1461,1527
1462,1465
1462,1528
1463,1466
1463,1529
1464,1467
1464,1530
1465,1468
1465,1531
1466,1469
1466,1532
1467,1470
1467,1533
1468,1471
1468,1534
1469,1472
1469,1535
1470,1473
1470,1536
1471,1474
1471,1537
1472,1475
1472,1538
1473,1476
1473,1539
1474,1477
1474,1540
1475,1478
1475,1541
1476,1479
1476,1542
1477,1480
1477,1543
1478,1481
1478,1544
1479,1482
1479,1545
1480,1483
1480,1546
1481,1484
1481,1547
1482,1485
1482,1548
1483,1486
1483,1549
1484,1487
1484,1550
1485,1488
1485,1551
1486,1489
1486,1552
1487,1490
1487,1553
1488,1491
1488,1554
1489,1492
1489,1555
1490,1493
1490,1556
1491,1494
1491,1557
1492,1495
1492,1558
1493,1496
1493,1559
1494,1497
1494,1560
1495,1498
1495,1561
1496,1499
1496,1562
1497,1500
1497,1563
1498,1501
1498,1564
1499,1502
1499,1565
1500,1503
1500,1566
1501,1504
1501,1567
1502,1505
1502,1568
1503,1506
1503,1569
1504,1507
1504,1570
1505,1508
1505,1571
1506,1509
1506,1572
1507,1510
1507,1573
1508,1511
1508,1574
1509,1512
1509,1575
1510,1513
1510,1576
1511,1514
1511,1577
1512,1515
1512,1578
1513,1516
1513,1579
1514,1517
1514,1580
1515,1581
1516,1582
1517,1583
1518,1521
1518,1581
1519,1522
1519,1582
1520,1523
1520,1583
1521,1524
1522,1525
1523,1526
1524,1527
1525,1528
1526,1529
1527,1530
1528,1531
1529,1532
1530,1533
1531,1534
1532,1535
1533,1536
1534,1537
1535,1538
1536,1539
1537,1540
1538,1541
1539,1542
1540,1543
1541,1544
1542,1545
1543,1546
1544,1547
1545,1548
1546,1549
1547,1550
1548,1551
1549,1552
1550,1553
1551,1554
1552,1555
1553,1556
1554,1557
1555,1558
1556,1559
1557,1560
1558,1561
1559,1562
1560,1563
1561,1564
1562,1565
1563,1566
1564,1567
1565,1568
1566,1569
1567,1570
1568,1571
1569,1572
1570,1573
1571,1574
1572,1575
1573,1576
1574,1577
1575,1578
1576,1579
1577,1580
1578,1581
1579,1582
1580,1583
