0,76
0,121
0,1519
0,1564
1,77
1,122
1,1480
1,1565
2,78
2,123
2,1481
2,1566
3,79
3,124
3,1482
3,1567
4,40
4,125
4,1483
4,1568
5,41
5,126
5,1484
5,1569
6,42
6,127
6,1485
6,1570
7,43
7,128
7,1486
7,1571
8,44
8,129
8,1487
8,1572
9,45
9,130
9,1488
9,1573
10,46
10,131
10,1489
10,1574
11,47
11,132
11,1490
11,1575
12,48
12,133
12,1491
12,1576
13,49
13,134
13,1492
13,1577
14,50
14,135
14,1493
14,1578
15,51
15,136
15,1494
15,1579
16,52
16,137
16,1495
16,1580
17,53
17,138
17,1496
17,1581
18,54
18,139
18,1497
18,1582
19,55
19,140
19,1498
19,1583
20,56
20,141
20,1499
20,1584
21,57
21,142
21,1500
21,1585
22,58
22,143
22,1501
22,1586
23,59
23,144
23,1502
23,1587
24,60
24,145
24,1503
24,1588
25,61
25,146
25,1504
25,1589
26,62
26,147
26,1505
26,1590
27,63
27,148
27,1506
27,1591
28,64
28,149
28,1507
28,1592
29,65
29,150
29,1508
29,1593
30,66
30,151
30,1509
30,1594
31,67
31,152
31,1510
31,1595
32,68
32,153
32,1511
32,1596
33,69
33,154
33,1512
33,1597
34,70
34,155
34,1513
34,1598
35,71
35,156
35,1514
35,1599
36,72
36,157
36,1515
36,1560
37,73
37,158
37,1516
37,1561
38,74
38,159
38,1517
38,1562
39,75
39,120
39,1518
39,1563
40,116
40,161
40,1559
41,117
41,162
41,1520
42,118
42,163
42,1521
43,119
43,164
43,1522
44,80
44,165
44,1523
45,81
45,166
45,1524
46,82
46,167
46,1525
47,83
47,168
47,1526
48,84
48,169
48,1527
49,85
49,170
49,1528
50,86
50,171
50,1529
51,87
51,172
51,1530
52,88
52,173
52,1531
53,89
53,174
53,1532
54,90
54,175
54,1533
55,91
55,176
55,1534
56,92
56,177
56,1535
57,93
57,178
57,1536
58,94
58,179
58,1537
59,95
59,180
59,1538
60,96
60,181
60,1539
61,97
61,182
61,1540
62,98
62,183
62,1541
63,99
63,184
63,1542
64,100
64,185
64,1543
65,101
65,186
65,1544
66,102
66,187
66,1545
67,103
67,188
67,1546
68,104
68,189
68,1547
69,105
69,190
69,1548
70,106
70,191
70,1549
71,107
71,192
71,1550
72,108
72,193
72,1551
73,109
73,194
73,1552
74,110
74,195
74,1553
75,111
75,196
75,1554
76,112
76,197
76,1555
77,113
77,198
77,1556
78,114
78,199
78,1557
79,115
79,160
79,1558
80,156
80,201
80,1599
81,157
81,202
81,1560
82,158
82,203
82,1561
83,159
83,204
83,1562
84,120
84,205
84,1563
85,121
85,206
85,1564
86,122
86,207
86,1565
87,123
87,208
87,1566
88,124
88,209
88,1567
89,125
89,210
89,1568
90,126
90,211
90,1569
91,127
91,212
91,1570
92,128
92,213
92,1571
93,129
93,214
93,1572
94,130
94,215
94,1573
95,131
95,216
95,1574
96,132
96,217
96,1575
97,133
97,218
97,1576
98,134
98,219
98,1577
99,135
99,220
99,1578
100,136
100,221
100,1579
101,137
101,222
101,1580
102,138
102,223
102,1581
103,139
103,224
103,1582
104,140
104,225
104,1583
105,141
105,226
105,1584
106,142
106,227
106,1585
107,143
107,228
107,1586
108,144
108,229
108,1587
109,145
109,230
109,1588
110,146
110,231
110,1589
111,147
111,232
111,1590
112,148
112,233
112,1591
113,149
113,234
113,1592
114,150
114,235
114,1593
115,151
115,236
115,1594
116,152
116,237
116,1595
117,153
117,238
117,1596
118,154
118,239
118,1597
119,155
119,200
119,1598
120,196
120,241
121,197
121,242
122,198
122,243
123,199
123,244
124,160
124,245
125,161
125,246
126,162
126,247
127,163
127,248
128,164
128,249
129,165
129,250
130,166
130,251
131,167
131,252
132,168
132,253
133,169
133,254
134,170
134,255
135,171
135,256
136,172
136,257
137,173
137,258
138,174
138,259
139,175
139,260
140,176
140,261
141,177
141,262
142,178
142,263
143,179
143,264
144,180
144,265
145,181
145,266
146,182
146,267
147,183
147,268
148,184
148,269
149,185
149,270
150,186
150,271
151,187
151,272
152,188
152,273
153,189
153,274
154,190
154,275
155,191
155,276
156,192
156,277
157,193
157,278
158,194
158,279
159,195
159,240
160,236
160,281
161,237
161,282
162,238
162,283
163,239
163,284
164,200
164,285
165,201
165,286
166,202
166,287
167,203
167,288
168,204
168,289
169,205
169,290
170,206
170,291
171,207
171,292
172,208
172,293
173,209
173,294
174,210
174,295
175,211
175,296
176,212
176,297
177,213
177,298
178,214
178,299
179,215
179,300
180,216
180,301
181,217
181,302
182,218
182,303
183,219
183,304
184,220
184,305
185,221
185,306
186,222
186,307
187,223
187,308
188,224
188,309
189,225
189,310
190,226
190,311
191,227
191,312
192,228
192,313
193,229
193,314
194,230
194,315
195,231
195,316
196,232
196,317
197,233
197,318
198,234
198,319
199,235
199,280
200,276
200,321
201,277
201,322
202,278
202,323
203,279
203,324
204,240
204,325
205,241
205,326
206,242
206,327
207,243
207,328
208,244
208,329
209,245
209,330
210,246
210,331
211,247
211,332
212,248
212,333
213,249
213,334
214,250
214,335
215,251
215,336
216,252
216,337
217,253
217,338
218,254
218,339
219,255
219,340
220,256
220,341
221,257
221,342
222,258
222,343
223,259
223,344
224,260
224,345
225,261
225,346
226,262
226,347
227,263
227,348
228,264
228,349
229,265
229,350
230,266
230,351
231,267
231,352
232,268
232,353
233,269
233,354
234,270
234,355
235,271
235,356
236,272
236,357
237,273
237,358
238,274
238,359
239,275
239,320
240,316
240,361
241,317
241,362
242,318
242,363
243,319
243,364
244,280
244,365
245,281
245,366
246,282
246,367
247,283
247,368
248,284
248,369
249,285
249,370
250,286
250,371
251,287
251,372
252,288
252,373
253,289
253,374
254,290
254,375
255,291
255,376
256,292
256,377
257,293
257,378
258,294
258,379
259,295
259,380
260,296
260,381
261,297
261,382
262,298
262,383
263,299
263,384
264,300
264,385
265,301
265,386
266,302
266,387
267,303
267,388
268,304
268,389
269,305
269,390
270,306
270,391
271,307
271,392
272,308
272,393
273,309
273,394
274,310
274,395
275,311
275,396
276,312
276,397
277,313
277,398
278,314
278,399
279,315
279,360
280,356
280,401
281,357
281,402
282,358
282,403
283,359
283,404
284,320
284,405
285,321
285,406
286,322
286,407
287,323
287,408
288,324
288,409
289,325
289,410
290,326
290,411
291,327
291,412
292,328
292,413
293,329
293,414
294,330
294,415
295,331
295,416
296,332
296,417
297,333
297,418
298,334
298,419
299,335
299,420
300,336
300,421
301,337
301,422
302,338
302,423
303,339
303,424
304,340
304,425
305,341
305,426
306,342
306,427
307,343
307,428
308,344
308,429
309,345
309,430
310,346
310,431
311,347
311,432
312,348
312,433
313,349
313,434
314,350
314,435
315,351
315,436
316,352
316,437
317,353
317,438
318,354
318,439
319,355
319,400
320,396
320,441
321,397
321,442
322,398
322,443
323,399
323,444
324,360
324,445
325,361
325,446
326,362
326,447
327,363
327,448
328,364
328,449
329,365
329,450
330,366
330,451
331,367
331,452
332,368
332,453
333,369
333,454
334,370
334,455
335,371
335,456
336,372
336,457
337,373
337,458
338,374
338,459
339,375
339,460
340,376
340,461
341,377
341,462
342,378
342,463
343,379
343,464
344,380
344,465
345,381
345,466
346,382
346,467
347,383
347,468
348,384
348,469
349,385
349,470
350,386
350,471
351,387
351,472
352,388
352,473
353,389
353,474
354,390
354,475
355,391
355,476
356,392
356,477
357,393
357,478
358,394
358,479
359,395
359,440
360,436
360,481
361,437
361,482
362,438
362,483
363,439
363,484
364,400
364,485
365,401
365,486
366,402
366,487
367,403
367,488
368,404
368,489
369,405
369,490
370,406
370,491
371,407
371,492
372,408
372,493
373,409
373,494
374,410
374,495
375,411
375,496
376,412
376,497
377,413
377,498
378,414
378,499
379,415
379,500
380,416
380,501
381,417
381,502
382,418
382,503
383,419
383,504
384,420
384,505
385,421
385,506
386,422
386,507
387,423
387,508
388,424
388,509
389,425
389,510
390,426
390,511
391,427
391,512
392,428
392,513
393,429
393,514
394,430
394,515
395,431
395,516
396,432
396,517
397,433
397,518
398,434
398,519
399,435
399,480
400,476
400,521
401,477
401,522
402,478
402,523
403,479
403,524
404,440
404,525
405,441
405,526
406,442
406,527
407,443
407,528
408,444
408,529
409,445
409,530
410,446
410,531
411,447
411,532
412,448
412,533
413,449
413,534
414,450
414,535
415,451
415,536
416,452
416,537
417,453
417,538
418,454
418,539
419,455
419,540
420,456
420,541
421,457
421,542
422,458
422,543
423,459
423,544
424,460
424,545
425,461
425,546
426,462
426,547
427,463
427,548
428,464
428,549
429,465
429,550
430,466
430,551
431,467
431,552
432,468
432,553
433,469
433,554
434,470
434,555
435,471
435,556
436,472
436,557
437,473
437,558
438,474
438,559
439,475
439,520
440,516
440,561
441,517
441,562
442,518
442,563
443,519
443,564
444,480
444,565
445,481
445,566
446,482
446,567
447,483
447,568
448,484
448,569
449,485
449,570
450,486
450,571
451,487
451,572
452,488
452,573
453,489
453,574
454,490
454,575
455,491
455,576
456,492
456,577
457,493
457,578
458,494
458,579
459,495
459,580
460,496
460,581
461,497
461,582
462,498
462,583
463,499
463,584
464,500
464,585
465,501
465,586
466,502
466,587
467,503
467,588
468,504
468,589
469,505
469,590
470,506
470,591
471,507
471,592
472,508
472,593
473,509
473,594
474,510
474,595
475,511
475,596
476,512
476,597
477,513
477,598
478,514
478,599
479,515
479,560
480,556
480,601
481,557
481,602
482,558
482,603
483,559
483,604
484,520
484,605
485,521
485,606
486,522
486,607
487,523
487,608
488,524
488,609
489,525
489,610
490,526
490,611
491,527
491,612
492,528
492,613
493,529
493,614
494,530
494,615
495,531
495,616
496,532
496,617
497,533
497,618
498,534
498,619
499,535
499,620
500,536
500,621
501,537
501,622
502,538
502,623
503,539
503,624
504,540
504,625
505,541
505,626
506,542
506,627
507,543
507,628
508,544
508,629
509,545
509,630
510,546
510,631
511,547
511,632
512,548
512,633
513,549
513,634
514,550
514,635
515,551
515,636
516,552
516,637
517,553
517,638
518,554
518,639
519,555
519,600
520,596
520,641
521,597
521,642
522,598
522,643
523,599
523,644
524,560
524,645
525,561
525,646
526,562
526,647
527,563
527,648
528,564
528,649
529,565
529,650
530,566
530,651
531,567
531,652
532,568
532,653
533,569
533,654
534,570
534,655
535,571
535,656
536,572
536,657
537,573
537,658
538,574
538,659
539,575
539,660
540,576
540,661
541,577
541,662
542,578
542,663
543,579
543,664
544,580
544,665
545,581
545,666
546,582
546,667
547,583
547,668
548,584
548,669
549,585
549,670
550,586
550,671
551,587
551,672
552,588
552,673
553,589
553,674
554,590
554,675
555,591
555,676
556,592
556,677
557,593
557,678
558,594
558,679
559,595
559,640
560,636
560,681
561,637
561,682
562,638
562,683
563,639
563,684
564,600
564,685
565,601
565,686
566,602
566,687
567,603
567,688
568,604
568,689
569,605
569,690
570,606
570,691
571,607
571,692
572,608
572,693
573,609
573,694
574,610
574,695
575,611
575,696
576,612
576,697
577,613
577,698
578,614
578,699
579,615
579,700
580,616
580,701
581,617
581,702
582,618
582,703
583,619
583,704
584,620
584,705
585,621
585,706
586,622
586,707
587,623
587,708
588,624
588,709
589,625
589,710
590,626
590,711
591,627
591,712
592,628
592,713
593,629
593,714
594,630
594,715
595,631
595,716
596,632
596,717
597,633
597,718
598,634
598,719
599,635
599,680
600,676
600,721
601,677
601,722
602,678
602,723
603,679
603,724
604,640
604,725
605,641
605,726
606,642
606,727
607,643
607,728
608,644
608,729
609,645
609,730
610,646
610,731
611,647
611,732
612,648
612,733
613,649
613,734
614,650
614,735
615,651
615,736
616,652
616,737
617,653
617,738
618,654
618,739
619,655
619,740
620,656
620,741
621,657
621,742
622,658
622,743
623,659
623,744
624,660
624,745
625,661
625,746
626,662
626,747
627,663
627,748
628,664
628,749
629,665
629,750
630,666
630,751
631,667
631,752
632,668
632,753
633,669
633,754
634,670
634,755
635,671
635,756
636,672
636,757
637,673
637,758
638,674
638,759
639,675
639,720
640,716
640,761
641,717
641,762
642,718
642,763
643,719
643,764
644,680
644,765
645,681
645,766
646,682
646,767
647,683
647,768
648,684
648,769
649,685
649,770
650,686
650,771
651,687
651,772
652,688
652,773
653,689
653,774
654,690
654,775
655,691
655,776
656,692
656,777
657,693
657,778
658,694
658,779
659,695
659,780
660,696
660,781
661,697
661,782
662,698
662,783
663,699
663,784
664,700
664,785
665,701
665,786
666,702
666,787
667,703
667,788
668,704
668,789
669,705
669,790
670,706
670,791
671,707
671,792
672,708
672,793
673,709
673,794
674,710
674,795
675,711
675,796
676,712
676,797
677,713
677,798
678,714
678,799
679,715
679,760
680,756
680,801
681,757
681,802
682,758
682,803
683,759
683,804
684,720
684,805
685,721
685,806
686,722
686,807
687,723
687,808
688,724
688,809
689,725
689,810
690,726
690,811
691,727
691,812
692,728
692,813
693,729
693,814
694,730
694,815
695,731
695,816
696,732
696,817
697,733
697,818
698,734
698,819
699,735
699,820
700,736
700,821
701,737
701,822
702,738
702,823
703,739
703,824
704,740
704,825
705,741
705,826
706,742
706,827
707,743
707,828
708,744
708,829
709,745
709,830
710,746
710,831
711,747
711,832
712,748
712,833
713,749
713,834
714,750
714,835
715,751
715,836
716,752
716,837
717,753
717,838
718,754
718,839
719,755
719,800
720,796
720,841
721,797
721,842
722,798
722,843
723,799
723,844
724,760
724,845
725,761
725,846
726,762
726,847
727,763
727,848
728,764
728,849
729,765
729,850
730,766
730,851
731,767
731,852
732,768
732,853
733,769
733,854
734,770
734,855
735,771
735,856
736,772
736,857
737,773
737,858
738,774
738,859
739,775
739,860
740,776
740,861
741,777
741,862
742,778
742,863
743,779
743,864
744,780
744,865
745,781
745,866
746,782
746,867
747,783
747,868
748,784
748,869
749,785
749,870
750,786
750,871
751,787
751,872
752,788
752,873
753,789
753,874
754,790
754,875
755,791
755,876
756,792
756,877
757,793
757,878
758,794
758,879
759,795
759,840
760,836
760,881
761,837
761,882
762,838
762,883
763,839
763,884
764,800
764,885
765,801
765,886
766,802
766,887
767,803
767,888
768,804
768,889
769,805
769,890
770,806
770,891
771,807
771,892
772,808
772,893
773,809
773,894
774,810
774,895
775,811
775,896
776,812
776,897
777,813
777,898
778,814
778,899
779,815
779,900
780,816
780,901
781,817
781,902
782,818
782,903
783,819
783,904
784,820
784,905
785,821
785,906
786,822
786,907
787,823
787,908
788,824
788,909
789,825
789,910
790,826
790,911
791,827
791,912
792,828
792,913
793,829
793,914
794,830
794,915
795,831
795,916
796,832
796,917
797,833
797,918
798,834
798,919
799,835
799,880
800,876
800,921
801,877
801,922
802,878
802,923
803,879
803,924
804,840
804,925
805,841
805,926
806,842
806,927
807,843
807,928
808,844
808,929
809,845
809,930
810,846
810,931
811,847
811,932
812,848
812,933
813,849
813,934
814,850
814,935
815,851
815,936
816,852
816,937
817,853
817,938
818,854
818,939
819,855
819,940
820,856
820,941
821,857
821,942
822,858
822,943
823,859
823,944
824,860
824,945
825,861
825,946
826,862
826,947
827,863
827,948
828,864
828,949
829,865
829,950
830,866
830,951
831,867
831,952
832,868
832,953
833,869
833,954
834,870
834,955
835,871
835,956
836,872
836,957
837,873
837,958
838,874
838,959
839,875
839,920
840,916
840,961
841,917
841,962
842,918
842,963
843,919
843,964
844,880
844,965
845,881
845,966
846,882
846,967
847,883
847,968
848,884
848,969
849,885
849,970
850,886
850,971
851,887
851,972
852,888
852,973
853,889
853,974
854,890
854,975
855,891
855,976
856,892
856,977
857,893
857,978
858,894
858,979
859,895
859,980
860,896
860,981
861,897
861,982
862,898
862,983
863,899
863,984
864,900
864,985
865,901
865,986
866,902
866,987
867,903
867,988
868,904
868,989
869,905
869,990
870,906
870,991
871,907
871,992
872,908
872,993
873,909
873,994
874,910
874,995
875,911
875,996
876,912
876,997
877,913
877,998
878,914
878,999
879,915
879,960
880,956
880,1001
881,957
881,1002
882,958
882,1003
883,959
883,1004
884,920
884,1005
885,921
885,1006
886,922
886,1007
887,923
887,1008
888,924
888,1009
889,925
889,1010
890,926
890,1011
891,927
891,1012
892,928
892,1013
893,929
893,1014
894,930
894,1015
895,931
895,1016
896,932
896,1017
897,933
897,1018
898,934
898,1019
899,935
899,1020
900,936
900,1021
901,937
901,1022
902,938
902,1023
903,939
903,1024
904,940
904,1025
905,941
905,1026
906,942
906,1027
907,943
907,1028
908,944
908,1029
909,945
909,1030
910,946
910,1031
911,947
911,1032
912,948
912,1033
913,949
913,1034
914,950
914,1035
915,951
915,1036
916,952
916,1037
917,953
917,1038
918,954
918,1039
919,955
919,1000
920,996
920,1041
921,997
921,1042
922,998
922,1043
923,999
923,1044
924,960
924,1045
925,961
925,1046
926,962
926,1047
927,963
927,1048
928,964
928,1049
929,965
929,1050
930,966
930,1051
931,967
931,1052
932,968
932,1053
933,969
933,1054
934,970
934,1055
935,971
935,1056
936,972
936,1057
937,973
937,1058
938,974
938,1059
939,975
939,1060
940,976
940,1061
941,977
941,1062
942,978
942,1063
943,979
943,1064
944,980
944,1065
945,981
945,1066
946,982
946,1067
947,983
947,1068
948,984
948,1069
949,985
949,1070
950,986
950,1071
951,987
951,1072
952,988
952,1073
953,989
953,1074
954,990
954,1075
955,991
955,1076
956,992
956,1077
957,993
957,1078
958,994
958,1079
959,995
959,1040
960,1036
960,1081
961,1037
961,1082
962,1038
962,1083
963,1039
963,1084
964,1000
964,1085
965,1001
965,1086
966,1002
966,1087
967,1003
967,1088
968,1004
968,1089
969,1005
969,1090
970,1006
970,1091
971,1007
971,1092
972,1008
972,1093
973,1009
973,1094
974,1010
974,1095
975,1011
975,1096
976,1012
976,1097
977,1013
977,1098
978,1014
978,1099
979,1015
979,1100
980,1016
980,1101
981,1017
981,1102
982,1018
982,1103
983,1019
983,1104
984,1020
984,1105
985,1021
985,1106
986,1022
986,1107
987,1023
987,1108
988,1024
988,1109
989,1025
989,1110
990,1026
990,1111
991,1027
991,1112
992,1028
992,1113
993,1029
993,1114
994,1030
994,1115
995,1031
995,1116
996,1032
996,1117
997,1033
997,1118
998,1034
998,1119
999,1035
999,1080
1000,1076
1000,1121
1001,1077
1001,1122
1002,1078
1002,1123
1003,1079
1003,1124
1004,1040
1004,1125
1005,1041
1005,1126
1006,1042
1006,1127
1007,1043
1007,1128
1008,1044
1008,1129
1009,1045
1009,1130
1010,1046
1010,1131
1011,1047
1011,1132
1012,1048
1012,1133
1013,1049
1013,1134
1014,1050
1014,1135
1015,1051
1015,1136
1016,1052
1016,1137
1017,1053
1017,1138
1018,1054
1018,1139
1019,1055
1019,1140
1020,1056
1020,1141
1021,1057
1021,1142
1022,1058
1022,1143
1023,1059
1023,1144
1024,1060
1024,1145
1025,1061
1025,1146
1026,1062
1026,1147
1027,1063
1027,1148
1028,1064
1028,1149
1029,1065
1029,1150
1030,1066
1030,1151
1031,1067
1031,1152
1032,1068
1032,1153
1033,1069
1033,1154
1034,1070
1034,1155
1035,1071
1035,1156
1036,1072
1036,1157
1037,1073
1037,1158
1038,1074
1038,1159
1039,1075
1039,1120
1040,1116
1040,1161
1041,1117
1041,1162
1042,1118
1042,1163
1043,1119
1043,1164
1044,1080
1044,1165
1045,1081
1045,1166
1046,1082
1046,1167
1047,1083
1047,1168
1048,1084
1048,1169
1049,1085
1049,1170
1050,1086
1050,1171
1051,1087
1051,1172
1052,1088
1052,1173
1053,1089
1053,1174
1054,1090
1054,1175
1055,1091
1055,1176
1056,1092
1056,1177
1057,1093
1057,1178
1058,1094
1058,1179
1059,1095
1059,1180
1060,1096
1060,1181
1061,1097
1061,1182
1062,1098
1062,1183
1063,1099
1063,1184
1064,1100
1064,1185
1065,1101
1065,1186
1066,1102
1066,1187
1067,1103
1067,1188
1068,1104
1068,1189
1069,1105
1069,1190
1070,1106
1070,1191
1071,1107
1071,1192
1072,1108
1072,1193
1073,1109
1073,1194
1074,1110
1074,1195
1075,1111
1075,1196
1076,1112
1076,1197
1077,1113
1077,1198
1078,1114
1078,1199
1079,1115
1079,1160
1080,1156
1080,1201
1081,1157
1081,1202
1082,1158
1082,1203
1083,1159
1083,1204
1084,1120
1084,1205
1085,1121
1085,1206
1086,1122
1086,1207
1087,1123
1087,1208
1088,1124
1088,1209
1089,1125
1089,1210
1090,1126
1090,1211
1091,1127
1091,1212
1092,1128
1092,1213
1093,1129
1093,1214
1094,1130
1094,1215
1095,1131
1095,1216
1096,1132
1096,1217
1097,1133
1097,1218
1098,1134
1098,1219
1099,1135
1099,1220
1100,1136
1100,1221
1101,1137
1101,1222
1102,1138
1102,1223
1103,1139
1103,1224
1104,1140
1104,1225
1105,1141
1105,1226
1106,1142
1106,1227
1107,1143
1107,1228
1108,1144
1108,1229
1109,1145
1109,1230
1110,1146
1110,1231
1111,1147
1111,1232
1112,1148
1112,1233
1113,1149
1113,1234
1114,1150
1114,1235
1115,1151
1115,1236
1116,1152
1116,1237
1117,1153
1117,1238
1118,1154
1118,1239
1119,1155
1119,1200
1120,1196
1120,1241
1121,1197
1121,1242
1122,1198
1122,1243
1123,1199
1123,1244
1124,1160
1124,1245
1125,1161
1125,1246
1126,1162
1126,1247
1127,1163
1127,1248
1128,1164
1128,1249
1129,1165
1129,1250
1130,1166
1130,1251
1131,1167
1131,1252
1132,1168
1132,1253
1133,1169
1133,1254
1134,1170
1134,1255
1135,1171
1135,1256
1136,1172
1136,1257
1137,1173
1137,1258
1138,1174
1138,1259
1139,1175
1139,1260
1140,1176
1140,1261
1141,1177
1141,1262
1142,1178
1142,1263
1143,1179
1143,1264
1144,1180
1144,1265
1145,1181
1145,1266
1146,1182
1146,1267
1147,1183
1147,1268
1148,1184
1148,1269
1149,1185
1149,1270
1150,1186
1150,1271
1151,1187
1151,1272
1152,1188
1152,1273
1153,1189
1153,1274
1154,1190
1154,1275
1155,1191
1155,1276
1156,1192
1156,1277
1157,1193
1157,1278
1158,1194
1158,1279
1159,1195
1159,1240
1160,1236
1160,1281
1161,1237
1161,1282
1162,1238
1162,1283
1163,1239
1163,1284
1164,1200
1164,1285
1165,1201
1165,1286
1166,1202
1166,1287
1167,1203
1167,1288
1168,1204
1168,1289
1169,1205
1169,1290
1170,1206
1170,1291
1171,1207
1171,1292
1172,1208
1172,1293
1173,1209
1173,1294
1174,1210
1174,1295
1175,1211
1175,1296
1176,1212
1176,1297
1177,1213
1177,1298
1178,1214
1178,1299
1179,1215
1179,1300
1180,1216
1180,1301
1181,1217
1181,1302
1182,1218
1182,1303
1183,1219
1183,1304
1184,1220
1184,1305
1185,1221
1185,1306
1186,1222
1186,1307
1187,1223
1187,1308
1188,1224
1188,1309
1189,1225
1189,1310
1190,1226
1190,1311
1191,1227
1191,1312
1192,1228
1192,1313
1193,1229
1193,1314
1194,1230
1194,1315
1195,1231
1195,1316
1196,1232
1196,1317
1197,1233
1197,1318
1198,1234
1198,1319
1199,1235
1199,1280
1200,1276
1200,1321
1201,1277
1201,1322
1202,1278
1202,1323
1203,1279
1203,1324
1204,1240
1204,1325
1205,1241
1205,1326
1206,1242
1206,1327
1207,1243
1207,1328
1208,1244
1208,1329
1209,1245
1209,1330
1210,1246
1210,1331
1211,1247
1211,1332
1212,1248
1212,1333
1213,1249
1213,1334
1214,1250
1214,1335
1215,1251
1215,1336
1216,1252
1216,1337
1217,1253
1217,1338
1218,1254
1218,1339
1219,1255
1219,1340
1220,1256
1220,1341
1221,1257
1221,1342
1222,1258
1222,1343
1223,1259
1223,1344
1224,1260
1224,1345
1225,1261
1225,1346
1226,1262
1226,1347
1227,1263
1227,1348
1228,1264
1228,1349
1229,1265
1229,1350
1230,1266
1230,1351
1231,1267
1231,1352
1232,1268
1232,1353
1233,1269
1233,1354
1234,1270
1234,1355
1235,1271
1235,1356
1236,1272
1236,1357
1237,1273
1237,1358
1238,1274
1238,1359
1239,1275
1239,1320
1240,1316
1240,1361
1241,1317
1241,1362
1242,1318
1242,1363
1243,1319
1243,1364
1244,1280
1244,1365
1245,1281
1245,1366
1246,1282
1246,1367
1247,1283
1247,1368
1248,1284
1248,1369
1249,1285
1249,1370
1250,1286
1250,1371
1251,1287
1251,1372
1252,1288
1252,1373
1253,1289
1253,1374
1254,1290
1254,1375
1255,1291
1255,1376
1256,1292
1256,1377
1257,1293
1257,1378
1258,1294
1258,1379
1259,1295
1259,1380
1260,1296
1260,1381
1261,1297
1261,1382
1262,1298
1262,1383
1263,1299
1263,1384
1264,1300
1264,1385
1265,1301
1265,1386
1266,1302
1266,1387
1267,1303
1267,1388
1268,1304
1268,1389
1269,1305
1269,1390
1270,1306
1270,1391
1271,1307
1271,1392
1272,1308
1272,1393
1273,1309
1273,1394
1274,1310
1274,1395
1275,1311
1275,1396
1276,1312
1276,1397
1277,1313
1277,1398
1278,1314
1278,1399
1279,1315
1279,1360
1280,1356
1280,1401
1281,1357
1281,1402
1282,1358
1282,1403
1283,1359
1283,1404
1284,1320
1284,1405
1285,1321
1285,1406
1286,1322
1286,1407
1287,1323
1287,1408
1288,1324
1288,1409
1289,1325
1289,1410
1290,1326
1290,1411
1291,1327
1291,1412
1292,1328
1292,1413
1293,1329
1293,1414
1294,1330
1294,1415
1295,1331
1295,1416
1296,1332
1296,1417
1297,1333
1297,1418
1298,1334
1298,1419
1299,1335
1299,1420
1300,1336
1300,1421
1301,1337
1301,1422
1302,1338
1302,1423
1303,1339
1303,1424
1304,1340
1304,1425
1305,1341
1305,1426
1306,1342
1306,1427
1307,1343
1307,1428
1308,1344
1308,1429
1309,1345
1309,1430
1310,1346
1310,1431
1311,1347
1311,1432
1312,1348
1312,1433
1313,1349
1313,1434
1314,1350
1314,1435
1315,1351
1315,1436
1316,1352
1316,1437
1317,1353
1317,1438
1318,1354
1318,1439
1319,1355
1319,1400
1320,1396
1320,1441
1321,1397
1321,1442
1322,1398
1322,1443
1323,1399
1323,1444
1324,1360
1324,1445
1325,1361
1325,1446
1326,1362
1326,1447
1327,1363
1327,1448
1328,1364
1328,1449
1329,1365
1329,1450
1330,1366
1330,1451
1331,1367
1331,1452
1332,1368
1332,1453
1333,1369
1333,1454
1334,1370
1334,1455
1335,1371
1335,1456
1336,1372
1336,1457
1337,1373
1337,1458
1338,1374
1338,1459
1339,1375
1339,1460
1340,1376
1340,1461
1341,1377
1341,1462
1342,1378
1342,1463
1343,1379
1343,1464
1344,1380
1344,1465
1345,1381
1345,1466
1346,1382
1346,1467
1347,1383
1347,1468
1348,1384
1348,1469
1349,1385
1349,1470
1350,1386
1350,1471
1351,1387
1351,1472
1352,1388
1352,1473
1353,1389
1353,1474
1354,1390
1354,1475
1355,1391
1355,1476
1356,1392
1356,1477
1357,1393
1357,1478
1358,1394
1358,1479
1359,1395
1359,1440
1360,1436
1360,1481
1361,1437
1361,1482
1362,1438
1362,1483
1363,1439
1363,1484
1364,1400
1364,1485
1365,1401
1365,1486
1366,1402
1366,1487
1367,1403
1367,1488
1368,1404
1368,1489
1369,1405
1369,1490
1370,1406
1370,1491
1371,1407
1371,1492
1372,1408
1372,1493
1373,1409
1373,1494
1374,1410
1374,1495
1375,1411
1375,1496
1376,1412
1376,1497
1377,1413
1377,1498
1378,1414
1378,1499
1379,1415
1379,1500
1380,1416
1380,1501
1381,1417
1381,1502
1382,1418
1382,1503
1383,1419
1383,1504
1384,1420
1384,1505
1385,1421
1385,1506
1386,1422
1386,1507
1387,1423
1387,1508
1388,1424
1388,1509
1389,1425
1389,1510
1390,1426
1390,1511
1391,1427
1391,1512
1392,1428
1392,1513
1393,1429
1393,1514
1394,1430
1394,1515
1395,1431
1395,1516
1396,1432
1396,1517
1397,1433
1397,1518
1398,1434
1398,1519
1399,1435
1399,1480
1400,1476
1400,1521
1401,1477
1401,1522
1402,1478
1402,1523
1403,1479
1403,1524
1404,1440
1404,1525
1405,1441
1405,1526
1406,1442
1406,1527
1407,1443
1407,1528
1408,1444
1408,1529
1409,1445
1409,1530
1410,1446
1410,1531
1411,1447
1411,1532
1412,1448
1412,1533
1413,1449
1413,1534
1414,1450
1414,1535
1415,1451
1415,1536
1416,1452
1416,1537
1417,1453
1417,1538
1418,1454
1418,1539
1419,1455
1419,1540
1420,1456
1420,1541
1421,1457
1421,1542
1422,1458
1422,1543
1423,1459
1423,1544
1424,1460
1424,1545
1425,1461
1425,1546
1426,1462
1426,1547
1427,1463
1427,1548
1428,1464
1428,1549
1429,1465
1429,1550
1430,1466
1430,1551
1431,1467
1431,1552
1432,1468
1432,1553
1433,1469
1433,1554
1434,1470
1434,1555
1435,1471
1435,1556
1436,1472
1436,1557
1437,1473
1437,1558
1438,1474
1438,1559
1439,1475
1439,1520
1440,1516
1440,1561
1441,1517
1441,1562
1442,1518
1442,1563
1443,1519
1443,1564
1444,1480
1444,1565
1445,1481
1445,1566
1446,1482
1446,1567
1447,1483
1447,1568
1448,1484
1448,1569
1449,1485
1449,1570
1450,1486
1450,1571
1451,1487
1451,1572
1452,1488
1452,1573
1453,1489
1453,1574
1454,1490
1454,1575
1455,1491
1455,1576
1456,1492
1456,1577
1457,1493
1457,1578
1458,1494
1458,1579
1459,1495
1459,1580
1460,1496
1460,1581
1461,1497
1461,1582
1462,1498
1462,1583
1463,1499
1463,1584
1464,1500
1464,1585
1465,1501
1465,1586
1466,1502
1466,1587
1467,1503
1467,1588
1468,1504
1468,1589
1469,1505
1469,1590
1470,1506
1470,1591
1471,1507
1471,1592
1472,1508
1472,1593
1473,1509
1473,1594
1474,1510
1474,1595
1475,1511
1475,1596
1476,1512
1476,1597
1477,1513
1477,1598
1478,1514
1478,1599
1479,1515
1479,1560
1480,1556
1481,1557
1482,1558
1483,1559
1484,1520
1485,1521
1486,1522
1487,1523
1488,1524
1489,1525
1490,1526
1491,1527
1492,1528
1493,1529
1494,1530
1495,1531
1496,1532
1497,1533
1498,1534
1499,1535
1500,1536
1501,1537
1502,1538
1503,1539
1504,1540
1505,1541
1506,1542
1507,1543
1508,1544
1509,1545
1510,1546
1511,1547
1512,1548
1513,1549
1514,1550
1515,1551
1516,1552
1517,1553
1518,1554
1519,1555
1520,1596
1521,1597
1522,1598
1523,1599
1524,1560
1525,1561
1526,1562
1527,1563
1528,1564
1529,1565
1530,1566
1531,1567
1532,1568
1533,1569
1534,1570
1535,1571
1536,1572
1537,1573
1538,1574
1539,1575
1540,1576
1541,1577
1542,1578
1543,1579
1544,1580
1545,1581
1546,1582
1547,1583
1548,1584
1549,1585
1550,1586
1551,1587
1552,1588
1553,1589
1554,1590
1555,1591
1556,1592
1557,1593
1558,1594
1559,1595
