0,76
0,121
0,1519
0,1564
1,77
1,122
1,1480
1,1565
2,78
2,123
2,1481
2,1566
3,79
3,1482
3,7
3,1404
4,40
4,8
4,203
4,1405
5,41
5,9
5,204
5,1406
6,42
6,10
6,205
6,1407
7,11
7,206
7,1408
8,12
8,207
8,1409
9,13
9,208
9,1410
10,14
10,209
10,1411
11,15
11,210
11,1412
12,16
12,211
12,1413
13,1577
13,17
13,212
14,1578
14,213
14,1415
15,1579
15,214
15,1416
16,137
16,1580
16,215
17,138
17,1581
17,216
18,54
18,139
18,1497
18,1582
19,55
19,140
19,1498
19,1583
20,56
20,141
20,1499
20,1584
21,57
21,142
21,1500
21,1585
22,58
22,143
22,1501
22,1586
23,59
23,1502
23,27
23,1424
24,60
24,28
24,223
24,1425
25,61
25,29
25,224
25,1426
26,62
26,30
26,225
26,1427
27,31
27,226
27,1428
28,32
28,227
28,1429
29,33
29,228
29,1430
30,34
30,229
30,1431
31,35
31,230
31,1432
32,36
32,231
32,1433
33,1597
33,37
33,232
34,1598
34,233
34,1435
35,1599
35,234
35,1436
36,157
36,1560
36,235
37,158
37,1561
37,236
38,74
38,159
38,1517
38,1562
39,75
39,120
39,1518
39,1563
40,116
40,161
40,1559
41,117
41,162
41,1520
42,118
42,163
42,1521
43,119
43,1522
43,47
43,1444
44,80
44,48
44,243
44,1445
45,81
45,49
45,244
45,1446
46,82
46,50
46,245
46,1447
47,51
47,246
47,1448
48,52
48,247
48,1449
49,53
49,248
49,1450
50,54
50,249
50,1451
51,55
51,250
51,1452
52,56
52,251
53,252
53,1454
54,253
54,1455
55,254
55,1456
56,255
56,1457
57,93
57,178
57,1536
58,94
58,179
58,1537
59,95
59,180
59,1538
60,96
60,181
60,1539
61,97
61,182
61,1540
62,98
62,183
62,1541
63,99
63,1542
63,67
63,1464
64,100
64,68
64,263
64,1465
65,101
65,69
65,264
65,1466
66,102
66,70
66,265
66,1467
67,71
67,266
67,1468
68,72
68,267
68,1469
69,73
69,268
69,1470
70,74
70,269
70,1471
71,75
71,270
71,1472
72,76
72,271
73,272
73,1474
74,273
74,1475
75,274
75,1476
76,275
76,1477
77,113
77,198
77,1556
78,114
78,199
78,1557
79,115
79,160
79,1558
80,156
80,201
80,1599
81,157
81,202
81,1560
82,158
82,203
82,1561
83,159
83,1562
83,87
83,1484
84,120
84,88
84,283
84,1485
85,121
85,89
85,284
85,1486
86,122
86,90
86,285
86,1487
87,91
87,286
87,1488
88,92
88,287
88,1489
89,93
89,288
89,1490
90,94
90,289
90,1491
91,95
91,290
91,1492
92,96
92,291
92,1493
93,97
93,292
94,293
94,1495
95,294
95,1496
96,217
96,295
97,218
97,296
98,134
98,219
98,1577
99,135
99,220
99,1578
100,136
100,221
100,1579
101,137
101,222
101,1580
102,138
102,223
102,1581
103,139
103,1582
103,107
103,1504
104,140
104,108
104,303
104,1505
105,141
105,109
105,304
105,1506
106,142
106,110
106,305
106,1507
107,111
107,306
107,1508
108,112
108,307
108,1509
109,113
109,308
109,1510
110,114
110,309
110,1511
111,115
111,310
111,1512
112,116
112,311
112,1513
113,117
113,312
114,313
114,1515
115,314
115,1516
116,237
116,315
117,238
117,316
118,154
118,239
118,1597
119,155
119,200
119,1598
120,196
120,241
121,197
121,242
122,198
122,243
123,199
123,127
123,1524
124,160
124,128
124,323
124,1525
125,161
125,129
125,324
125,1526
126,162
126,130
126,325
126,1527
127,131
127,326
127,1528
128,132
128,327
128,1529
129,133
129,328
129,1530
130,134
130,329
130,1531
131,135
131,330
131,1532
132,136
132,331
133,332
133,1534
134,333
134,1535
135,334
135,1536
136,335
136,1537
137,173
137,258
138,174
138,259
139,175
139,260
140,176
140,261
141,177
141,262
142,178
142,263
143,179
143,147
143,1544
144,180
144,148
144,343
144,1545
145,181
145,149
145,344
145,1546
146,182
146,150
146,345
146,1547
147,151
147,346
147,1548
148,152
148,347
148,1549
149,153
149,348
149,1550
150,154
150,349
150,1551
151,155
151,350
151,1552
152,156
152,351
153,352
153,1554
154,353
154,1555
155,354
155,1556
156,355
156,1557
157,193
157,278
158,194
158,279
159,195
159,240
160,236
160,281
161,237
161,282
162,238
162,283
163,239
163,167
163,1564
164,200
164,168
164,363
164,1565
165,201
165,169
165,364
165,1566
166,202
166,170
166,365
166,1567
167,171
167,366
167,1568
168,172
168,367
168,1569
169,173
169,368
169,1570
170,174
170,369
170,1571
171,175
171,370
171,1572
172,176
172,371
172,1573
173,177
173,372
174,373
174,1575
175,374
175,1576
176,297
176,375
177,298
177,376
178,214
178,299
179,215
179,300
180,216
180,301
181,217
181,302
182,218
182,303
183,219
183,187
183,1584
184,220
184,188
184,383
184,1585
185,221
185,189
185,384
185,1586
186,222
186,190
186,385
186,1587
187,191
187,386
187,1588
188,192
188,387
188,1589
189,193
189,388
189,1590
190,194
190,389
190,1591
191,195
191,390
191,1592
192,196
192,391
192,1593
193,197
193,392
194,393
194,1595
195,394
195,1596
196,317
196,395
197,318
197,396
198,234
198,319
199,235
199,280
200,276
200,321
201,277
201,322
202,278
202,323
203,279
203,207
204,240
204,208
204,403
205,241
205,209
205,404
206,242
206,210
206,405
207,211
207,406
208,212
208,407
209,213
209,408
210,214
210,409
211,215
211,410
212,216
212,411
213,412
214,413
215,414
216,415
217,253
217,338
218,254
218,339
219,255
219,340
220,256
220,341
221,257
221,342
222,258
222,343
223,259
223,227
224,260
224,228
224,423
225,261
225,229
225,424
226,262
226,230
226,425
227,231
227,426
228,232
228,427
229,233
229,428
230,234
230,429
231,235
231,430
232,236
232,431
233,432
234,433
235,434
236,435
237,273
237,358
238,274
238,359
239,275
239,320
240,316
240,361
241,317
241,362
242,318
242,363
243,319
243,247
244,280
244,248
244,443
245,281
245,249
245,444
246,282
246,250
246,445
247,251
247,446
248,252
248,447
249,253
249,448
250,254
250,449
251,255
251,450
252,256
252,451
253,257
254,453
255,454
256,377
256,455
257,378
257,456
258,294
258,379
259,295
259,380
260,296
260,381
261,297
261,382
262,298
262,383
263,299
263,267
264,300
264,268
264,463
265,301
265,269
265,464
266,302
266,270
266,465
267,271
267,466
268,272
268,467
269,273
269,468
270,274
270,469
271,275
271,470
272,276
272,471
273,277
274,473
275,474
276,397
276,475
277,398
277,476
278,314
278,399
279,315
279,360
280,356
280,401
281,357
281,402
282,358
282,403
283,359
283,287
284,320
284,288
284,483
285,321
285,289
285,484
286,322
286,290
286,485
287,291
287,486
288,292
288,487
289,293
289,488
290,294
290,489
291,295
291,490
292,296
292,491
293,492
294,493
295,494
296,495
297,333
297,418
298,334
298,419
299,335
299,420
300,336
300,421
301,337
301,422
302,338
302,423
303,339
303,307
304,340
304,308
304,503
305,341
305,309
305,504
306,342
306,310
306,505
307,311
307,506
308,312
308,507
309,313
309,508
310,314
310,509
311,315
311,510
312,316
312,511
313,512
314,513
315,514
316,515
317,353
317,438
318,354
318,439
319,355
319,400
320,396
320,441
321,397
321,442
322,398
322,443
323,399
323,327
324,360
324,328
324,523
325,361
325,329
325,524
326,362
326,330
326,525
327,331
327,526
328,332
328,527
329,333
329,528
330,334
330,529
331,335
331,530
332,336
332,531
333,337
334,533
335,534
336,457
336,535
337,458
337,536
338,374
338,459
339,375
339,460
340,376
340,461
341,377
341,462
342,378
342,463
343,379
343,347
344,380
344,348
344,543
345,381
345,349
345,544
346,382
346,350
346,545
347,351
347,546
348,352
348,547
349,353
349,548
350,354
350,549
351,355
351,550
352,356
352,551
353,357
354,553
355,554
356,477
356,555
357,478
357,556
358,394
358,479
359,395
359,440
360,436
360,481
361,437
361,482
362,438
362,483
363,439
363,367
364,400
364,368
364,563
365,401
365,369
365,564
366,402
366,370
366,565
367,371
367,566
368,372
368,567
369,373
369,568
370,374
370,569
371,375
371,570
372,376
372,571
373,572
374,573
375,574
376,575
377,413
377,498
378,414
378,499
379,415
379,500
380,416
380,501
381,417
381,502
382,418
382,503
383,419
383,387
384,420
384,388
384,583
385,421
385,389
385,584
386,422
386,390
386,585
387,391
387,586
388,392
388,587
389,393
389,588
390,394
390,589
391,395
391,590
392,396
392,591
393,592
394,593
395,594
396,595
397,433
397,518
398,434
398,519
399,435
399,480
400,476
400,521
401,477
401,522
402,478
402,523
403,479
403,407
404,440
404,408
404,603
405,441
405,409
405,604
406,442
406,410
406,605
407,411
407,606
408,412
408,607
409,413
409,608
410,414
410,609
411,415
411,610
412,416
412,611
413,417
414,613
415,614
416,537
416,615
417,538
417,616
418,454
418,539
419,455
419,540
420,456
420,541
421,457
421,542
422,458
422,543
423,459
423,427
424,460
424,428
424,623
425,461
425,429
425,624
426,462
426,430
426,625
427,431
427,626
428,432
428,627
429,433
429,628
430,434
430,629
431,435
431,630
432,436
432,631
433,437
434,633
435,634
436,557
436,635
437,558
437,636
438,474
438,559
439,475
439,520
440,516
440,561
441,517
441,562
442,518
442,563
443,519
443,447
444,480
444,448
444,643
445,481
445,449
445,644
446,482
446,450
446,645
447,451
447,646
448,452
448,647
449,453
449,648
450,454
450,649
451,455
451,650
452,456
452,651
453,652
454,653
455,654
456,655
457,493
457,578
458,494
458,579
459,495
459,580
460,496
460,581
461,497
461,582
462,498
462,583
463,499
463,467
464,500
464,468
464,663
465,501
465,469
465,664
466,502
466,470
466,665
467,471
467,666
468,472
468,667
469,473
469,668
470,474
470,669
471,475
471,670
472,476
472,671
473,672
474,673
475,674
476,675
477,513
477,598
478,514
478,599
479,515
479,560
480,556
480,601
481,557
481,602
482,558
482,603
483,559
483,487
484,520
484,488
484,683
485,521
485,489
485,684
486,522
486,490
486,685
487,491
487,686
488,492
488,687
489,493
489,688
490,494
490,689
491,495
491,690
492,496
492,691
493,497
494,693
495,694
496,617
496,695
497,618
497,696
498,534
498,619
499,535
499,620
500,536
500,621
501,537
501,622
502,538
502,623
503,539
503,507
504,540
504,508
504,703
505,541
505,509
505,704
506,542
506,510
506,705
507,511
507,706
508,512
508,707
509,513
509,708
510,514
510,709
511,515
511,710
512,516
512,711
513,517
514,713
515,714
516,637
516,715
517,638
517,716
518,554
518,639
519,555
519,600
520,596
520,641
521,597
521,642
522,598
522,643
523,599
523,527
524,560
524,528
524,723
525,561
525,529
525,724
526,562
526,530
526,725
527,531
527,726
528,532
528,727
529,533
529,728
530,534
530,729
531,535
531,730
532,536
532,731
533,732
534,733
535,734
536,735
537,573
537,658
538,574
538,659
539,575
539,660
540,576
540,661
541,577
541,662
542,578
542,663
543,579
543,547
544,580
544,548
544,743
545,581
545,549
545,744
546,582
546,550
546,745
547,551
547,746
548,552
548,747
549,553
549,748
550,554
550,749
551,555
551,750
552,556
552,751
553,752
554,753
555,754
556,755
557,593
557,678
558,594
558,679
559,595
559,640
560,636
560,681
561,637
561,682
562,638
562,683
563,639
563,567
564,600
564,568
564,763
565,601
565,569
565,764
566,602
566,570
566,765
567,571
567,766
568,572
568,767
569,573
569,768
570,574
570,769
571,575
571,770
572,576
572,771
573,577
574,773
575,774
576,697
576,775
577,698
577,776
578,614
578,699
579,615
579,700
580,616
580,701
581,617
581,702
582,618
582,703
583,619
583,587
584,620
584,588
584,783
585,621
585,589
585,784
586,622
586,590
586,785
587,591
587,786
588,592
588,787
589,593
589,788
590,594
590,789
591,595
591,790
592,596
592,791
593,597
594,793
595,794
596,717
596,795
597,718
597,796
598,634
598,719
599,635
599,680
600,676
600,721
601,677
601,722
602,678
602,723
603,679
603,607
604,640
604,608
604,803
605,641
605,609
605,804
606,642
606,610
606,805
607,611
607,806
608,612
608,807
609,613
609,808
610,614
610,809
611,615
611,810
612,616
612,811
613,812
614,813
615,814
616,815
617,653
617,738
618,654
618,739
619,655
619,740
620,656
620,741
621,657
621,742
622,658
622,743
623,659
623,627
624,660
624,628
624,823
625,661
625,629
625,824
626,662
626,630
626,825
627,631
627,826
628,632
628,827
629,633
629,828
630,634
630,829
631,635
631,830
632,636
632,831
633,832
634,833
635,834
636,835
637,673
637,758
638,674
638,759
639,675
639,720
640,716
640,761
641,717
641,762
642,718
642,763
643,719
643,647
644,680
644,648
644,843
645,681
645,649
645,844
646,682
646,650
646,845
647,651
647,846
648,652
648,847
649,653
649,848
650,654
650,849
651,655
651,850
652,656
652,851
653,657
654,853
655,854
656,777
656,855
657,778
657,856
658,694
658,779
659,695
659,780
660,696
660,781
661,697
661,782
662,698
662,783
663,699
663,667
664,700
664,668
664,863
665,701
665,669
665,864
666,702
666,670
666,865
667,671
667,866
668,672
668,867
669,673
669,868
670,674
670,869
671,675
671,870
672,676
672,871
673,677
674,873
675,874
676,797
676,875
677,798
677,876
678,714
678,799
679,715
679,760
680,756
680,801
681,757
681,802
682,758
682,803
683,759
683,687
684,720
684,688
684,883
685,721
685,689
685,884
686,722
686,690
686,885
687,691
687,886
688,692
688,887
689,693
689,888
690,694
690,889
691,695
691,890
692,696
692,891
693,892
694,893
695,894
696,895
697,733
697,818
698,734
698,819
699,735
699,820
700,736
700,821
701,737
701,822
702,738
702,823
703,739
703,707
704,740
704,708
704,903
705,741
705,709
705,904
706,742
706,710
706,905
707,711
707,906
708,712
708,907
709,713
709,908
710,714
710,909
711,715
711,910
712,716
712,911
713,912
714,913
715,914
716,915
717,753
717,838
718,754
718,839
719,755
719,800
720,796
720,841
721,797
721,842
722,798
722,843
723,799
723,727
724,760
724,728
724,923
725,761
725,729
725,924
726,762
726,730
726,925
727,731
727,926
728,732
728,927
729,733
729,928
730,734
730,929
731,735
731,930
732,736
732,931
733,737
734,933
735,934
736,857
736,935
737,858
737,936
738,774
738,859
739,775
739,860
740,776
740,861
741,777
741,862
742,778
742,863
743,779
743,747
744,780
744,748
744,943
745,781
745,749
745,944
746,782
746,750
746,945
747,751
747,946
748,752
748,947
749,753
749,948
750,754
750,949
751,755
751,950
752,756
752,951
753,757
754,953
755,954
756,877
756,955
757,878
757,956
758,794
758,879
759,795
759,840
760,836
760,881
761,837
761,882
762,838
762,883
763,839
763,767
764,800
764,768
764,963
765,801
765,769
765,964
766,802
766,770
766,965
767,771
767,966
768,772
768,967
769,773
769,968
770,774
770,969
771,775
771,970
772,776
772,971
773,972
774,973
775,974
776,975
777,813
777,898
778,814
778,899
779,815
779,900
780,816
780,901
781,817
781,902
782,818
782,903
783,819
783,787
784,820
784,788
784,983
785,821
785,789
785,984
786,822
786,790
786,985
787,791
787,986
788,792
788,987
789,793
789,988
790,794
790,989
791,795
791,990
792,796
792,991
793,992
794,993
795,994
796,995
797,833
797,918
798,834
798,919
799,835
799,880
800,876
800,921
801,877
801,922
802,878
802,923
803,879
803,807
804,840
804,808
804,1003
805,841
805,809
805,1004
806,842
806,810
806,1005
807,811
807,1006
808,812
808,1007
809,813
809,1008
810,814
810,1009
811,815
811,1010
812,816
812,1011
813,817
814,1013
815,1014
816,937
816,1015
817,938
817,1016
818,854
818,939
819,855
819,940
820,856
820,941
821,857
821,942
822,858
822,943
823,859
823,827
824,860
824,828
824,1023
825,861
825,829
825,1024
826,862
826,830
826,1025
827,831
827,1026
828,832
828,1027
829,833
829,1028
830,834
830,1029
831,835
831,1030
832,836
832,1031
833,837
834,1033
835,1034
836,957
836,1035
837,958
837,1036
838,874
838,959
839,875
839,920
840,916
840,961
841,917
841,962
842,918
842,963
843,919
843,847
844,880
844,848
844,1043
845,881
845,849
845,1044
846,882
846,850
846,1045
847,851
847,1046
848,852
848,1047
849,853
849,1048
850,854
850,1049
851,855
851,1050
852,856
852,1051
853,1052
854,1053
855,1054
856,1055
857,893
857,978
858,894
858,979
859,895
859,980
860,896
860,981
861,897
861,982
862,898
862,983
863,899
863,867
864,900
864,868
864,1063
865,901
865,869
865,1064
866,902
866,870
866,1065
867,871
867,1066
868,872
868,1067
869,873
869,1068
870,874
870,1069
871,875
871,1070
872,876
872,1071
873,1072
874,1073
875,1074
876,1075
877,913
877,998
878,914
878,999
879,915
879,960
880,956
880,1001
881,957
881,1002
882,958
882,1003
883,959
883,887
884,920
884,888
884,1083
885,921
885,889
885,1084
886,922
886,890
886,1085
887,891
887,1086
888,892
888,1087
889,893
889,1088
890,894
890,1089
891,895
891,1090
892,896
892,1091
893,897
894,1093
895,1094
896,1017
896,1095
897,1018
897,1096
898,934
898,1019
899,935
899,1020
900,936
900,1021
901,937
901,1022
902,938
902,1023
903,939
903,907
904,940
904,908
904,1103
905,941
905,909
905,1104
906,942
906,910
906,1105
907,911
907,1106
908,912
908,1107
909,913
909,1108
910,914
910,1109
911,915
911,1110
912,916
912,1111
913,917
914,1113
915,1114
916,1037
916,1115
917,1038
917,1116
918,954
918,1039
919,955
919,1000
920,996
920,1041
921,997
921,1042
922,998
922,1043
923,999
923,927
924,960
924,928
924,1123
925,961
925,929
925,1124
926,962
926,930
926,1125
927,931
927,1126
928,932
928,1127
929,933
929,1128
930,934
930,1129
931,935
931,1130
932,936
932,1131
933,1132
934,1133
935,1134
936,1135
937,973
937,1058
938,974
938,1059
939,975
939,1060
940,976
940,1061
941,977
941,1062
942,978
942,1063
943,979
943,947
944,980
944,948
944,1143
945,981
945,949
945,1144
946,982
946,950
946,1145
947,951
947,1146
948,952
948,1147
949,953
949,1148
950,954
950,1149
951,955
951,1150
952,956
952,1151
953,1152
954,1153
955,1154
956,1155
957,993
957,1078
958,994
958,1079
959,995
959,1040
960,1036
960,1081
961,1037
961,1082
962,1038
962,1083
963,1039
963,967
964,1000
964,968
964,1163
965,1001
965,969
965,1164
966,1002
966,970
966,1165
967,971
967,1166
968,972
968,1167
969,973
969,1168
970,974
970,1169
971,975
971,1170
972,976
972,1171
973,977
974,1173
975,1174
976,1097
976,1175
977,1098
977,1176
978,1014
978,1099
979,1015
979,1100
980,1016
980,1101
981,1017
981,1102
982,1018
982,1103
983,1019
983,987
984,1020
984,988
984,1183
985,1021
985,989
985,1184
986,1022
986,990
986,1185
987,991
987,1186
988,992
988,1187
989,993
989,1188
990,994
990,1189
991,995
991,1190
992,996
992,1191
993,997
994,1193
995,1194
996,1117
996,1195
997,1118
997,1196
998,1034
998,1119
999,1035
999,1080
1000,1076
1000,1121
1001,1077
1001,1122
1002,1078
1002,1123
1003,1079
1003,1007
1004,1040
1004,1008
1004,1203
1005,1041
1005,1009
1005,1204
1006,1042
1006,1010
1006,1205
1007,1011
1007,1206
1008,1012
1008,1207
1009,1013
1009,1208
1010,1014
1010,1209
1011,1015
1011,1210
1012,1016
1012,1211
1013,1212
1014,1213
1015,1214
1016,1215
1017,1053
1017,1138
1018,1054
1018,1139
1019,1055
1019,1140
1020,1056
1020,1141
1021,1057
1021,1142
1022,1058
1022,1143
1023,1059
1023,1027
1024,1060
1024,1028
1024,1223
1025,1061
1025,1029
1025,1224
1026,1062
1026,1030
1026,1225
1027,1031
1027,1226
1028,1032
1028,1227
1029,1033
1029,1228
1030,1034
1030,1229
1031,1035
1031,1230
1032,1036
1032,1231
1033,1232
1034,1233
1035,1234
1036,1235
1037,1073
1037,1158
1038,1074
1038,1159
1039,1075
1039,1120
1040,1116
1040,1161
1041,1117
1041,1162
1042,1118
1042,1163
1043,1119
1043,1047
1044,1080
1044,1048
1044,1243
1045,1081
1045,1049
1045,1244
1046,1082
1046,1050
1046,1245
1047,1051
1047,1246
1048,1052
1048,1247
1049,1053
1049,1248
1050,1054
1050,1249
1051,1055
1051,1250
1052,1056
1052,1251
1053,1057
1054,1253
1055,1254
1056,1177
1056,1255
1057,1178
1057,1256
1058,1094
1058,1179
1059,1095
1059,1180
1060,1096
1060,1181
1061,1097
1061,1182
1062,1098
1062,1183
1063,1099
1063,1067
1064,1100
1064,1068
1064,1263
1065,1101
1065,1069
1065,1264
1066,1102
1066,1070
1066,1265
1067,1071
1067,1266
1068,1072
1068,1267
1069,1073
1069,1268
1070,1074
1070,1269
1071,1075
1071,1270
1072,1076
1072,1271
1073,1077
1074,1273
1075,1274
1076,1197
1076,1275
1077,1198
1077,1276
1078,1114
1078,1199
1079,1115
1079,1160
1080,1156
1080,1201
1081,1157
1081,1202
1082,1158
1082,1203
1083,1159
1083,1087
1084,1120
1084,1088
1084,1283
1085,1121
1085,1089
1085,1284
1086,1122
1086,1090
1086,1285
1087,1091
1087,1286
1088,1092
1088,1287
1089,1093
1089,1288
1090,1094
1090,1289
1091,1095
1091,1290
1092,1096
1092,1291
1093,1292
1094,1293
1095,1294
1096,1295
1097,1133
1097,1218
1098,1134
1098,1219
1099,1135
1099,1220
1100,1136
1100,1221
1101,1137
1101,1222
1102,1138
1102,1223
1103,1139
1103,1107
1104,1140
1104,1108
1104,1303
1105,1141
1105,1109
1105,1304
1106,1142
1106,1110
1106,1305
1107,1111
1107,1306
1108,1112
1108,1307
1109,1113
1109,1308
1110,1114
1110,1309
1111,1115
1111,1310
1112,1116
1112,1311
1113,1312
1114,1313
1115,1314
1116,1315
1117,1153
1117,1238
1118,1154
1118,1239
1119,1155
1119,1200
1120,1196
1120,1241
1121,1197
1121,1242
1122,1198
1122,1243
1123,1199
1123,1127
1124,1160
1124,1128
1124,1323
1125,1161
1125,1129
1125,1324
1126,1162
1126,1130
1126,1325
1127,1131
1127,1326
1128,1132
1128,1327
1129,1133
1129,1328
1130,1134
1130,1329
1131,1135
1131,1330
1132,1136
1132,1331
1133,1137
1134,1333
1135,1334
1136,1257
1136,1335
1137,1258
1137,1336
1138,1174
1138,1259
1139,1175
1139,1260
1140,1176
1140,1261
1141,1177
1141,1262
1142,1178
1142,1263
1143,1179
1143,1147
1144,1180
1144,1148
1144,1343
1145,1181
1145,1149
1145,1344
1146,1182
1146,1150
1146,1345
1147,1151
1147,1346
1148,1152
1148,1347
1149,1153
1149,1348
1150,1154
1150,1349
1151,1155
1151,1350
1152,1156
1152,1351
1153,1157
1154,1353
1155,1354
1156,1277
1156,1355
1157,1278
1157,1356
1158,1194
1158,1279
1159,1195
1159,1240
1160,1236
1160,1281
1161,1237
1161,1282
1162,1238
1162,1283
1163,1239
1163,1167
1164,1200
1164,1168
1164,1363
1165,1201
1165,1169
1165,1364
1166,1202
1166,1170
1166,1365
1167,1171
1167,1366
1168,1172
1168,1367
1169,1173
1169,1368
1170,1174
1170,1369
1171,1175
1171,1370
1172,1176
1172,1371
1173,1372
1174,1373
1175,1374
1176,1375
1177,1213
1177,1298
1178,1214
1178,1299
1179,1215
1179,1300
1180,1216
1180,1301
1181,1217
1181,1302
1182,1218
1182,1303
1183,1219
1183,1187
1184,1220
1184,1188
1184,1383
1185,1221
1185,1189
1185,1384
1186,1222
1186,1190
1186,1385
1187,1191
1187,1386
1188,1192
1188,1387
1189,1193
1189,1388
1190,1194
1190,1389
1191,1195
1191,1390
1192,1196
1192,1391
1193,1392
1194,1393
1195,1394
1196,1395
1197,1233
1197,1318
1198,1234
1198,1319
1199,1235
1199,1280
1200,1276
1200,1321
1201,1277
1201,1322
1202,1278
1202,1323
1203,1279
1203,1207
1204,1240
1204,1208
1204,1403
1205,1241
1205,1209
1205,1404
1206,1242
1206,1210
1206,1405
1207,1211
1207,1406
1208,1212
1208,1407
1209,1213
1209,1408
1210,1214
1210,1409
1211,1215
1211,1410
1212,1216
1212,1411
1213,1217
1214,1413
1215,1414
1216,1337
1216,1415
1217,1338
1217,1416
1218,1254
1218,1339
1219,1255
1219,1340
1220,1256
1220,1341
1221,1257
1221,1342
1222,1258
1222,1343
1223,1259
1223,1227
1224,1260
1224,1228
1224,1423
1225,1261
1225,1229
1225,1424
1226,1262
1226,1230
1226,1425
1227,1231
1227,1426
1228,1232
1228,1427
1229,1233
1229,1428
1230,1234
1230,1429
1231,1235
1231,1430
1232,1236
1232,1431
1233,1237
1234,1433
1235,1434
1236,1357
1236,1435
1237,1358
1237,1436
1238,1274
1238,1359
1239,1275
1239,1320
1240,1316
1240,1361
1241,1317
1241,1362
1242,1318
1242,1363
1243,1319
1243,1247
1244,1280
1244,1248
1244,1443
1245,1281
1245,1249
1245,1444
1246,1282
1246,1250
1246,1445
1247,1251
1247,1446
1248,1252
1248,1447
1249,1253
1249,1448
1250,1254
1250,1449
1251,1255
1251,1450
1252,1256
1252,1451
1253,1452
1254,1453
1255,1454
1256,1455
1257,1293
1257,1378
1258,1294
1258,1379
1259,1295
1259,1380
1260,1296
1260,1381
1261,1297
1261,1382
1262,1298
1262,1383
1263,1299
1263,1267
1264,1300
1264,1268
1264,1463
1265,1301
1265,1269
1265,1464
1266,1302
1266,1270
1266,1465
1267,1271
1267,1466
1268,1272
1268,1467
1269,1273
1269,1468
1270,1274
1270,1469
1271,1275
1271,1470
1272,1276
1272,1471
1273,1472
1274,1473
1275,1474
1276,1475
1277,1313
1277,1398
1278,1314
1278,1399
1279,1315
1279,1360
1280,1356
1280,1401
1281,1357
1281,1402
1282,1358
1282,1403
1283,1359
1283,1287
1284,1320
1284,1288
1284,1483
1285,1321
1285,1289
1285,1484
1286,1322
1286,1290
1286,1485
1287,1291
1287,1486
1288,1292
1288,1487
1289,1293
1289,1488
1290,1294
1290,1489
1291,1295
1291,1490
1292,1296
1292,1491
1293,1297
1294,1493
1295,1494
1296,1417
1296,1495
1297,1418
1297,1496
1298,1334
1298,1419
1299,1335
1299,1420
1300,1336
1300,1421
1301,1337
1301,1422
1302,1338
1302,1423
1303,1339
1303,1307
1304,1340
1304,1308
1304,1503
1305,1341
1305,1309
1305,1504
1306,1342
1306,1310
1306,1505
1307,1311
1307,1506
1308,1312
1308,1507
1309,1313
1309,1508
1310,1314
1310,1509
1311,1315
1311,1510
1312,1316
1312,1511
1313,1317
1314,1513
1315,1514
1316,1437
1316,1515
1317,1438
1317,1516
1318,1354
1318,1439
1319,1355
1319,1400
1320,1396
1320,1441
1321,1397
1321,1442
1322,1398
1322,1443
1323,1399
1323,1327
1324,1360
1324,1328
1324,1523
1325,1361
1325,1329
1325,1524
1326,1362
1326,1330
1326,1525
1327,1331
1327,1526
1328,1332
1328,1527
1329,1333
1329,1528
1330,1334
1330,1529
1331,1335
1331,1530
1332,1336
1332,1531
1333,1532
1334,1533
1335,1534
1336,1535
1337,1373
1337,1458
1338,1374
1338,1459
1339,1375
1339,1460
1340,1376
1340,1461
1341,1377
1341,1462
1342,1378
1342,1463
1343,1379
1343,1347
1344,1380
1344,1348
1344,1543
1345,1381
1345,1349
1345,1544
1346,1382
1346,1350
1346,1545
1347,1351
1347,1546
1348,1352
1348,1547
1349,1353
1349,1548
1350,1354
1350,1549
1351,1355
1351,1550
1352,1356
1352,1551
1353,1552
1354,1553
1355,1554
1356,1555
1357,1393
1357,1478
1358,1394
1358,1479
1359,1395
1359,1440
1360,1436
1360,1481
1361,1437
1361,1482
1362,1438
1362,1483
1363,1439
1363,1367
1364,1400
1364,1368
1364,1563
1365,1401
1365,1369
1365,1564
1366,1402
1366,1370
1366,1565
1367,1371
1367,1566
1368,1372
1368,1567
1369,1373
1369,1568
1370,1374
1370,1569
1371,1375
1371,1570
1372,1376
1372,1571
1373,1377
1374,1573
1375,1574
1376,1497
1376,1575
1377,1498
1377,1576
1378,1414
1378,1499
1379,1415
1379,1500
1380,1416
1380,1501
1381,1417
1381,1502
1382,1418
1382,1503
1383,1419
1383,1387
1384,1420
1384,1388
1384,1583
1385,1421
1385,1389
1385,1584
1386,1422
1386,1390
1386,1585
1387,1391
1387,1586
1388,1392
1388,1587
1389,1393
1389,1588
1390,1394
1390,1589
1391,1395
1391,1590
1392,1396
1392,1591
1393,1397
1394,1593
1395,1594
1396,1517
1396,1595
1397,1518
1397,1596
1398,1434
1398,1519
1399,1435
1399,1480
1400,1476
1400,1521
1401,1477
1401,1522
1402,1478
1402,1523
1403,1479
1403,1407
1404,1440
1404,1408
1405,1441
1405,1409
1406,1442
1406,1410
1407,1411
1408,1412
1409,1413
1410,1414
1411,1415
1412,1416
1417,1453
1417,1538
1418,1454
1418,1539
1419,1455
1419,1540
1420,1456
1420,1541
1421,1457
1421,1542
1422,1458
1422,1543
1423,1459
1423,1427
1424,1460
1424,1428
1425,1461
1425,1429
1426,1462
1426,1430
1427,1431
1428,1432
1429,1433
1430,1434
1431,1435
1432,1436
1437,1473
1437,1558
1438,1474
1438,1559
1439,1475
1439,1520
1440,1516
1440,1561
1441,1517
1441,1562
1442,1518
1442,1563
1443,1519
1443,1447
1444,1480
1444,1448
1445,1481
1445,1449
1446,1482
1446,1450
1447,1451
1448,1452
1449,1453
1450,1454
1451,1455
1452,1456
1453,1457
1456,1577
1457,1578
1458,1494
1458,1579
1459,1495
1459,1580
1460,1496
1460,1581
1461,1497
1461,1582
1462,1498
1462,1583
1463,1499
1463,1467
1464,1500
1464,1468
1465,1501
1465,1469
1466,1502
1466,1470
1467,1471
1468,1472
1469,1473
1470,1474
1471,1475
1472,1476
1473,1477
1476,1597
1477,1598
1478,1514
1478,1599
1479,1515
1479,1560
1480,1556
1481,1557
1482,1558
1483,1559
1483,1487
1484,1520
1484,1488
1485,1521
1485,1489
1486,1522
1486,1490
1487,1491
1488,1492
1489,1493
1490,1494
1491,1495
1492,1496
1497,1533
1498,1534
1499,1535
1500,1536
1501,1537
1502,1538
1503,1539
1503,1507
1504,1540
1504,1508
1505,1541
1505,1509
1506,1542
1506,1510
1507,1511
1508,1512
1509,1513
1510,1514
1511,1515
1512,1516
1517,1553
1518,1554
1519,1555
1520,1596
1521,1597
1522,1598
1523,1599
1523,1527
1524,1560
1524,1528
1525,1561
1525,1529
1526,1562
1526,1530
1527,1531
1528,1532
1529,1533
1530,1534
1531,1535
1532,1536
1533,1537
1538,1574
1539,1575
1540,1576
1541,1577
1542,1578
1543,1579
1543,1547
1544,1580
1544,1548
1545,1581
1545,1549
1546,1582
1546,1550
1547,1551
1548,1552
1549,1553
1550,1554
1551,1555
1552,1556
1553,1557
1558,1594
1559,1595
1563,1567
1564,1568
1565,1569
1566,1570
1567,1571
1568,1572
1569,1573
1570,1574
1571,1575
1572,1576
1583,1587
1584,1588
1585,1589
1586,1590
1587,1591
1588,1592
1589,1593
1590,1594
1591,1595
1592,1596
