0,1.4620978078720182,7.500060950195027,8.962158758067044
1,1.423987602539211,8.063923339263017,9.487910941802228
2,1.3500158560493096,8.920739893824619,10.270755749873928
3,1.3362162184924196,8.488229933944046,9.824446152436465
4,1.3696053691877477,7.336267772141109,8.705873141328857
5,1.4106332172768652,6.7750559449264705,8.185689162203335
6,1.4573332608661131,6.3434577830647285,7.800791043930841
7,1.4976191874879536,6.926904446370429,8.424523633858383
8,1.484821896665593,7.162355284751636,8.647177181417229
9,1.4025207907395605,7.945068202619995,9.347588993359555
10,1.3479942181418532,8.449412566683169,9.797406784825021
11,1.2903143902116734,8.688736426996782,9.979050817208455
12,1.3117224982826898,7.695003371460542,9.006725869743232
13,1.3425327282096289,7.2018743098428635,8.544407038052492
14,1.3819604236919563,6.723150158505201,8.105110582197158
15,1.4173902063428008,6.475967489024714,7.893357695367515
16,1.469685001012456,7.369816318200844,8.8395013192133
17,1.4456575715691151,7.665754752840588,9.111412324409702
18,1.347039033443928,8.232617686869792,9.57965672031372
19,1.3165279009523247,8.394095289101333,9.710623190053658
20,1.2942183688674784,7.9498348713344535,9.244053240201932
21,1.3356961346735254,7.45058088721264,8.786277021886166
22,1.342412400809933,6.9783275972725995,8.320739998082532
23,1.3708104623946915,6.758013945454638,8.12882440784933
24,1.4616054020772478,7.535016748323867,8.996622150401114
25,1.4353641081947641,7.81791699902685,9.253281107221614
26,1.3903689110258486,7.912666658054978,9.303035569080826
27,1.335339814628473,8.278624849443279,9.613964664071752
28,1.3092246116082549,8.126294774964284,9.435519386572539
29,1.3078919126378108,7.363878313484252,8.671770226122062
30,1.3313965037170157,7.220597984845033,8.551994488562048
31,1.3537926593934766,6.944976378550657,8.298769037944133
32,1.4400209544343006,7.736294970402303,9.176315924836604
33,1.3969776098381474,7.9320955459402995,9.329073155778447
34,1.3667788261524854,8.139488259069054,9.50626708522154
35,1.3236354264139158,8.12224262133182,9.445878047745735
36,1.3202044980295342,7.594798174365859,8.915002672395392
37,1.319383419686278,7.147562071034361,8.46694549072064
38,1.4080947499067111,7.970388970813387,9.378483720720098
39,1.3728708426201133,8.07197671825212,9.444847560872233
40,1.3421274686790023,8.179977660730858,9.52210512940986
41,1.329009069492935,7.677760011200121,9.006769080693056
42,1.340090269293067,8.226433087371387,9.566523356664455
43,1.5389052186866692,5.820391819714219,7.3592970384008884
44,1.4838604941605074,6.107310702052368,7.591171196212875
45,1.38216757967208,6.665453717682749,8.04762129735483
46,1.3364199445567086,6.721460582029587,8.057880526586295
47,1.3946078477700417,5.879430077516952,7.2740379252869936
48,1.4859583421775968,5.517834027674961,7.003792369852557
49,1.5206573048913063,5.317782298070461,6.838439602961767
50,1.5849595822341838,5.485145371162088,7.070104953396272
51,1.5631661716080192,5.5863427011688165,7.149508872776836
52,1.4715516786341682,5.957675266737726,7.429226945371894
53,1.4002044719837419,6.264631479197135,7.664835951180876
54,1.3205517736373051,6.5535097099521575,7.874061483589463
55,1.3376487195795161,5.9447030353087245,7.282351754888241
56,1.4011362684968032,5.600030352362484,7.001166620859287
57,1.4447073800947787,5.307687522654017,6.752394902748796
58,1.5024272586548635,5.250354088798232,6.752781347453095
59,1.55243411634661,5.553106563345411,7.105540679692021
60,1.5178675794355796,5.744326580500204,7.262194159935784
61,1.4021671245715146,6.016030221847984,7.418197346419499
62,1.372099323959008,6.065040034740828,7.437139358699836
63,1.3241463462130656,5.90257735359672,7.226723699809785
64,1.3626616490491514,5.594208043765259,6.9568696928144105
65,1.388080373303887,5.390763025642477,6.778843398946364
66,1.4404622240215006,5.257875553759883,6.698337777781383
67,1.548504410525774,5.6499263193957745,7.198430729921548
68,1.5106980692970593,5.772442090452243,7.283140159749302
69,1.452763326553732,5.835702499605984,7.288465826159715
70,1.3957194884061692,5.989202918028122,7.384922406434291
71,1.369477902751866,6.107103904117106,7.476581806868972
72,1.3457119174444472,5.633505954870389,6.979217872314837
73,1.3910687040449021,5.426405939732774,6.817474643777676
74,1.4135489335071747,5.2588166640574,6.672365597564575
75,1.5224669689522132,5.7129478086214665,7.23541477757368
76,1.4721010423764227,5.820797957357016,7.292898999733438
77,1.435499855075531,5.920202796809807,7.355702651885338
78,1.3770284881713735,5.8890044246261075,7.266032912797481
79,1.375429625208206,5.763772509775545,7.139202134983751
80,1.3658539866433492,5.403498621574387,6.769352608217737
81,1.476231336703408,5.784502209064528,7.260733545767936
82,1.4424345036521273,5.863655636316698,7.306090139968825
83,1.4018234251478165,5.87753435114138,7.279357776289197
84,1.3882015230596856,5.807481320973011,7.195682844032697
85,1.399457432682473,5.894215243507792,7.293672676190265
86,1.628680161487022,5.347469060999326,6.976149222486348
87,1.5074327689437792,5.543528788062791,7.050961557006571
88,1.4535227814987364,6.0565456669422195,7.510068448440956
89,1.3643312230262725,6.354020463320724,7.718351686346997
90,1.3994399464789338,5.436650580613365,6.836090527092298
91,1.558279226366206,5.238500907900626,6.796780134266832
92,1.6500575622516112,5.0717235426205045,6.721781104872115
93,1.7159316487103593,5.117942997944855,6.8338746466552145
94,1.7094346627288308,5.259054506777643,6.968489169506474
95,1.553091345454114,5.3919569389211,6.945048284375215
96,1.4294648571568531,5.5710692441905145,7.000534101347368
97,1.3817094371925174,6.416578117306872,7.79828755449939
98,1.3686247931951652,5.495772955031707,6.864397748226872
99,1.4400238313798217,5.133437412504742,6.573461243884564
100,1.5796450575043275,5.062945008166722,6.64259006567105
101,1.6184431267648347,4.893745585021855,6.51218871178669
102,1.6907430680211295,5.16291781254991,6.85366088057104
103,1.6485129386019057,5.29590631444177,6.944419253043676
104,1.4791138155005328,5.384414816937429,6.863528632437962
105,1.4263275569399456,5.502260447289306,6.928588004229251
106,1.3724028152391594,5.38972229451421,6.76212510975337
107,1.4146793458625173,5.088163494208682,6.5028428400711995
108,1.50346404595881,5.026988543965135,6.530452589923946
109,1.5293521159651853,4.837576594992883,6.366928710958068
110,1.6950995620182343,5.189668907864583,6.884768469882817
111,1.6550660969596271,5.268658448265535,6.923724545225163
112,1.528285625761781,5.258831404761839,6.7871170305236195
113,1.5013983911774171,5.404174801704624,6.905573192882041
114,1.4208633962165607,5.548656491430693,6.9695198876472535
115,1.4406615721126963,5.190704779459576,6.6313663515722725
116,1.507809566959057,5.008762012010489,6.516571578969547
117,1.5418305411710829,4.870236859668391,6.412067400839474
118,1.7038189269865143,5.283876019634032,6.987694946620547
119,1.587407521960367,5.235929867529861,6.823337389490228
120,1.5103649209993444,5.291165018526861,6.801529939526206
121,1.46920064328839,5.390872600498908,6.860073243787298
122,1.4448410041286783,5.203964957524703,6.648805961653381
123,1.4729591312344557,4.975737753446286,6.448696884680742
124,1.6016564209317723,5.203390289648066,6.8050467105798385
125,1.5437933028305117,5.246406197588039,6.7901995004185505
126,1.4989693814300034,5.285590464906344,6.784559846336347
127,1.5220288746392963,5.364238494013111,6.8862673686524065
128,1.4936803926009707,5.327444457445965,6.821124850046936
129,1.6215511978241213,5.101593314149142,6.723144511973263
130,1.533488167994096,5.349794115803352,6.883282283797448
131,1.4657641921448457,5.903180281459242,7.368944473604087
132,1.373859017892342,6.291119331647061,7.664978349539403
133,1.4112885380813667,5.322629078278262,6.733917616359629
134,1.545244427359998,5.0131570157633005,6.558401443123298
135,1.7361701994384524,5.032755236517109,6.768925435955561
136,1.8848012510340055,5.156940049853891,7.041741300887897
137,1.7743036804583139,5.108790005722045,6.883093686180359
138,1.5619026482429363,5.118498619299701,6.680401267542638
139,1.4754456899171302,5.339372490204993,6.814818180122123
140,1.366966535813968,6.3767389285677805,7.7437054643817484
141,1.3901558108721344,5.374800644610103,6.764956455482237
142,1.4619654370488568,4.901330499563918,6.363295936612775
143,1.6345527480519484,4.896743923144808,6.531296671196757
144,1.790118210406671,4.925286489813432,6.715404700220104
145,1.8347849566494816,5.121197341324063,6.955982297973544
146,1.695375415374939,5.023189802793932,6.718565218168871
147,1.5183936591350755,5.080197382377881,6.598591041512957
148,1.43288091392229,5.170716758097929,6.603597672020219
149,1.3563540952397675,5.319308139066975,6.675662234306743
150,1.432714884521728,4.910733934066749,6.3434488185884765
151,1.5427622667764553,4.801952730509084,6.344714997285539
152,1.6331650653824399,4.771185755050179,6.404350820432619
153,1.8401264532015011,5.098931199586197,6.939057652787698
154,1.700236032167239,4.998425651214529,6.698661683381768
155,1.599194731110226,5.005206633563628,6.604401364673853
156,1.5513004655739224,5.117424913636836,6.668725379210759
157,1.4378545673671463,5.293560202831417,6.731414770198564
158,1.4421717260115088,4.986201210619317,6.428372936630826
159,1.5469626368290097,4.783263873017909,6.330226509846919
160,1.6348846805068544,4.7633804820796355,6.39826516258649
161,1.7876504672213138,5.033108313994465,6.820758781215778
162,1.6603562272738768,4.980178092685271,6.640534319959148
163,1.5914538797871793,5.06973251531882,6.661186395105999
164,1.484347700762297,4.999733304865161,6.484081005627457
165,1.4453085879299774,4.979924243364113,6.425232831294091
166,1.4919214220686325,4.730395092436936,6.222316514505568
167,1.684844063226387,4.965064064800941,6.649908128027328
168,1.6069240994593212,4.967036714181515,6.573960813640836
169,1.5733505815690723,5.039493070947118,6.61284365251619
170,1.5508396092715726,5.084295740340372,6.635135349611945
171,1.5610142578302353,5.098849743951467,6.659864001781703
172,1.6179558723506502,6.016230924377981,7.634186796728631
173,1.4407837669324453,7.540007109874474,8.98079087680692
174,1.325429471025105,7.050190247985812,8.375619719010917
175,1.3411413020395662,5.797625812496527,7.138767114536093
176,1.4667540265316448,5.351299779329723,6.818053805861368
177,1.537517517112121,5.081310066625883,6.618827583738003
178,1.7080032344590304,5.261394403907559,6.96939763836659
179,1.6976617717902542,5.41754580726977,7.115207579060024
180,1.6486636656780718,5.839161366383463,7.487825032061535
181,1.4944430981146581,6.1635934381541215,7.65803653626878
182,1.371468547901769,6.819319360202166,8.190787908103935
183,1.340522520840563,5.8782726410617485,7.218795161902311
184,1.3888055885113695,5.334810863729452,6.723616452240821
185,1.4548843500275892,5.068508760224433,6.523393110252022
186,1.5268335811456821,4.880307389255817,6.4071409704015
187,1.721456519977734,5.428760671820508,7.150217191798243
188,1.7051393092677158,5.650870008558386,7.356009317826102
189,1.5043854909056393,6.204205434696914,7.708590925602554
190,1.3921940541288407,6.187026794475913,7.579220848604754
191,1.340428515115909,5.928183616328379,7.268612131444288
192,1.372476407678142,5.395096838936726,6.767573246614868
193,1.4218517644262014,5.145769149952263,6.567620914378464
194,1.460258091470605,4.95171247512129,6.411970566591895
195,1.7367850929236421,5.474886076857058,7.2116711697807006
196,1.6754101899955989,5.585323673288661,7.26073386328426
197,1.6046358863451913,5.768271544225037,7.372907430570228
198,1.4745650102710017,5.978102756530091,7.452667766801093
199,1.3933022084146358,6.034217855293071,7.427520063707707
200,1.3906282393260698,5.519853123039283,6.910481362365353
201,1.4328136969314405,5.1816214417839905,6.6144351387154305
202,1.4592164310879028,5.01392694551164,6.473143376599543
203,1.703071101502881,5.583669723651596,7.286740825154477
204,1.6192858048566088,5.65682278619753,7.276108591054139
205,1.5557497452908957,5.831023664899331,7.3867734101902265
206,1.4321986453709334,5.964420334743523,7.396618980114456
207,1.3956447801354068,5.541018457008985,6.9366632371443915
208,1.4126901401435437,5.206302240705621,6.618992380849164
209,1.633730955229153,5.691499436083698,7.325230391312852
210,1.5640510492619564,5.891242304718292,7.455293353980248
211,1.4757239681506191,5.928015773166183,7.403739741316802
212,1.445649997251223,5.699999943851694,7.145649941102917
213,1.4649887504579833,5.829465149419837,7.294453899877821
214,1.4324714049970202,10.240166656412672,11.672638061409693
215,1.3109803010944436,8.156048775226997,9.467029076321442
216,1.318218152612354,6.362104755473141,7.680322908085495
217,1.3824523037787868,5.794127263376837,7.176579567155624
218,1.432400216235828,5.401153863035493,6.8335540792713205
219,1.5932716018232174,5.507080997995244,7.100352599818462
220,1.5967118319034557,5.691098779335652,7.287810611239108
221,1.6401095906162628,6.507270406023925,8.147379996640188
222,1.5405325933355931,7.140122885893401,8.680655479228994
223,1.3206438497777073,8.51407493422519,9.834718784002899
224,1.3156192036037135,6.71434586445755,8.029965068061264
225,1.3421866784264411,5.924038420739746,7.266225099166187
226,1.393634770328243,5.520938500193034,6.914573270521277
227,1.4427841596815978,5.220934694777419,6.663718854459017
228,1.657813602735439,5.744772879986246,7.402586482721685
229,1.7089400271991593,5.826672876898445,7.535612904097604
230,1.5154296782921928,7.564506069094102,9.079935747386294
231,1.3621541915388748,8.160206261334277,9.522360452873151
232,1.3113820348763243,6.956957264769934,8.268339299646259
233,1.3351471010779326,6.184119852807655,7.519266953885587
234,1.3616928373637192,5.67205365316005,7.033746490523769
235,1.394374121798488,5.4175458201493045,6.811919941947792
236,1.703497732946042,5.6048393326118955,7.308337065557938
237,1.6663458934479534,6.120089309783629,7.786435203231583
238,1.5994954238945358,6.454373624905528,8.053869048800063
239,1.4533947954149757,7.35565296610185,8.809047761516826
240,1.3610493449994714,7.374032327745926,8.735081672745398
241,1.345022947051057,6.307493477468534,7.652516424519591
242,1.3732878748857484,5.896555214109781,7.269843088995529
243,1.3950098504297657,5.566373125545465,6.961382975975231
244,1.666210245467418,6.183196105212812,7.84940635068023
245,1.605933197724376,6.431083129862117,8.037016327586493
246,1.5593160264491006,6.8271617135556575,8.386477740004757
247,1.3858306439803825,7.3184929003083985,8.704323544288782
248,1.3720101894500414,6.632581991943208,8.00459218139325
249,1.3614817598472584,6.006367964234288,7.367849724081546
250,1.600209852105285,6.539211997554395,8.13942184965968
251,1.5550208677653206,7.031502959801398,8.586523827566719
252,1.453678625313808,7.465327640303996,8.919006265617805
253,1.3819565978342168,6.747302226865557,8.129258824699773
254,1.4291839830835873,7.249733886237035,8.678917869320623
255,1.3559317921928964,12.642004049169742,13.997935841362638
256,1.2990828905596008,7.4771168141811515,8.776199704740753
257,1.3375815151325623,6.527993336596852,7.865574851729415
258,1.3772281854347994,6.040893380077444,7.418121565512243
259,1.482752441413775,6.280267008634298,7.763019450048073
260,1.4468715260112355,6.814734334739766,8.261605860751002
261,1.6210673198901526,7.076099015413137,8.69716633530329
262,1.7675331453539311,6.958853100942123,8.726386246296054
263,1.386281941295944,14.226425863632445,15.61270780492839
264,1.3639680008762713,7.961081835058746,9.325049835935017
265,1.3589092904260485,6.681078535660376,8.039987826086424
266,1.3850747919693815,6.151792158071671,7.536866950041052
267,1.4095801793551985,5.725876430064432,7.13545660941963
268,1.5576254844767194,6.366856229508172,7.924481713984891
269,1.5683071396400385,6.651859727269813,8.220166866909851
270,1.7673469004497118,6.697370614774028,8.46471751522374
271,1.5697710958099336,15.504471544257571,17.074242640067503
272,1.3485396558889051,9.323346727796386,10.67188638368529
273,1.3645023101598748,7.7013891392309395,9.065891449390815
274,1.3645700070470708,6.424222633121936,7.788792640169007
275,1.373155362233031,5.96596479033654,7.339120152569571
276,1.5737320862688071,6.633810853558106,8.207542939826913
277,1.5881280697688982,6.840977849998421,8.429105919767318
278,1.6308102074448165,6.8248533127470985,8.455663520191916
279,1.7436437434819703,8.224976173184132,9.968619916666102
280,1.4072194263416458,10.842202955374265,12.249422381715911
281,1.3585448267913771,7.204913325270046,8.563458152061424
282,1.3994689311727015,6.850004626208947,8.249473557381648
283,1.4001741825255405,6.239874977423979,7.640049159949519
284,1.645513309969067,6.449369905086258,8.094883215055326
285,1.6703396797186039,6.50454978328462,8.174889463003224
286,1.761475530522266,6.551492359375765,8.312967889898031
287,1.5011301502207821,11.864799424870286,13.365929575091068
288,1.3825389086754944,8.308976113421302,9.691515022096796
289,1.3714159398028836,7.140732784457923,8.512148724260808
290,1.673641065322436,6.410387092451836,8.084028157774272
291,1.7568277091105666,6.603865084328544,8.36069279343911
292,1.7544092602863566,8.12134121280141,9.875750473087766
293,1.4197164403427345,9.119211410061792,10.538927850404527
294,1.6161363476159678,13.161808372412777,14.777944720028744
295,1.3477759225797044,7.62607969761317,8.973855620192873
296,1.346361440633271,6.872641105113541,8.219002545746811
297,1.3541114673235244,6.279675562304876,7.6337870296284
298,1.3627016808849512,6.531221620517355,7.893923301402307
299,1.3416768910255692,6.727992507227209,8.069669398252778
300,1.3221526779738744,8.200423876072549,9.522576554046424
301,1.3257016781476534,9.356355324291005,10.68205700243866
302,1.3543348946746876,9.328074842541662,10.68240973721635
303,99999.0,99999.0,99999.0
304,1.3927735504852319,7.6029787172684875,8.99575226775372
305,1.3862745112678387,7.35796177905149,8.744236290319328
306,1.3823672040074275,6.825102970553616,8.207470174561044
307,1.3607970859779397,7.029231982830964,8.390029068808904
308,1.3429941863266186,7.4108808006264475,8.753874986953067
309,1.3319281106811502,8.982969667291554,10.314897777972705
310,1.323545055007996,9.82954659262939,11.153091647637385
311,1.393807217617999,8.399161238265265,9.792968455883264
312,99999.0,99999.0,99999.0
313,1.4116773481044302,7.24775555277108,8.65943290087551
314,1.39820088624537,7.4107254623668295,8.8089263486122
315,1.3724482934233575,7.328345711460727,8.700794004884084
316,1.3506414187941724,7.581188607490988,8.93183002628516
317,1.3332367766235997,8.08509005592349,9.418326832547091
318,1.3494325441850943,9.295346114417423,10.644778658602517
319,1.3416607018002258,8.531411981618442,9.873072683418668
320,1.3889863937866571,7.523964763526571,8.912951157313229
321,99999.0,99999.0,99999.0
322,1.4357458509520846,7.082525251992402,8.518271102944485
323,1.3752036535163001,7.909626025668884,9.284829679185185
324,1.3567928772891742,8.30748065850101,9.664273535790183
325,1.3517088863998388,8.778908265303828,10.130617151703667
326,1.3377081829849011,8.96651056749868,10.304218750483582
327,1.3485188580914742,7.711448388448871,9.059967246540346
328,1.4226565829780564,7.38789081898547,8.810547401963527
329,1.369813987873765,8.333810162550751,9.703624150424517
330,1.3579567531599683,8.845774323370959,10.203731076530927
331,1.352132596908287,9.289363325933692,10.64149592284198
332,1.3432672528900642,8.154985892626904,9.498253145516967
333,1.3674309937573597,9.122090393658636,10.489521387415996
334,1.453430050685324,5.732105087592702,7.185535138278025
335,1.4375367439420668,5.391248239485106,6.828784983427172
336,1.389379976767727,5.382841831806538,6.772221808574265
337,1.366667800525894,5.557730783119237,6.924398583645131
338,1.3294071131687066,6.047138446580378,7.3765455597490845
339,1.316880078761353,6.46776679387941,7.784646872640764
340,1.3097713679167615,6.950218656864776,8.259990024781537
341,1.3720767209014983,6.343661753698209,7.715738474599707
342,1.4696592704748348,6.053403670444863,7.523062940919697
343,1.520200183538815,5.473246406963803,6.993446590502618
344,1.4836320889936734,5.421112388167672,6.904744477161346
345,1.3744250464720515,5.569453307466143,6.943878353938195
346,1.3529919370534718,5.755777247972968,7.108769185026439
347,1.3187028515431045,6.2221840623890925,7.540886913932197
348,1.3123394284542578,6.516334719827562,7.828674148281819
349,1.3234033375762633,6.306543100537377,7.62994643811364
350,1.3823939014052296,6.018258691644993,7.400652593050223
351,1.4467250219083672,5.8550478955020395,7.301772917410407
352,1.483886924627092,5.803633221605162,7.2875201462322545
353,1.3721234838321372,5.593505184436359,6.965628668268496
354,1.3526282175316773,5.734048169754858,7.086676387286535
355,1.3290637835024903,5.9254256326070145,7.254489416109505
356,1.3252550820957885,6.242811011871056,7.568066093966844
357,1.3306513371614728,6.297754039274918,7.62840537643639
358,1.3464624774242386,5.931733560008574,7.278196037432813
359,1.394322937820155,5.740196339393083,7.134519277213237
360,1.448268667316669,5.733401296989932,7.181669964306601
361,1.3730780365798037,5.749754192886612,7.1228322294664155
362,1.348073977695966,5.881645728454876,7.229719706150842
363,1.3339738824002183,6.086644053665994,7.420617936066212
364,1.3225496907401861,6.264165874667348,7.586715565407534
365,1.3399082445622579,5.986770898301999,7.326679142864257
366,1.3489592331204077,5.601773735563523,6.95073296868393
367,1.3624254849941557,5.8893369196416865,7.251762404635842
368,1.3463761648703703,6.0764141359265675,7.422790300796938
369,1.3315672703009889,6.203870768342731,7.53543803864372
370,1.3413284275519735,5.999538609418841,7.340867036970814
371,1.3352138410486862,6.24000848215809,7.575222323206776
372,1.5692871286500336,5.119327203608272,6.688614332258306
373,1.5368789506804112,4.97942425792352,6.516303208603931
374,1.508151692354563,5.094315823622882,6.602467515977445
375,1.4228229007957833,5.347961648273776,6.770784549069559
376,1.3792242459746082,5.641371472624033,7.020595718598641
377,1.3451580046049836,6.058468228329513,7.403626232934497
378,1.3708031200575574,5.599156058747224,6.969959178804781
379,1.5067111507605244,5.370523211616257,6.8772343623767815
380,1.5561844108535205,5.218975555504658,6.775159966358178
381,1.5873058500605621,5.069797105428954,6.657102955489516
382,1.5104704555892108,5.037219871089466,6.547690326678676
383,1.4836700095287576,5.195787956286266,6.679457965815024
384,1.3942765358614133,5.384214894489163,6.778491430350576
385,1.3857705058708714,5.619427591495744,7.005198097366615
386,1.3467221157672817,5.501004343893905,6.847726459661187
387,1.4166112773492994,5.244141504223916,6.6607527815732155
388,1.4996583263441354,5.2660880027964225,6.765746329140558
389,1.541971236268941,5.122966650512492,6.664937886781432
390,1.5227085979288002,5.05294941864054,6.57565801656934
391,1.485721492076986,5.165255634144211,6.650977126221197
392,1.4235980383799094,5.240536608302361,6.66413464668227
393,1.401092384054441,5.426536944620527,6.827629328674968
394,1.401491811907179,5.543772546761241,6.94526435866842
395,1.4005393101439627,5.227224185061577,6.62776349520554
396,1.4642927185269468,5.127386341658028,6.591679060184974
397,1.4968152747395151,5.036079804360744,6.53289507910026
398,1.5110557695483202,5.145753562842636,6.656809332390956
399,1.4489646218173307,5.183113110220188,6.632077732037519
400,1.4184975849876649,5.279801540564458,6.698299125552123
401,1.4117377184572197,5.462725633964626,6.874463352421846
402,1.423816134060914,5.317831398822412,6.741647532883326
403,1.418220111429067,5.046535154486842,6.464755265915909
404,1.4748538002966647,5.193171063586012,6.668024863882677
405,1.451586023938491,5.305022457289679,6.75660848122817
406,1.4086718143330852,5.340756667682706,6.749428482015792
407,1.429908965062952,5.354207862655059,6.784116827718011
408,1.4247826565960051,5.389491144670959,6.814273801266964
409,1.7044926271990979,4.930962912831399,6.635455540030497
410,1.6490097737508116,4.997454501271651,6.6464642750224625
411,1.4911036308423693,5.05259543093437,6.543699061776739
412,1.4146883833746071,5.277981898280048,6.692670281654655
413,1.3894801199397113,5.6776558755887905,7.067135995528502
414,1.3856590714596142,5.376368204971485,6.7620272764311
415,1.483022129475614,4.998731012027189,6.481753141502804
416,1.6652199785291197,5.059590345573746,6.724810324102865
417,1.7019752170746751,4.967374850362072,6.669350067436747
418,1.6749599958581112,4.957634402228285,6.632594398086396
419,1.5814046665053691,4.937376175331901,6.518780841837271
420,1.4580211699510195,5.0836806896859,6.54170185963692
421,1.4015788770703868,5.226603775872008,6.628182652942395
422,1.36357603283861,5.213207730124831,6.576783762963442
423,1.4346494877550582,4.959598476297448,6.394247964052506
424,1.5382417063678016,4.9237956302438715,6.462037336611673
425,1.636193622859776,4.930295641112302,6.566489263972078
426,1.7032656496221923,4.9945276225839494,6.697793272206142
427,1.6003636763835336,4.921787479163171,6.522151155546704
428,1.4899443823302203,4.929832554010677,6.419776936340897
429,1.477009317237368,5.076039180088593,6.55304849732596
430,1.4215514643079545,5.241201707790114,6.662753172098069
431,1.453743978082796,4.948984865866932,6.4027288439497285
432,1.5124291545771809,4.835477191082907,6.347906345660087
433,1.573676466850485,4.813125131369992,6.386801598220477
434,1.6629208531580213,4.96670600361726,6.629626856775281
435,1.5584466431689754,4.9155646080786495,6.474011251247624
436,1.4917346077279097,4.969021026060965,6.4607556337888745
437,1.4813479331348134,5.1249188712757565,6.60626680441057
438,1.4508553415290872,4.99670014484012,6.4475554863692075
439,1.4869962588141075,4.790774158074356,6.277770416888464
440,1.5929898204873425,4.935496202740677,6.5284860232280195
441,1.5202387887555824,4.929516952032596,6.449755740788179
442,1.498761886583868,5.022203518979309,6.520965405563176
443,1.5069516683999509,5.121321600098107,6.628273268498058
444,1.4868123944456046,5.033015627690001,6.519828022135606
445,1.8405197395910882,5.201691818914302,7.04221155850539
446,1.6314299100681342,5.232710442833541,6.864140352901676
447,1.515472945256196,5.472793418529774,6.98826636378597
448,1.3713082593224593,6.55963047929306,7.930938738615519
449,1.3920169884951856,5.42618397000416,6.818200958499345
450,1.4535380061513856,4.927130533854807,6.380668540006193
451,1.610280105702914,4.791765731609482,6.4020458373123965
452,1.7470879133660866,4.785415928360181,6.5325038417262675
453,1.9008887790663764,5.2122142346875515,7.113103013753928
454,1.7515247656279915,5.13069223286483,6.882216998492822
455,1.5444782026333805,5.21797195159848,6.7624501542318605
456,1.44881438008714,5.3178790439717405,6.7666934240588805
457,1.3616848171084635,5.4686086083058605,6.8302934254143235
458,1.4387074221239797,4.930644489571094,6.369351911695073
459,1.5607585005487266,4.790355486244923,6.35111398679365
460,1.6281197520717183,4.700046396269613,6.328166148341332
461,1.922373132663573,5.200313353787867,7.12268648645144
462,1.786302323434342,5.112109397467922,6.8984117209022635
463,1.6461513899637525,5.103767464703055,6.749918854666808
464,1.562674279662004,5.14849818329345,6.711172462955454
465,1.4448778466553454,5.446263099775852,6.891140946431197
466,1.4537002204244225,5.006537485346749,6.4602377057711715
467,1.562149033951326,4.780551379640848,6.342700413592174
468,1.6254477030194605,4.680308023882584,6.305755726902045
469,1.8400090221279755,5.098784372481097,6.938793394609072
470,1.7085203970739624,5.053710646808299,6.762231043882261
471,1.6404510761712445,5.130550150032505,6.771001226203749
472,1.5057043686379754,5.1200550992722285,6.625759467910203
473,1.4710859044487394,5.056853398964315,6.527939303413055
474,1.503767030883663,4.746446879740303,6.250213910623966
475,1.7298274573609984,5.030069630882838,6.759897088243836
476,1.662375511757071,5.066545311395304,6.728920823152375
477,1.6176138796752992,5.147611356416605,6.765225236091904
478,1.553922349747619,5.138026590747087,6.691948940494706
479,1.5705274517163408,5.074061572042154,6.644589023758495
480,1.615655281869175,5.425223875926618,7.040879157795793
481,1.4942374688426379,5.710796994354734,7.2050344631973715
482,1.3431364502614287,6.897372772441129,8.240509222702558
483,1.362759598760816,5.578437772586288,6.941197371347105
484,1.4231317817624585,5.048713065231443,6.471844846993902
485,1.5633635206715326,4.926046295708087,6.489409816379619
486,1.6364165216781814,4.775262866897492,6.411679388575673
487,1.8624391889206506,5.36192681048518,7.224365999405831
488,1.7762527316738406,5.3885757582558895,7.1648284899297305
489,1.5145159539582436,5.532735610905461,7.047251564863704
490,1.4252174565899602,5.584938288702879,7.010155745292839
491,1.344523698327806,5.634295259685425,6.978818958013231
492,1.4069582508218255,5.065594114947978,6.472552365769804
493,1.5649346002709867,5.020541484726592,6.585476084997579
494,1.5403789807939432,4.730341197046795,6.270720177840738
495,1.8490909133058953,5.309879960730416,7.158970874036311
496,1.7896358963890184,5.383290250208583,7.172926146597602
497,1.6321367969762257,5.360090521931916,6.992227318908141
498,1.5267714740550216,5.419711066808644,6.946482540863666
499,1.403750536282845,5.568850862232115,6.972601398514961
500,1.4138442295000873,5.131427378455823,6.54527160795591
501,1.5142734514157241,4.930524523683245,6.44479797509897
502,1.5621085554275465,4.779083457221849,6.341192012649396
503,1.8253314097144289,5.370716884580287,7.196048294294716
504,1.6781345011088964,5.283963660716151,6.962098161825048
505,1.5980874343698792,5.348807758840918,6.946895193210797
506,1.482518875978242,5.417621905232343,6.900140781210585
507,1.4412319103386733,5.215557578035072,6.656789488373745
508,1.468054673592622,4.897425043189432,6.365479716782054
509,1.710697296819156,5.298945464348233,7.00964276116739
510,1.6337305765498475,5.337159037872299,6.970889614422147
511,1.5621150007619868,5.410641622125012,6.972756622886999
512,1.5052201864119807,5.29296717780936,6.798187364221341
513,1.5464983844123905,5.391725753754668,6.938224138167058
514,1.6288328980666307,6.522857656453023,8.151690554519654
515,1.3637804734796855,8.597807925473573,9.961588398953259
516,1.3384816147453413,6.39799490148447,7.7364765162298115
517,1.372034468843214,5.509772255481209,6.881806724324424
518,1.4457817457200886,5.164320530145355,6.610102275865444
519,1.4977237027184291,4.965907413140683,6.463631115859112
520,1.6940950178829663,5.463512622581487,7.1576076404644535
521,1.7076153843200585,5.791484238525929,7.499099622845987
522,1.6677660508997019,6.3667406504539805,8.034506701353683
523,1.481990002270738,7.180646318980386,8.662636321251124
524,1.347375274804641,6.6553149447919475,8.00269021959659
525,1.370835218147095,5.70716416410444,7.0779993822515355
526,1.4110504107853572,5.280826684319637,6.691877095104994
527,1.448225873201721,4.98281365746516,6.431039530666881
528,1.7478132795267691,5.59722260563814,7.34503588516491
529,1.7462626468401805,5.767130831119845,7.513393477960025
530,1.725074092187726,6.023805540695097,7.748879632882823
531,1.563813534535832,7.169599047013219,8.73341258154905
532,1.392637726800467,6.951682906878164,8.344320633678631
533,1.393676824684642,5.919158590520955,7.312835415205598
534,1.4194058264196483,5.418722044118318,6.838127870537966
535,1.454038739698342,5.064604684336668,6.518643424035011
536,1.814634828228742,5.600247803951216,7.414882632179959
537,1.7243662808204814,5.943352761846642,7.667719042667123
538,1.6857026855558601,6.242143630586986,7.927846316142846
539,1.465525976068032,6.825924798106198,8.29145077417423
540,1.4057210082691045,6.1265846503143875,7.532305658583492
541,1.407376267687842,5.5439212123898445,6.951297480077686
542,1.7237705688556886,5.988364295182241,7.71213486403793
543,1.6772709167283781,6.1438320656020995,7.821102982330478
544,1.596782872767617,6.854382282883553,8.45116515565117
545,1.4387397417693653,6.4308578784161625,7.8695976201855276
546,1.5256677293872662,6.7362406425439,8.261908371931167
547,1.3714088877620347,12.477186024680087,13.848594912442122
548,1.3384800136511192,7.2519127428822046,8.590392756533324
549,1.3540505640258371,5.914772938406335,7.268823502432172
550,1.4010594332092565,5.515632404674166,6.916691837883423
551,1.4236608303552116,5.189943715489655,6.613604545844867
552,1.5616981392565847,5.704374270203702,7.266072409460286
553,1.5751011184399688,6.0816314872654695,7.656732605705439
554,1.7796919140067091,6.614886337286337,8.394578251293046
555,1.613921773227378,10.56631812190663,12.180239895134008
556,1.340553728450004,8.13017787442801,9.470731602878015
557,1.3567200835318072,6.498206534477444,7.854926618009252
558,1.3846940116616757,5.744119569372234,7.12881358103391
559,1.4004742972305169,5.319787112759524,6.720261409990041
560,1.6039547678863382,5.8836261642595185,7.487580932145857
561,1.6207925034605624,5.9548583434412565,7.575650846901819
562,1.6738808772524312,6.273058859108585,7.946939736361016
563,1.7262813323440205,7.911434000605413,9.637715332949433
564,1.3852007943464588,9.415794982285275,10.800995776631733
565,1.3602197515688264,6.766102107121518,8.126321858690345
566,1.3900461381237161,6.086151362426568,7.476197500550284
567,1.4017715041282457,5.5035336675304105,6.905305171658656
568,1.6554193535782862,6.037320575684597,7.692739929262883
569,1.6932466255733658,6.179389261348338,7.872635886921704
570,1.8013094886264451,6.198538179359525,7.99984766798597
571,1.4880316357744765,9.190928596117944,10.67896023189242
572,1.3844498159813439,7.355997980453229,8.740447796434573
573,1.380657225381722,6.415759424892246,7.796416650273969
574,1.709885342144228,6.104436183400696,7.8143215255449245
575,1.7776275813809692,6.356069887606314,8.133697468987284
576,1.7470003476781302,7.11794366583108,8.864944013509211
577,1.4119136074807097,7.9859807067348445,9.397894314215554
578,1.5477588301828091,10.212982574615385,11.760741404798194
579,1.3036637220991347,8.020858828602062,9.324522550701197
580,1.3169960385149513,7.461398993509311,8.778395032024262
581,1.323030852271925,6.888119046166275,8.2111498984382
582,1.3503782010948226,6.427428222845511,7.7778064239403335
583,1.3633202167353349,7.2373588622007805,8.600679078936116
584,1.3474642362945295,7.969176402160989,9.31664063845552
585,1.34813954013237,10.97242287108579,12.32056241121816
586,1.4205455178376947,12.780247896720681,14.200793414558376
587,1.357145054543991,7.973911215236892,9.331056269780882
588,1.329986501733854,7.3135341945857455,8.6435206963196
589,1.3236040198620846,6.923872900996271,8.247476920858356
590,1.3252994139271694,6.740680895799392,8.065980309726562
591,1.369557870476712,7.356679485332596,8.726237355809308
592,1.3542410477938447,7.943542494899917,9.297783542693763
593,1.3482265160321543,9.202079027947628,10.550305543979782
594,1.3650994784935533,12.929895299286143,14.294994777779696
595,1.6453030612550856,6.963470404721029,8.608773465976114
596,1.3487402372823116,7.0174187877781655,8.366159025060478
597,1.3326301741564375,7.165473732981923,8.49810390713836
598,1.3522715029750063,6.667195165610737,8.019466668585743
599,1.3795740852436378,7.990075859120994,9.369649944364632
600,1.369029455780279,8.782029800165386,10.151059255945665
601,1.36245637968056,10.521876650807384,11.884333030487944
602,1.4846282927110521,13.796089215801146,15.280717508512199
603,1.4201621314314168,7.790983391887794,9.21114552331921
604,1.3333278611379529,6.847632838281005,8.180960699418959
605,1.3701008828549368,8.736833122324715,10.106934005179651
606,1.3706857534329684,9.983500828050039,11.354186581483006
607,1.3773419900020842,11.684646838312513,13.061988828314597
608,1.637603156638175,6.576084859135723,8.213688015773899
609,1.3914440346180577,13.31663056375625,14.708074598374308
610,1.4111349695596211,6.077355704349261,7.488490673908883
611,1.397010630787916,5.862010935320414,7.25902156610833
612,1.4055230989793868,5.6227526305097895,7.0282757294891764
613,1.3801647699030821,5.655943359912667,7.03610812981575
614,1.357559872170773,5.904576832207173,7.262136704377946
615,1.3501589385440307,6.5294537509865815,7.879612689530612
616,1.3607479759170755,6.432951125011706,7.793699100928782
617,1.3868541353436696,6.471159004839138,7.858013140182807
618,99999.0,99999.0,99999.0
619,1.4500398027787742,5.902993856644979,7.353033659423754
620,1.4212207934816927,5.8283048895515215,7.249525683033214
621,1.3967498294708096,5.858340715397249,7.255090544868059
622,1.3693793501044924,5.935593459306649,7.304972809411141
623,1.3478129564619352,6.165700649004193,7.5135136054661285
624,1.357379484932753,6.480531215126718,7.837910700059471
625,1.3649713619869024,6.477500608603932,7.842471970590834
626,1.4086532651303971,6.107296991022701,7.515950256153098
627,99999.0,99999.0,99999.0
628,1.4680820382149977,5.897171846627907,7.365253884842904
629,1.391854932284541,6.0536777334887955,7.445532665773337
630,1.3673538140935941,6.185115862368565,7.552469676462159
631,1.3568284539235842,6.418122721144603,7.774951175068187
632,1.3632092953169488,6.403474516223068,7.766683811540017
633,1.3760084687962661,6.210591216338698,7.586599685134964
634,1.432300711899578,6.020266373669283,7.4525670855688615
635,1.3842444693880644,6.169359477311002,7.5536039466990665
636,1.3701029127431097,6.352767379674831,7.722870292417941
637,1.3662619808432446,6.471910835949279,7.8381728167925235
638,1.3586073763653734,6.238809129523936,7.59741650588931
639,1.3693861951494237,6.459405327009178,7.8287915221586015
640,1.5401667682558233,5.290412899728028,6.8305796679838515
641,1.5312892985249755,5.007835331692643,6.539124630217619
642,1.4377048120520322,5.0366410775538615,6.474345889605893
643,1.413388072477033,5.240589945691737,6.65397801816877
644,1.3727999879103565,5.563151981240091,6.935951969150448
645,1.3751447806379464,5.655802738146378,7.030947518784325
646,1.3726042838206727,5.595669149646713,6.9682734334673855
647,1.4627361981818028,5.475894927830776,6.938631126012579
648,1.556655300408881,5.386102392222396,6.942757692631277
649,1.5650643798997443,5.224308073747626,6.7893724536473705
650,1.450926585967361,5.0744525091599675,6.525379095127328
651,1.42070134205799,5.16968117500784,6.59038251706583
652,1.390709492401872,5.369506925181528,6.7602164175834005
653,1.386641127108495,5.5707856924328025,6.957426819541298
654,1.3786776648421486,5.6580737038573,7.0367513686994485
655,1.4141068227609936,5.388505395875217,6.802612218636211
656,1.479226073461637,5.220669097494344,6.6998951709559815
657,1.551647111366139,5.229232681081122,6.78087979244726
658,1.4486705037590266,5.194400540454477,6.643071044213503
659,1.423821701985875,5.306417823727767,6.730239525713642
660,1.4005811278909708,5.434673174362894,6.8352543022538645
661,1.39800121525787,5.494141912505159,6.892143127763029
662,1.4081272719865021,5.415831318782941,6.823958590769443
663,1.4238747581184945,5.159340081408993,6.583214839527487
664,1.4294938859774289,5.251309402427098,6.680803288404527
665,1.4092338204640815,5.376988604960121,6.786222425424203
666,1.3962251746133243,5.4737976745258585,6.870022849139183
667,1.4016775462303832,5.419047955895277,6.82072550212566
668,1.3994445158754376,5.513620780174254,6.913065296049691
669,1.6869582280103739,5.0051705379660705,6.692128765976444
670,1.6057762598621654,4.9046309612771495,6.510407221139315
671,1.5314671208103172,4.973313150710314,6.504780271520631
672,1.4256631106762414,5.17550773878302,6.601170849459262
673,1.42111126568472,5.263714041485672,6.684825307170392
674,1.3714849576438848,5.255847719299223,6.627332676943108
675,1.4691491522511946,5.159779347987809,6.628928500239003
676,1.6397795342655963,5.255469825415722,6.895249359681318
677,1.6956715180423005,5.147132640519263,6.842804158561563
678,1.615284843343581,4.887653796190237,6.502938639533817
679,1.5480762450989147,4.9128435238578945,6.460919768956809
680,1.4778682150483005,4.997658793822718,6.475527008871019
681,1.4579282852574926,5.181197759824534,6.639126045082026
682,1.4498073378184084,5.33862608378459,6.788433421602998
683,1.4655351659652396,5.1150969086398606,6.5806320746051
684,1.5606941873856202,5.024681645720648,6.5853758331062675
685,1.652116535071775,5.046841133851537,6.6989576689233115
686,1.6097122835382305,4.951752361738501,6.561464645276732
687,1.5343459542716282,4.970903248801678,6.505249203073306
688,1.4682843021074685,5.053857870849026,6.522142172956494
689,1.4540370146147512,5.1411491749111775,6.595186189525929
690,1.4872028674703794,5.1226225577419955,6.6098254252123745
691,1.5102245661426308,4.909384609119705,6.419609175262336
692,1.5488166050811814,4.953639580961055,6.502456186042236
693,1.5008454523530375,5.0048142059093,6.505659658262338
694,1.474601037667691,5.105167941833946,6.579768979501637
695,1.4898480651035322,5.152849570119129,6.64269763522266
696,1.481447349133006,5.153661867312194,6.6351092164452
697,1.7144980503413534,4.789511605621943,6.504009655963296
698,1.5996692533165242,4.77320796617503,6.372877219491555
699,1.4792985785001715,4.914084307487224,6.393382885987395
700,1.4331477776803363,4.992173361560153,6.425321139240489
701,1.401568269635857,5.108220524023122,6.509788793658979
702,1.4694073296796544,4.972842797838319,6.4422501275179735
703,1.5930956484283616,4.872714379483058,6.465810027911419
704,1.7145954325710684,4.916876278976873,6.631471711547942
705,1.7405613875852926,4.788407247642157,6.528968635227449
706,1.6114723268455564,4.711602820566703,6.3230751474122595
707,1.5489119878665951,4.782160818560521,6.331072806427116
708,1.5717388863469721,4.999629080999874,6.571367967346847
709,1.4660330410058175,5.1390536385723005,6.605086679578118
710,1.4751276337750485,4.948229393574074,6.423357027349123
711,1.559823978062959,4.76305444859928,6.322878426662239
712,1.6616086524913969,4.767969306067227,6.429577958558624
713,1.7109972691099093,4.783191104783129,6.494188373893039
714,1.6226126340905382,4.79311884169701,6.415731475787548
715,1.5186038875743237,4.825103207499661,6.343707095073985
716,1.50232498877401,4.926146029676436,6.428471018450446
717,1.486049936716763,4.870743511644734,6.356793448361497
718,1.5207205632348966,4.716450186322314,6.237170749557211
719,1.6402238149666246,4.776914383113623,6.417138198080248
720,1.5574497120067017,4.774765801841569,6.33221551384827
721,1.5546084859752949,4.859499548626091,6.4141080346013855
722,1.5799475494042883,4.992418798171155,6.572366347575443
723,1.5438596820519037,4.903648877812913,6.447508559864817
724,1.8177436376711333,5.383699345347409,7.201442983018543
725,1.60142872129598,5.461305330072984,7.062734051368964
726,1.4854426509112495,5.730871075024661,7.21631372593591
727,1.359463807595171,5.739250534143768,7.098714341738939
728,1.4333904473225767,5.050008664526144,6.483399111848721
729,1.5798673145033415,4.953750148048785,6.533617462552127
730,1.5921864568760071,4.707771385352562,6.299957842228569
731,1.9611440374943747,5.428019130094434,7.3891631675888085
732,1.8500217597324689,5.395948532506535,7.2459702922390035
733,1.6863249010268204,5.3294569943982495,7.01578189542507
734,1.5852839715083702,5.528080957650634,7.113364929159004
735,1.4558017965196235,5.6644638421953735,7.120265638714997
736,1.4467308100418523,5.130848291140953,6.577579101182806
737,1.5512496256109334,4.88919957298232,6.440449198593253
738,1.6272641311523126,4.794278425154372,6.421542556306685
739,1.908649980803431,5.399174021207009,7.30782400201044
740,1.7406482187860262,5.299301078735448,7.039949297521474
741,1.6693436154421775,5.3319929230596745,7.001336538501852
742,1.4999264794572489,5.34576582449239,6.8456923039496385
743,1.472379447207612,5.1776655609446856,6.650045008152297
744,1.493090089571182,4.874180352679594,6.367270442250776
745,1.748239565185098,5.265599216814466,7.013838781999564
746,1.6902018410777988,5.2721760734927186,6.962377914570517
747,1.6503920279710795,5.426252626245659,7.0766446542167385
748,1.5502981579697255,5.254405415813241,6.804703573782966
749,1.5908235664207189,5.41473102032786,7.005554586748579
750,1.60597147288177,5.811075997279928,7.417047470161698
751,1.4810523558766444,6.14354263728936,7.624594993166005
752,1.3492414181511927,5.8976995539936485,7.2469409721448415
753,1.401000185910424,5.274644895749462,6.675645081659885
754,1.5056293595658472,5.043807576875179,6.549436936441026
755,1.5203989667119397,4.766028410088455,6.286427376800395
756,1.860880053238942,5.456645792258702,7.317525845497644
757,1.8487333991699044,5.610763049094587,7.459496448264491
758,1.7242180043962094,5.678967434725499,7.4031854391217085
759,1.5453873176245887,5.996075317094306,7.541462634718894
760,1.4167721590750633,6.106702779936621,7.523474939011685
761,1.4176242174118134,5.3743819351804785,6.7920061525922915
762,1.507687057576941,5.079326868889704,6.587013926466645
763,1.5438753225197066,4.839615375719008,6.383490698238715
764,1.8331511192810983,5.555723315737885,7.388874435018984
765,1.7613721802943165,5.634940108026956,7.396312288321273
766,1.6680488222394516,5.709853715643613,7.377902537883064
767,1.4950992181634535,5.84469466966372,7.339793887827173
768,1.4381103526237977,5.4273669145159245,6.865477267139722
769,1.4636593607314647,5.0709359456307235,6.534595306362188
770,1.748900369774359,5.585834639327151,7.334735009101511
771,1.6903579613489281,5.670284827562686,7.360642788911614
772,1.5879858152982695,5.926788269117231,7.5147740844155
773,1.4959023820898218,5.603442779374583,7.099345161464405
774,1.5592828172401323,5.919719239790254,7.479002057030386
775,1.5799982182988448,10.235061430101538,11.815059648400384
776,1.3542578409151342,7.510634371094196,8.86489221200933
777,1.3834564845452382,5.881704806978616,7.265161291523855
778,1.409664036281998,5.278704214340656,6.688368250622654
779,1.4356776714873638,5.012468709276892,6.448146380764255
780,1.6503082409109004,5.620504586368369,7.27081282727927
781,1.6539776402510264,5.83365157148141,7.487629211732437
782,1.7066229556704422,6.146799125274098,7.85342208094454
783,1.7765374056482888,7.333136100317158,9.109673505965446
784,1.4176725810596142,8.122662403361394,9.540334984421008
785,1.3917698574120319,6.278315084083574,7.670084941495606
786,1.4255166107935187,5.562171756704839,6.987688367498358
787,1.4387390764708217,5.09336233973054,6.532101416201361
788,1.7101307370696677,5.771141066094431,7.481271803164099
789,1.7435101931720383,5.9642708086599265,7.707781001831965
790,1.8223606171355593,6.267412154690502,8.089772771826063
791,1.4662818102840722,9.052405543148028,10.5186873534321
792,1.4066547915397625,6.535509897473827,7.942164689013589
793,1.4134355291225535,5.811751275238626,7.225186804361179
794,1.7719431814970128,5.883702813450854,7.655645994947866
795,1.8222653575576828,6.16786097603936,7.9901263335970425
796,1.788082811791714,6.759097234236647,8.54718004602836
797,1.4471696434345087,7.217903223092213,8.665072866526721
798,1.6205499668510308,8.521391607601062,10.141941574452094
799,1.3626088258496005,8.017085103136196,9.379693928985796
800,1.3618419409604652,6.477151297363822,7.838993238324287
801,1.3864218813519462,5.70107034662973,7.087492227981676
802,1.3979451826622806,5.2213871544839465,6.619332337146227
803,1.4988783743882257,5.872577509446462,7.371455883834687
804,1.4998906602825839,6.288228665932093,7.788119326214677
805,1.4938906041004312,7.324613237960619,8.81850384206105
806,1.8247970351044633,6.6931907005883,8.517987735692763
807,1.4985771973816862,10.288119792721632,11.78669699010332
808,1.376926179863956,6.3498887501860475,7.726814930050003
809,1.415930322010839,5.638419674426795,7.054349996437634
810,1.4091786844861278,5.172221643136644,6.581400327622772
811,1.5563158347382349,6.4081755930627295,7.964491427800964
812,1.5639410192522174,7.068245126293842,8.63218614554606
813,1.6620387982346971,8.19918466582725,9.861223464061947
814,1.750846816166801,6.671320309599326,8.422167125766126
815,1.4076644403703908,7.724637372454085,9.132301812824476
816,1.3825880005660063,6.038899141679831,7.421487142245837
817,1.5742098617710614,7.167697278955185,8.741907140726246
818,1.6463551536013565,8.286946218000338,9.933301371601695
819,1.7961830944622326,7.076374228542197,8.872557323004429
820,1.5228721322668741,8.61241606672424,10.135288198991114
821,1.872663702736433,6.10281853757484,7.975482240311273
822,1.3676636523323482,6.105159326823255,7.472822979155604
823,1.3545334460245093,5.697925082918015,7.052458528942525
824,1.3599931462010006,5.560518804466047,6.920511950667048
825,1.3742411155949579,5.719435139304289,7.093676254899247
826,1.3537680825989273,6.014697055643074,7.3684651382420014
827,1.3438713067225183,6.447002426854347,7.790873733576865
828,1.3663504060209832,7.3291803444010775,8.69553075042206
829,1.3840152454433636,6.757082139294786,8.14109738473815
830,1.395230800122839,6.315763539154366,7.710994339277205
831,1.3709607425550183,5.890700276123599,7.261661018678618
832,1.3642176251651645,5.526847385154681,6.891065010319846
833,1.3647889947818015,6.018023895262647,7.382812890044448
834,1.357939251597178,6.329210851661796,7.687150103258974
835,1.3595561030735093,6.789740903554028,8.149297006627538
836,1.3696557186951606,7.192993323591573,8.562649042286733
837,1.4012694585476124,6.453183228378117,7.85445268692573
838,1.3906358578968658,6.138234317722903,7.528870175619769
839,1.358702535170404,6.316366795370456,7.67506933054086
840,1.3586740796426835,6.640351690144902,7.999025769787585
841,1.362619968061911,7.053424826023098,8.416044794085009
842,1.3866315414119066,6.530496192922809,7.9171277343347155
843,1.3704815659532763,7.0505190945768605,8.421000660530137
844,1.4928928006500046,5.3090163150868195,6.801909115736824
845,1.465623668639598,5.136423469486363,6.602047138125961
846,1.4415579306286426,5.110801517725461,6.552359448354103
847,1.4142987001339924,5.2465315867150215,6.660830286849014
848,1.388270290119954,5.454164124356694,6.8424344144766485
849,1.3939718803445762,5.6120230506051465,7.005994930949723
850,1.397171383022634,5.643461249452534,7.040632632475168
851,1.4663896692212783,5.47477674898928,6.941166418210559
852,99999.0,99999.0,99999.0
853,1.5076866754575162,5.11641353344251,6.6241002089000265
854,1.4350226761443285,5.247035602752622,6.682058278896951
855,1.4112603349533248,5.399128410626715,6.81038874558004
856,1.3986681354257726,5.562185557552602,6.960853692978374
857,1.3950709779737478,5.627966149345194,7.023037127318942
858,1.4148865237702433,5.478785805073796,6.89367232884404
859,1.4854062566272415,5.290397420035512,6.775803676662753
860,1.4286839336738437,5.359291434210256,6.7879753678840995
861,1.4147829238201133,5.50880984253782,6.923592766357934
862,1.4032505351406797,5.680780940819746,7.084031475960426
863,1.4052231204120025,5.499330820034442,6.904553940446444
864,1.4128522398810293,5.571327594647402,6.984179834528431
865,1.6321315575917377,5.114058420538521,6.746189978130259
866,1.5844951045692164,4.951139473813565,6.535634578382782
867,1.5351043656987051,5.017064161313303,6.552168527012007
868,1.4552732900514134,5.125290626575395,6.580563916626808
869,1.4631488713108494,5.298678857767392,6.761827729078242
870,1.4451770559750599,5.3158009654882035,6.760978021463263
871,1.4831326699988634,5.148926088177081,6.632058758175944
872,1.6000562165570131,5.144694533415778,6.744750749972791
873,1.647891074771696,5.1020145250060445,6.74990559977774
874,1.5821696740638502,5.024976348073092,6.607146022136942
875,1.5066445453262927,5.063575378105345,6.5702199234316385
876,1.4609080431144028,5.159853872760405,6.620761915874808
877,1.4582231823330025,5.291256534588017,6.7494797169210194
878,1.4825357089997249,5.1168996149969805,6.599435323996706
879,1.525748728674763,5.0109303824014715,6.536679111076235
880,1.5229127918434315,5.021424409301062,6.544337201144494
881,1.494196881638367,5.1019507913603865,6.596147672998754
882,1.464741479429654,5.1806281297310015,6.645369609160656
883,1.478597751567828,5.189617618100793,6.668215369668621
884,1.4844106426653991,5.221920400338961,6.70633104300436
885,1.6343807501729462,4.7504880754570875,6.384868825630034
886,1.5547539783496016,4.737192782827814,6.291946761177416
887,1.501932545401109,4.813532856236925,6.3154654016380345
888,1.4879436491155493,4.964757422336771,6.452701071452321
889,1.4509221928721745,5.038504184733078,6.489426377605253
890,1.4640380873931529,4.876503615430388,6.340541702823541
891,1.563560290468883,4.843609953055126,6.407170243524009
892,1.702674389489599,4.967698393480077,6.670372782969676
893,1.60048511958105,4.7428659950577625,6.343351114638812
894,1.5569189358922706,4.7847207453198175,6.341639681212088
895,1.4720579760712282,4.838914062115553,6.310972038186781
896,1.462306150828541,4.955928794602398,6.418234945430939
897,1.5004860669920603,4.901175847254321,6.4016619142463815
898,1.5288070070713962,4.763282474921236,6.292089481992632
899,1.5724241118753537,4.762754236997588,6.335178348872942
900,1.4985912874316691,4.778569612251745,6.277160899683414
901,1.4929445432606485,4.893671695616135,6.386616238876783
902,1.4981261846877278,4.882098152328094,6.380224337015822
903,1.4795191273035437,4.881752220524316,6.361271347827859
904,1.8955720292740343,5.446410784012839,7.341982813286873
905,1.7573796571428135,5.445884801669309,7.203264458812122
906,1.6215972854998784,5.678946091156417,7.300543376656296
907,1.4713565572258773,5.763206106017313,7.2345626632431905
908,1.4594143017536805,5.205411767289304,6.664826069042984
909,1.5712884226524357,4.904238790682853,6.475527213335289
910,1.6507095878854896,4.801936707677534,6.4526462955630235
911,1.970904564031358,5.504743786761794,7.475648350793152
912,1.777609777059748,5.360533134570154,7.138142911629902
913,1.7179344642961456,5.462358429126406,7.180292893422552
914,1.5345039444633495,5.429915422061657,6.964419366525006
915,1.487088259747163,5.273985167137219,6.761073426884383
916,1.5080794828075137,4.877333180765031,6.385412663572544
917,1.8279298061329026,5.365349653120082,7.1932794592529845
918,1.7384504125606481,5.41154363546612,7.149994048026768
919,1.6636050668867157,5.581741623413996,7.245346690300712
920,1.559711448856154,5.281974125699334,6.8416855745554885
921,1.5952237955262618,5.414150161529835,7.009373957056097
922,1.776438710853752,5.650350219745652,7.426788930599404
923,1.605160558599485,5.988965381978592,7.594125940578078
924,1.429997184653465,6.069141302072518,7.499138486725983
925,1.4265698589190945,5.323024006269733,6.749593865188828
926,1.527365487678359,5.020527553606816,6.547893041285175
927,1.5686988140629943,4.789354584843143,6.358053398906137
928,1.922311173077118,5.611289674500269,7.533600847577388
929,1.8178933449643842,5.614904842679731,7.4327981876441145
930,1.7257874639551938,5.65090156080959,7.376689024764784
931,1.5100433651054503,5.819709374779906,7.329752739885357
932,1.4423691272432275,5.372133743113071,6.814502870356299
933,1.4662707903506493,4.983492512563188,6.449763302913838
934,1.8252801104153882,5.59950013047881,7.424780240894198
935,1.7354867956357352,5.615699596549651,7.351186392185386
936,1.637620638160663,5.997201351236046,7.634821989396709
937,1.5036183715546358,5.468003049264113,6.9716214208187495
938,1.6025491489730477,5.791596279610476,7.394145428583524
939,1.6206795817815505,6.8336437894458735,8.454323371227424
940,1.4098572950539823,6.752258548125594,8.162115843179576
941,1.3954520637044976,5.6049456391448755,7.000397702849373
942,1.465160850943748,5.171092603681258,6.636253454625006
943,1.526717921790702,4.9350868146684705,6.461804736459173
944,1.8021165624187119,5.634153560433584,7.436270122852296
945,1.8053783551113545,5.832011836362515,7.6373901914738695
946,1.7626307475397314,6.017702187533904,7.780332935073635
947,1.4934418988557534,6.7077048852848735,8.201146784140628
948,1.416565171230391,5.765184369099959,7.18174954033035
949,1.4287116657126497,5.211680204085679,6.640391869798329
950,1.8032394519318415,5.781651540129962,7.584890992061804
951,1.77395932401471,5.98573745856455,7.75969678257926
952,1.632303870043433,7.156778046634153,8.789081916677585
953,1.4722847138397246,6.0642966921350805,7.536581405974805
954,1.5584372121645589,6.624712014032857,8.183149226197417
955,1.457948165785052,9.340123409751984,10.798071575537035
956,1.4091927162487,6.357713452504978,7.766906168753678
957,1.4666581463532897,5.445879627712306,6.912537774065596
958,1.5019367358962754,5.049269331247114,6.551206067143389
959,1.6823941604926989,6.1001530260045,7.782547186497198
960,1.6911450163300306,6.633185174744515,8.324330191074546
961,1.8038918625388431,6.669471990802518,8.473363853341361
962,1.6433233620304493,11.309940516688345,12.953263878718793
963,1.430062598132105,6.904992026155222,8.335054624287327
964,1.4384927926931204,5.738886497510789,7.177379290203909
965,1.7163088511442195,6.481477234450227,8.197786085594446
966,1.8039806385940382,6.576108476791227,8.380089115385264
967,1.9482489177000832,6.325791331792558,8.274040249492641
968,1.471716730568387,8.570935479280442,10.042652209848828
969,1.8688380891369594,6.706169798180131,8.57500788731709
970,1.4067727012112323,6.081764451539331,7.488537152750563
971,1.4178326738065985,5.705144154675749,7.122976828482348
972,1.4180959613649429,5.376085927051969,6.794181888416912
973,1.4584354273780165,6.064055949174142,7.522491376552158
974,1.4394099101078976,6.53028299806448,7.9696929081723775
975,1.4337534023841223,7.525946498498699,8.959699900882821
976,1.5807162482830297,9.375326741601377,10.956042989884407
977,1.501546757232871,6.8925878125125255,8.394134569745397
978,1.4060371485064622,5.707786024475159,7.113823172981622
979,1.4498721551975264,6.482537100537363,7.932409255734889
980,1.448362612696871,7.152468332820518,8.600830945517389
981,1.4536028661010776,8.355959277454177,9.809562143555254
982,1.7097764747590547,6.152082065408635,7.86185854016769
983,1.4737462564171588,9.485790652473282,10.959536908890442
984,1.476348412490752,5.227323993677646,6.703672406168398
985,1.4552016417664573,5.03201789431264,6.487219536079097
986,1.4522882811690698,5.3324280877369175,6.784716368905987
987,1.411961045927646,5.500855080729783,6.912816126657429
988,1.4086675221677312,5.780402101939849,7.18906962410758
989,1.4206853965165611,5.835875273172971,7.256560669689533
990,1.44270552906358,5.652409921294378,7.095115450357958
991,1.5175815053882726,5.51726233062542,7.0348438360136925
992,1.4243252403875912,5.499791802804357,6.9241170431919485
993,1.4134574224587566,5.714681662211599,7.128139084670355
994,1.4076949631684923,5.946732101865348,7.354427065033841
995,1.4315512921356957,5.653485352088817,7.0850366442245125
996,1.429764026943538,5.852280618753645,7.282044645697184
997,1.6366571931702534,5.002021821388703,6.6386790145589565
998,1.5696610005443468,5.008679413497133,6.57834041404148
999,1.510234826600091,5.080002179187061,6.590237005787152
1000,1.4753609458358041,5.295798144816179,6.771159090651983
1001,1.4895664675683216,5.246611524068926,6.7361779916372475
1002,1.5113228286547657,5.194025884943604,6.70534871359837
1003,1.593986552726963,5.127495464402236,6.721482017129199
1004,1.5407204100603553,5.050826444686604,6.591546854746959
1005,1.5037609411912096,5.209823168370327,6.713584109561536
1006,1.4896509626435026,5.27356476539542,6.763215728038923
1007,1.4918568622788109,5.2605817222940265,6.752438584572838
1008,1.503245513620551,5.310970238420133,6.814215752040684
1009,1.6400618286837017,4.840200970795196,6.480262799478897
1010,1.5825933682530904,4.839655818973761,6.422249187226852
1011,1.4863799575665528,4.924197520331183,6.410577477897736
1012,1.4955252527621938,4.896004951912569,6.391530204674763
1013,1.5305343465672454,4.977923744010976,6.5084580905782214
1014,1.5735699051160497,4.834091154173352,6.407661059289402
1015,1.5911467138402382,4.813119251567711,6.40426596540795
1016,1.5198225151243299,4.821931134471067,6.341753649595397
1017,1.5168906610100235,4.8998364533073,6.4167271143173235
1018,1.5186520070484013,4.941159422582459,6.45981142963086
1019,1.5124413050325731,4.926970233083931,6.439411538116504
1020,1.845191143176532,5.593968518710844,7.439159661887376
1021,1.7587425899875222,5.624757815725867,7.38350040571339
1022,1.5584380382577796,5.861126038939604,7.419564077197384
1023,1.474733185401878,5.386339322880226,6.8610725082821045
1024,1.4918881951604603,4.986925603513748,6.478813798674208
1025,1.8837555741534797,5.605958039864448,7.489713614017928
1026,1.7827661675800541,5.56710500121941,7.3498711687994644
1027,1.7148880617095792,5.794515182062825,7.509403243772404
1028,1.554898335612436,5.487276543677847,7.042174879290283
1029,1.6361491070843426,5.819611907856514,7.455761014940856
1030,1.7932788107044775,5.891864833231989,7.685143643936467
1031,1.5416794993155887,6.415900180315745,7.957579679631333
1032,1.4383583101245183,5.672315375798286,7.110673685922804
1033,1.4614819899194176,5.118511174597578,6.579993164516996
1034,1.8627248155511855,5.758974419146261,7.621699234697447
1035,1.8221879478306313,5.850672712560885,7.672860660391517
1036,1.7453531383449912,6.250843527634828,7.996196665979819
1037,1.5112180101725512,5.88679106550776,7.398009075680311
1038,1.6135393463885315,6.525383608853643,8.138922955242174
1039,1.5657339714013832,7.479842911967395,9.045576883368778
1040,1.4271864814593727,6.154726370033808,7.581912851493181
1041,1.4382756828251717,5.400749832818652,6.839025515643823
1042,1.8023531841741507,5.864977191110025,7.667330375284176
1043,1.8707570746816915,6.1178677007609075,7.988624775442599
1044,1.846251442329712,6.414730286090081,8.260981728419793
1045,1.495367225625457,6.584988051754172,8.08035527737963
1046,1.6395857217640042,8.227878256015186,9.86746397777919
1047,1.4899733517800413,6.698478752692526,8.188452104472567
1048,1.449013167499902,5.632601353862513,7.081614521362415
1049,1.5593901328458508,6.265838192645723,7.825228325491574
1050,1.5781458984882126,7.248472587412101,8.826618485900314
1051,1.6703132702490984,9.11020033159403,10.780513601843127
1052,1.6350729212007737,8.61044750899361,10.245520430194384
1053,1.8171549437515044,6.774462454020206,8.59161739777171
1054,1.467104014131936,5.472072361715203,6.93917637584714
1055,1.4496094383878948,5.611189345523467,7.060798783911362
1056,1.4498535520831424,5.930152044061874,7.380005596145017
1057,1.4379510188220597,6.334406156856437,7.772357175678496
1058,1.5487663155985902,6.250394422472184,7.799160738070775
1059,1.4703979217837289,6.5986982388009965,8.069096160584726
1060,1.4855372512990503,5.10731640695153,6.592853658250581
1061,1.4559784755831315,5.2805976738622284,6.73657614944536
1062,1.444930861321672,5.4623698479149265,6.907300709236599
1063,1.483633685088399,5.316952577061891,6.80058626215029
1064,1.4652551425806457,5.360425491313237,6.825680633893883
1065,1.8525284522595,5.813216765268645,7.665745217528144
1066,1.7610745881497063,6.149844723574019,7.910919311723726
1067,1.5232679666268114,5.821740566543514,7.345008533170325
1068,1.6296106896299927,6.3828579518684965,8.01246864149849
1069,1.8559577817522517,6.428663706797224,8.284621488549476
1070,1.5128771210884773,6.314176154899012,7.827053275987489
1071,1.6777735667262161,7.515422542110078,9.193196108836293
1072,1.515453588914671,7.020032930781131,8.535486519695802
1073,1.7798691888593896,10.325636202165613,12.105505391025003
1074,1.5904041506359454,7.726982425586268,9.317386576222214
