0,1.466293878743099,5.451347136411418,6.917641015154517
1,1.463975758861199,5.5319088056195405,6.99588456448074
2,1.444580901857733,5.7763467399723725,7.220927641830105
3,1.4428347523282894,6.023707480395349,7.466542232723638
4,1.4162801618859513,6.439229179812742,7.855509341698693
5,1.4213941713325862,6.655470841181409,8.076865012513995
6,1.4267101358057213,6.043265698457839,7.46997583426356
7,1.4516233895890318,5.782189554093578,7.23381294368261
8,1.4555773777784604,5.600559874812132,7.056137252590592
9,1.4600161603619728,5.638809521107998,7.098825681469971
10,1.4506170066991648,5.714584247332492,7.165201254031657
11,1.441411582174829,5.8106613799260245,7.252072962100853
12,1.4275461497814514,6.150002484306411,7.577548634087862
13,1.3997136212522656,6.766072248071347,8.165785869323612
14,1.3939128161984964,6.31482267744008,7.708735493638577
15,1.4308961818656631,5.74236986141337,7.173266043279034
16,1.4414678763833526,5.759721490711902,7.201189367095255
17,1.4496601636641115,5.5622623955507855,7.011922559214897
18,1.4517676359803995,5.829919162486667,7.281686798467066
19,1.4454815813645194,5.871789926995715,7.317271508360234
20,1.4241681115344236,6.185676830630089,7.6098449421645125
21,1.4182753838237463,6.483522751811357,7.9017981356351035
22,1.4004087291576974,6.455236249980692,7.85564497913839
23,1.4293396099805815,5.985631280799871,7.414970890780452
24,1.432882600253095,5.895847739113455,7.328730339366549
25,1.4410872275727997,5.688502098983295,7.129589326556095
26,1.456925476248497,5.7993793686550665,7.256304844903564
27,1.4477579601566861,5.9154865640703465,7.363244524227032
28,1.4352601068050594,5.965503342796736,7.400763449601795
29,1.424739338566443,6.241561029425739,7.666300367992182
30,1.4117364986304046,6.50933099970646,7.921067498336865
31,1.4248952722040467,6.04638707182227,7.471282344026317
32,1.4270510510719248,6.070650525485656,7.497701576557581
33,1.4574334584909667,5.6763256765594,7.133759135050367
34,1.441424622673221,5.744026516971798,7.185451139645019
35,1.4549248252768447,5.88554977590038,7.340474601177224
36,1.437234972731983,5.969488451980227,7.40672342471221
37,1.420558103668086,6.311880191709829,7.732438295377915
38,1.4115481939197627,6.482250646919757,7.89379884083952
39,1.4261133818586722,6.309446391077829,7.735559772936501
40,1.4300717008635815,5.973176070327648,7.4032477711912295
41,1.4527327289719896,5.798557506065014,7.251290235037003
42,1.4503877282973279,5.939722225299938,7.390109953597266
43,1.4326808962002195,6.00962932788791,7.442310224088129
44,1.4206923790060588,6.480686979867147,7.901379358873205
45,1.4229799545995,6.319250763545379,7.74223071814488
46,1.4305858148511648,6.08895033100772,7.519536145858885
47,1.4462481099666384,5.729392824527214,7.1756409344938525
48,1.4928545241527735,4.865829951009806,6.35868447516258
49,1.4853479976928659,4.9239106466256946,6.409258644318561
50,1.4816667121649676,5.01629972751781,6.497966439682777
51,1.4568230725696558,5.150371784646371,6.607194857216027
52,1.437709426711301,5.374387170531334,6.812096597242635
53,1.4371895026882915,5.798685955663603,7.235875458351895
54,1.4497386117533058,5.238469172359549,6.688207784112855
55,1.4813788104389094,5.0205617640637845,6.501940574502694
56,1.486800667009067,4.936044553234665,6.422845220243732
57,1.4859240100819915,4.889918433621244,6.375842443703235
58,1.4740277142792706,4.950505975083624,6.424533689362895
59,1.4679498886350595,5.053415565468934,6.521365454103994
60,1.4546852530099468,5.1825742170985745,6.637259470108521
61,1.4167707375728653,5.577061813665254,6.993832551238119
62,1.4135160050778885,5.335526809245903,6.749042814323792
63,1.4587742491345599,5.068534627346019,6.527308876480579
64,1.4791127091663423,4.968568206217063,6.447680915383406
65,1.4865334788544466,4.890837265876218,6.377370744730665
66,1.4759849751630116,4.970238653570669,6.44622362873368
67,1.470269503683156,5.02220436049699,6.492473864180146
68,1.4524372127897252,5.132996453973215,6.58543366676294
69,1.4398310426116399,5.273078935863244,6.712909978474883
70,1.4249485146774536,5.331103293401171,6.756051808078624
71,1.449533891304595,5.160858720296028,6.6103926116006235
72,1.4652741598763908,4.983082907236252,6.448357067112642
73,1.4784159648967798,4.925557494911757,6.403973459808537
74,1.4842796286828068,4.948926769676239,6.433206398359046
75,1.4749488161780533,5.015795361738448,6.490744177916501
76,1.4571238591092435,5.032282115576531,6.489405974685774
77,1.452916362080132,5.18249434480119,6.635410706881323
78,1.4448835508615858,5.304910130393271,6.7497936812548565
79,1.4401400101171733,5.195562128160246,6.635702138277419
80,1.4639923653815727,5.069780795874372,6.5337731612559455
81,1.471456266794655,4.95011102738656,6.421567294181215
82,1.4811989135435784,4.919161656269448,6.400360569813026
83,1.4815897968274658,4.972671299778374,6.45426109660584
84,1.4610787368796243,5.042411467491738,6.503490204371363
85,1.449193084115683,5.1614817682254355,6.610674852341118
86,1.4431438814216084,5.2329584934859685,6.676102374907577
87,1.4440656589879912,5.173742220085143,6.617807879073134
88,1.4523005966967322,5.04117301532953,6.493473612026262
89,1.4704821158602321,5.006608000229946,6.477090116090178
90,1.478052122703577,5.0267032552651605,6.5047553779687375
91,1.4570012605738782,5.069000621542575,6.526001882116453
92,1.4431549284396654,5.263550050850802,6.706704979290468
93,1.4432739501968572,5.2099504856044225,6.653224435801279
94,1.4620677267886402,5.076793024064464,6.538860750853104
95,1.465188416241237,4.980467749351827,6.445656165593064
96,1.5283075989951524,4.714734726207611,6.243042325202763
97,1.537417673261869,4.808488486745805,6.345906160007674
98,1.5044728921997674,4.837478564995735,6.341951457195502
99,1.475745850414045,4.968015420289584,6.443761270703629
100,1.4670403541019827,5.1639639200190155,6.631004274120999
101,1.4587021301782468,5.489085059761911,6.947787189940158
102,1.458489570045931,5.0809393679207435,6.539428937966674
103,1.4985479172934149,4.857276984052213,6.355824901345628
104,1.53371517536004,4.77819580149454,6.3119109768545805
105,1.528601450286754,4.7568912025744705,6.285492652861224
106,1.525546397960302,4.827659954812021,6.3532063527723235
107,1.4859053485376532,4.856724605223018,6.342629953760671
108,1.4683343423427866,5.043348837021601,6.511683179364388
109,1.4491879333451825,5.098703840607186,6.547891773952369
110,1.4314579613945209,5.0916763777032585,6.52313433909778
111,1.4807621863754352,4.865317330885169,6.346079517260605
112,1.527159170695053,4.825960171910359,6.353119342605412
113,1.5274214552369716,4.722704644040526,6.250126099277498
114,1.5225509106314548,4.81186933173328,6.334420242364734
115,1.4966658569830524,4.826690267675101,6.3233561246581536
116,1.4861829317583708,4.894871487696437,6.381054419454808
117,1.4615085389815612,4.968102781955026,6.429611320936587
118,1.4381231874591647,5.10021253343245,6.538335720891615
119,1.4771055749594055,4.889203027317975,6.36630860227738
120,1.5079889064406427,4.823656104516837,6.331645010957479
121,1.5199379204558983,4.757088218395021,6.277026138850919
122,1.5320042635944553,4.774485871375854,6.306490134970309
123,1.5161166544102154,4.831106805412343,6.347223459822558
124,1.4842687253298184,4.838981136606059,6.323249861935878
125,1.491638893489495,4.914119851144105,6.4057587446336
126,1.442044308484919,5.085044765964938,6.527089074449856
127,1.4647091954115017,4.874496163629019,6.3392053590405215
128,1.507347162099407,4.8493980746529735,6.3567452367523805
129,1.521324435493499,4.787713096711878,6.309037532205377
130,1.5184643630038692,4.704935877398266,6.223400240402135
131,1.5350366208327297,4.799149305486017,6.334185926318747
132,1.4865952637317204,4.822731526758239,6.309326790489959
133,1.4806817407102535,4.933683583844117,6.414365324554371
134,1.472024504276912,4.930597262180488,6.4026217664574
135,1.4580017852099165,4.954461859144315,6.412463644354231
136,1.477470455156141,4.823628113762614,6.301098568918755
137,1.5156497719018975,4.79721824131787,6.312868013219767
138,1.519941422214325,4.844214394466747,6.364155816681072
139,1.485442683259984,4.845668469530331,6.331111152790315
140,1.48580767838122,4.984626477377252,6.470434155758472
141,1.4657983638442165,4.909794605555993,6.375592969400209
142,1.4810845368354923,4.856147920854962,6.337232457690455
143,1.5185703283332563,4.807633628975002,6.326203957308258
144,1.5721797552797716,4.711132362351776,6.283312117631548
145,1.543571602344866,4.720359550530487,6.263931152875353
146,1.4938422929315402,4.714046246384576,6.207888539316116
147,1.4664589143267661,4.921136989852651,6.387595904179417
148,1.4714939128025617,5.166943486630962,6.638437399433524
149,1.4583168948781577,5.554936358253933,7.01325325313209
150,1.456457274624857,5.068538172672239,6.524995447297096
151,1.4941886878130457,4.762107951832371,6.2562966396454165
152,1.547104926279213,4.7122668198073585,6.259371746086572
153,1.5673560809341889,4.722841365179133,6.290197446113321
154,1.524108450104224,4.703017099809861,6.227125549914085
155,1.485438152953433,4.763276795414841,6.248714948368274
156,1.4714397058099502,4.912009705552042,6.383449411361992
157,1.4281807371025723,5.632460839876199,7.060641576978771
158,1.4375626903614935,5.0219586179456766,6.4595213083071705
159,1.4865055741119682,4.755767242503758,6.242272816615726
160,1.5337366519770068,4.717085425775575,6.250822077752582
161,1.5563674250536392,4.64551643080687,6.201883855860509
162,1.5401088776849314,4.71324886715177,6.253357744836702
163,1.5038007891088863,4.710337707232797,6.214138496341683
164,1.4853477842066933,4.770045027969116,6.255392812175809
165,1.4648391062929647,4.854067557306584,6.318906663599549
166,1.4404279419642096,5.143147326439059,6.583575268403268
167,1.4800096955103317,4.785370488502037,6.265380184012369
168,1.5183062793510826,4.718067171944748,6.23637345129583
169,1.539393221649269,4.663172771363929,6.202565993013198
170,1.5633908904924518,4.702341023300766,6.265731913793218
171,1.5318575145286553,4.71113719204827,6.2429947065769245
172,1.5045199717194087,4.724343019774829,6.228862991494237
173,1.4891975126966015,4.7639630625298,6.253160575226402
174,1.4358060200737732,5.0436211432258515,6.479427163299625
175,1.4659849123050892,4.90027766013749,6.366262572442579
176,1.5154422391846867,4.727755235905812,6.243197475090499
177,1.5367891654237598,4.676823653015536,6.213612818439295
178,1.5475021351902702,4.626919844778059,6.174421979968329
179,1.5557811562604715,4.700837972609242,6.256619128869714
180,1.5104982597774943,4.713791800996354,6.224290060773848
181,1.4920663020193636,4.745103325491794,6.237169627511157
182,1.4648649743619917,4.8278140846506785,6.29267905901267
183,1.4518070290928837,4.888230452805348,6.340037481898232
184,1.4919214220686325,4.730395092436936,6.222316514505568
185,1.5270985868396,4.688032183744882,6.215130770584482
186,1.5368150559140448,4.716231589958803,6.253046645872848
187,1.5069850696496832,4.724723387332797,6.23170845698248
188,1.4982053853101291,4.765997694381176,6.264203079691305
189,1.4593720525752654,4.852344652616226,6.3117167051914915
190,1.4903105203249296,4.770665768565652,6.260976288890582
191,1.5221581116036362,4.698074302523171,6.220232414126807
192,1.545625177654263,4.713992181252121,6.259617358906384
193,1.5051806212339787,4.73140481434737,6.236585435581349
194,1.475762991483114,4.957624138979105,6.4333871304622186
195,1.4722002015146447,5.196624977256647,6.668825178771292
196,1.4585027385127773,5.592636929227953,7.05113966774073
197,1.4552808799949575,5.126461023908173,6.581741903903131
198,1.4922979193834534,4.758527207262994,6.250825126646448
199,1.5425471203923107,4.68417848777481,6.22672560816712
200,1.5737116886435674,4.7234665117987085,6.297178200442276
201,1.533649488615388,4.710528559353829,6.244178047969217
202,1.4915706454092206,4.7763364472402685,6.267907092649489
203,1.4793775668620348,4.9730933308675604,6.4524708977295955
204,1.4310881712822747,5.6589047838771815,7.089992955159456
205,1.4371086864235114,5.017037446728046,6.454146133151557
206,1.4843331545224916,4.777201620367648,6.261534774890139
207,1.5316367207293375,4.706057861136589,6.237694581865926
208,1.5445475303785203,4.605184800622798,6.149732331001318
209,1.5436803689170067,4.713095121383101,6.256775490300107
210,1.5147214460061493,4.717677836375043,6.232399282381192
211,1.4949864930372165,4.813259850687505,6.308246343724721
212,1.4659190095540269,4.902835036210145,6.368754045764172
213,1.442388155406655,5.235377566238679,6.677765721645334
214,1.4826279607875072,4.775412730325918,6.258040691113425
215,1.5173086887791842,4.695907477778967,6.213216166558151
216,1.5355769816662763,4.627143054775942,6.162720036442218
217,1.5749289746496131,4.718873923680227,6.29380289832984
218,1.539876221952542,4.719455934495844,6.259332156448386
219,1.509379655227404,4.738626428533643,6.248006083761047
220,1.4905004288791337,4.790660761158008,6.281161190037142
221,1.4411862374318234,5.044350765959654,6.485537003391477
222,1.4658634899589829,4.845514417511644,6.311377907470627
223,1.5130955513375866,4.702814925700933,6.21591047703852
224,1.533563342296376,4.6515446111295935,6.18510795342597
225,1.5416966725576635,4.592347483033764,6.134044155591428
226,1.5663803945763413,4.713679410499624,6.280059805075965
227,1.5175042558823182,4.717439349932583,6.234943605814902
228,1.496768767396467,4.7536925373699725,6.250461304766439
229,1.4667341336928439,4.813792076350379,6.280526210043223
230,1.4575908573430418,4.874155445793104,6.331746303136145
231,1.495195422027864,4.727509977129362,6.222705399157226
232,1.5259371558900672,4.663304885295685,6.189242041185752
233,1.5475833029517052,4.730511553217671,6.278094856169376
234,1.511218357780803,4.716529029973213,6.2277473877540155
235,1.504140945150674,4.7677375683004115,6.271878513451085
236,1.4635655967820116,4.847532480240104,6.311098077022115
237,1.4927420962152065,4.778199468962366,6.270941565177572
238,1.516192568051648,4.656742862193977,6.172935430245625
239,1.5059375206385175,4.813198843602806,6.319136364241324
240,1.4771539203103994,5.012672857812997,6.489826778123396
241,1.4663441361946083,5.406187432663278,6.872531568857886
242,1.4466147564926655,5.829601172938028,7.276215929430693
243,1.446681152753841,5.196957877511445,6.643639030265286
244,1.4912046094384688,4.826631233063316,6.317835842501784
245,1.5388250691531051,4.74769547302463,6.286520542177735
246,1.552276185186042,4.764320851317222,6.316597036503264
247,1.5411514905752415,4.812143205924585,6.353294696499827
248,1.4907449345336476,4.834920530282153,6.325665464815801
249,1.4735187739227842,5.064971801912622,6.538490575835406
250,1.4291124164217073,5.751632849915044,7.180745266336752
251,1.429936748491067,5.137217986299639,6.567154734790706
252,1.4739673301538587,4.850392103253965,6.324359433407824
253,1.52013095062783,4.760379687742152,6.280510638369981
254,1.5308646868810663,4.666479079607766,6.1973437664888325
255,1.549661159728609,4.8084564950052835,6.358117654733892
256,1.5162239534110202,4.805738047817403,6.321962001228424
257,1.489233852533817,4.911559752394127,6.400793604927944
258,1.4632628343569305,5.074411954136893,6.537674788493823
259,1.4398832720621733,5.235198155513057,6.675081427575231
260,1.4701679000877041,4.886159206788737,6.356327106876441
261,1.5080427066068958,4.786735509435435,6.294778216042332
262,1.5271129713928162,4.703471465529231,6.230584436922047
263,1.5528658724443285,4.760562733603125,6.313428606047454
264,1.5332092869208604,4.810046126596378,6.343255413517238
265,1.498635430359145,4.811554363266143,6.3101897936252875
266,1.4917046970263241,4.8774139991991685,6.369118696225493
267,1.4336148571696536,5.2719684729146925,6.705583330084346
268,1.4581235009429774,4.971181645438176,6.429305146381154
269,1.5015449506996037,4.798770276332642,6.300315227032246
270,1.5199197967474851,4.7268134577528045,6.24673325450029
271,1.5235516105648306,4.654847786167723,6.178399396732553
272,1.5544562518515115,4.787564662266826,6.342020914118337
273,1.504210310907433,4.804327204351626,6.308537515259059
274,1.4978342696912688,4.9139558680507465,6.411790137742015
275,1.4698055874238694,5.0346413789954045,6.504446966419274
276,1.4529799161934767,4.999562035731463,6.45254195192494
277,1.4815463528368809,4.814982408844187,6.296528761681067
278,1.5251986174784893,4.766809922936608,6.292008540415098
279,1.5388243342722387,4.811122524757053,6.349946859029291
280,1.5083675283328373,4.837614106931959,6.3459816352647955
281,1.4965647311131394,4.910699681560681,6.40726441267382
282,1.4567306608506843,4.9754969767078165,6.432227637558501
283,1.4779727804241785,4.8530367202093,6.331009500633478
284,1.5149184628682637,4.761443988196285,6.276362451064548
285,1.471373889465157,5.012659436522936,6.484033325988094
286,1.4588814147087514,5.242091437990269,6.700972852699021
287,1.4395706955696026,5.830751956862622,7.270322652432225
288,1.444743779596933,5.133902466451751,6.578646246048684
289,1.4746508854709748,4.9148402455706135,6.389491131041588
290,1.4905440884651382,4.795495020700187,6.286039109165325
291,1.5021908830468242,4.773729611526255,6.275920494573079
292,1.4976958865034116,4.855435141817138,6.35313102832055
293,1.490172994461445,4.937983779349402,6.428156773810847
294,1.4675261413105916,5.076096421487725,6.543622562798317
295,1.4227130551578733,5.656827117613152,7.079540172771026
296,1.4172641008925784,5.278397137663837,6.695661238556415
297,1.4524244475867307,4.9517711819311625,6.4041956295178935
298,1.4764374028853313,4.81016121283664,6.286598615721971
299,1.4867697324382119,4.707211462298498,6.19398119473671
300,1.4988841951458463,4.846244718357057,6.345128913502903
301,1.4959773358415662,4.895010795748882,6.390988131590448
302,1.4688415693435304,4.992368813023338,6.461210382366868
303,1.44148096216624,5.361887805692173,6.803368767858413
304,1.4342586513441258,5.234863983681866,6.669122635025992
305,1.449679359874285,5.018587970639256,6.468267330513541
306,1.473480908618659,4.889444846069603,6.362925754688262
307,1.4760738099981139,4.74814691574298,6.224220725741095
308,1.51009852564404,4.794622332397119,6.30472085804116
309,1.493937084500351,4.866131658443927,6.360068742944279
310,1.4790177063564764,4.911862643138979,6.390880349495455
311,1.4695873634354057,4.999373163918828,6.468960527354234
312,1.431854650552614,5.3240072129795175,6.7558618635321315
313,1.4432527378406803,5.085561451330275,6.528814189170955
314,1.4672950408541363,4.901784498573879,6.369079539428015
315,1.4745276906579683,4.810652157639579,6.285179848297547
316,1.4803151610612721,4.709441213780027,6.1897563748412985
317,1.5022565944944726,4.830477949340692,6.332734543835165
318,1.4794063904440031,4.880799300518312,6.3602056909623155
319,1.4668119379086348,5.044060670946453,6.510872608855088
320,1.4571884611802934,5.171720493754435,6.628908954934729
321,1.4406996724656007,5.126163833518628,6.566863505984229
322,1.4582724818622277,4.903619032205554,6.361891514067781
323,1.4796246169791463,4.843653482145153,6.323278099124299
324,1.4969378942064941,4.883702646393986,6.38064054060048
325,1.473605564619618,4.931938373964337,6.405543938583955
326,1.4534313266193637,5.187936975336748,6.641368301956112
327,1.4533743530645318,5.115250203783376,6.568624556847907
328,1.4587039299279747,4.9784860982302925,6.437190028158267
329,1.4711651736842564,4.8497977299634085,6.320962903647665
330,1.457922693761196,5.627428319021177,7.085351012782373
331,1.4125234536995315,6.781965472437611,8.194488926137144
332,1.4221517492717153,5.554432825404597,6.976584574676313
333,1.4430850346820527,5.1811951534062635,6.624280188088316
334,1.4617498939302587,5.007657536551446,6.469407430481705
335,1.4793431666013226,4.992124071058768,6.471467237660091
336,1.4924424355828034,4.888653334381552,6.381095769964356
337,1.4768707300326538,5.1769497703049465,6.6538205003376
338,1.4660516929494603,5.377895956730613,6.843947649680073
339,1.4067486893510905,6.634262044358772,8.041010733709863
340,1.3969560372086633,5.7643829291280815,7.161338966336745
341,1.4376538329916193,5.283871378570722,6.721525211562341
342,1.4552130733124249,5.085132552086729,6.540345625399154
343,1.4600180264253224,4.932606761999057,6.392624788424379
344,1.4825240411478187,5.056594109699822,6.53911815084764
345,1.4794121512312561,5.106734324202963,6.5861464754342185
346,1.4639766060383634,5.331546113333893,6.795522719372256
347,1.43002199052678,6.2768285039091944,7.706850494435974
348,1.4115102380610662,5.9190179869209745,7.330528224982041
349,1.427044144453361,5.496846525767617,6.9238906702209775
350,1.4426385298465043,5.223705431393927,6.666343961240431
351,1.4586262508132015,5.039373010985144,6.497999261798345
352,1.4916597873494368,4.959092996780907,6.450752784130343
353,1.4802104503776703,5.113866072454338,6.594076522832008
354,1.461387321186624,5.1745774736906665,6.635964794877291
355,1.4582573120861717,5.351060506798066,6.809317818884238
356,1.426521025083889,5.878553423084389,7.305074448168278
357,1.4281776740272976,5.580220310686476,7.008397984713774
358,1.4404446647929265,5.329792530948681,6.770237195741608
359,1.45029422383293,5.139015107707585,6.589309331540514
360,1.458529290367682,5.016387779453822,6.474917069821505
361,1.4865254433346855,5.076816859907611,6.563342303242297
362,1.4680294512535532,5.133886410807143,6.601915862060697
363,1.4545261075567635,5.457634586818456,6.912160694375219
364,1.4333758459067232,5.823199833606122,7.256575679512845
365,1.4423485590415608,5.629152423326941,7.0715009823685016
366,1.4355899448949048,5.381956074499799,6.817546019394704
367,1.4486007071956797,5.201071852569023,6.649672559764703
368,1.4779574608791983,5.15164568521891,6.629603146098109
369,1.4585908578455558,5.206323334149324,6.664914191994879
370,1.44239803196787,5.808038654264744,7.250436686232614
371,1.4379392672592424,5.740772939263937,7.178712206523179
372,1.4487688258450433,5.398031793128401,6.846800618973444
373,1.4508365761182875,5.306715434486155,6.757552010604442
374,1.4113452710098586,7.911352330388511,9.32269760139837
375,1.3797530309752213,6.6459730432271105,8.025726074202332
376,1.4264959214923463,5.94835948310594,7.374855404598287
377,1.448712757302612,5.50374563831864,6.952458395621252
378,1.4762977992188953,5.340117245013979,6.816415044232874
379,1.4666585412542767,5.471867129847692,6.938525671101969
380,1.4694762870609448,5.572136259649025,7.04161254670997
381,1.490823106100211,5.556886351865435,7.047709457965646
382,1.4345523715195199,8.1675032322337,9.60205560375322
383,1.4049532850373658,6.605435339548017,8.010388624585383
384,1.4384987906293356,5.811611254725964,7.250110045355299
385,1.4640462578550841,5.491830798559969,6.955877056415053
386,1.4623924810557283,5.292294093403051,6.754686574458779
387,1.4717743295177694,5.559112891822026,7.030887221339795
388,1.473661106218304,5.5485945468446225,7.022255653062927
389,1.4885402560423668,5.44653880293108,6.935079058973447
390,1.4688037063420494,5.879857402866062,7.348661109208111
391,1.3974947833412341,7.610521073435156,9.00801585677639
392,1.4247410332758637,6.2767702522208655,7.701511285496729
393,1.436996141359263,5.756533705279324,7.193529846638587
394,1.4508441758824193,5.600085163525177,7.050929339407597
395,1.4789847019350437,5.416815711802223,6.895800413737267
396,1.4830012996883437,5.592746372274433,7.075747671962777
397,1.4849158597463719,5.3484605231584865,6.833376382904858
398,1.4708086589472864,5.634404105151263,7.10521276409855
399,1.449022072228864,7.0888559994869755,8.53787807171584
400,1.4360807372225282,6.344082711068718,7.780163448291246
401,1.450045056734759,6.0615730320542855,7.511618088789044
402,1.4541122476226023,5.601459308863358,7.05557155648596
403,1.4627474784262864,5.538835633477543,7.001583111903829
404,1.4829937397884427,5.563318678494925,7.046312418283367
405,1.4854012836754211,5.4687625812560166,6.954163864931438
406,1.4647310413678194,5.6214963284818396,7.086227369849659
407,1.4622292728058537,6.026176246178523,7.4884055189843775
408,1.4414169610254888,6.932064244553956,8.373481205579445
409,1.4376616525426473,6.237514321100498,7.675175973643146
410,1.4483936419112629,5.946661088861699,7.395054730772962
411,1.4841988836357016,5.589475459225093,7.073674342860794
412,1.4715788755542878,5.567172059033743,7.03875093458803
413,1.4633021989733608,5.775212416779052,7.238514615752413
414,1.457530792134434,6.447635307683271,7.905166099817705
415,1.459400541653287,6.365880090930681,7.8252806325839686
416,1.4526400329722864,5.991169492132446,7.443809525104733
417,1.4295171414728423,6.276118529503099,7.705635670975941
418,1.417843409757486,5.877253642162,7.295097051919486
419,1.4363925023724082,5.6021702447975334,7.038562747169942
420,1.440512133600385,6.036839889424583,7.477352023024968
421,1.4292355721327457,6.201787130112827,7.6310227022455726
422,1.424454151807482,6.422320995228667,7.846775147036149
423,1.4118677971474556,7.096449491584575,8.50831728873203
424,1.4189366750200814,7.461712359109801,8.880649034129883
425,1.4372696761826058,6.286046590237372,7.723316266419977
426,1.4760365666158615,5.925259515190957,7.4012960818068185
427,1.4330838287779744,5.880047402544983,7.3131312313229575
428,1.4457134443363395,5.670403641733247,7.116117086069587
429,1.4342933530929598,6.272945304241671,7.7072386573346305
430,1.4252156382814731,6.396998348472934,7.822213986754408
431,1.4063430575044211,6.832446416804528,8.238789474308948
432,1.4140318738479616,7.412704432638671,8.826736306486634
433,1.4243723513342996,6.942047933452576,8.366420284786876
434,1.498370544603522,5.993938474908203,7.492309019511725
435,1.463312560234739,6.226392630225571,7.68970519046031
436,1.4370555046690754,5.8671847548569,7.304240259525975
437,1.4452654994679568,6.205831320898951,7.651096820366908
438,1.4297719586413866,6.509489639633048,7.939261598274435
439,1.416054038799611,6.710805935151595,8.126859973951206
440,1.4211030057894147,7.065282473798378,8.486385479587792
441,1.4299602706549672,7.063557443067888,8.493517713722856
442,1.4353353862790628,6.3771035628660915,7.812438949145154
443,1.4527785463591425,5.859692105038219,7.312470651397361
444,1.5041584615037762,5.9936053052480505,7.497763766751826
445,1.444556161499181,6.057425908097475,7.5019820695966555
446,1.4437936232136017,6.385863449897334,7.829657073110936
447,1.4185497967093348,6.743218086469588,8.161767883178923
448,1.4177509822217353,7.0665087580493795,8.484259740271115
449,1.4142344583073205,7.297517204939304,8.711751663246623
450,1.4346062656080052,6.872739600691211,8.307345866299215
451,1.4379659424834985,6.074151812793153,7.512117755276652
452,1.4970269428506773,5.757161277052788,7.254188219903465
453,1.437729354673063,6.601595755099098,8.039325109772161
454,1.4191711192953027,7.033773196386341,8.452944315681643
455,1.4175943411327878,7.264874306735522,8.68246864786831
456,1.4322478882227379,6.812162024387305,8.244409912610044
457,1.4358487861144125,6.509719149146087,7.9455679352605
458,1.4431395501531166,6.010542327207247,7.4536818773603635
459,1.4738468032891519,5.228755597167547,6.702602400456699
460,1.4713874987756639,5.085193032128922,6.556580530904586
461,1.445092576046836,5.187651647874335,6.632744223921171
462,1.438443015194738,5.281286391991217,6.719729407185955
463,1.4216227280144984,5.444563151556753,6.866185879571252
464,1.423350156595656,5.524628763584646,6.947978920180302
465,1.4119986609479405,5.748694190680502,7.1606928516284425
466,1.4356484667166038,5.448466038274296,6.8841145049909
467,1.4674588642104915,5.29851206740947,6.765970931619961
468,1.4959312055864977,5.100711241312347,6.596642446898845
469,1.4869062368887263,5.0082799193412955,6.495186156230021
470,1.4435423794037656,5.246101558940721,6.689643938344487
471,1.4274445705985723,5.3724970601719,6.799941630770473
472,1.4158621925336152,5.534198051100978,6.950060243634593
473,1.4119691765692075,5.703941498303558,7.115910674872765
474,1.4227002161763411,5.61019435314554,7.032894569321881
475,1.455550128037183,5.367285847789074,6.822835975826258
476,1.4802670632945032,5.312156132332656,6.792423195627159
477,1.4919929553231224,5.227333953502532,6.719326908825654
478,1.4480903051544696,5.184806632644039,6.632896937798509
479,1.4353683673122222,5.317844403779272,6.753212771091494
480,1.4235105618937345,5.3967457224824305,6.820256284376165
481,1.4162590766933423,5.622382136405091,7.038641213098433
482,1.4268054106981898,5.511919088338476,6.938724499036666
483,1.4358301125628206,5.3437592898183395,6.77958940238116
484,1.4624593127540435,5.301999079670877,6.76445839242492
485,1.480293133321077,5.2663445124943555,6.746637645815433
486,1.4945257384255817,5.223589860733161,6.718115599158742
487,1.4487031239060992,5.214793010289191,6.66349613419529
488,1.4247476307039442,5.3438940515454405,6.768641682249385
489,1.4150160191726022,5.488896988838182,6.903913008010784
490,1.4137465174950574,5.6410397601510915,7.054786277646149
491,1.4323361338950678,5.433935001333344,6.866271135228412
492,1.4396504575788815,5.268962345915497,6.708612803494379
493,1.4630247332370054,5.25821484646329,6.7212395797002955
494,1.4376648484527557,5.278041229268279,6.715706077721035
495,1.4211700673296512,5.412315618618763,6.833485685948414
496,1.4133171387102694,5.540688106293848,6.954005245004117
497,1.4244832091244268,5.406592992767084,6.831076201891511
498,1.4426215416466712,5.2816215183591675,6.724243060005839
499,1.453006873471852,5.203807554389001,6.656814427860853
500,1.5081243915870395,4.833630240101788,6.341754631688827
501,1.4923693407378789,4.808643627226564,6.301012967964443
502,1.4827918787730912,4.840072882805051,6.322864761578143
503,1.4635746569020702,4.942686807517565,6.406261464419635
504,1.453968359452732,5.079697268481544,6.533665627934276
505,1.438046547982616,5.2056320390313235,6.643678587013939
506,1.4326935717631522,5.077320674372894,6.510014246136046
507,1.4858249433590582,4.941428361832196,6.427253305191255
508,1.5144718291062107,4.9086709956593255,6.423142824765536
509,1.5127107977810612,4.791007662784196,6.303718460565257
510,1.490873058361639,4.85738306630242,6.348256124664059
511,1.4743744828864485,4.8947773257674,6.369151808653848
512,1.4541852724437188,4.996538476787784,6.450723749231503
513,1.460091501779138,5.09828016159172,6.558371663370858
514,1.4362234785326866,5.090589996168069,6.526813474700756
515,1.4735884185461117,4.957744270044204,6.431332688590316
516,1.5056376160875853,4.940143118933294,6.44578073502088
517,1.508717079476563,4.866196511933708,6.374913591410271
518,1.5003207410400485,4.8374049685213905,6.337725709561439
519,1.4796345082425995,4.864290714880315,6.343925223122914
520,1.4581712129072746,4.90407737212993,6.362248585037204
521,1.456646324894628,5.024137340222694,6.480783665117322
522,1.4420070273662737,5.046330419689075,6.488337447055349
523,1.4633888418588934,4.970218945168335,6.433607787027228
524,1.4894918633322038,4.920131315971568,6.409623179303772
525,1.50379617881221,4.880546425332117,6.384342604144327
526,1.5107807325175993,4.831368093988395,6.342148826505994
527,1.4927637568731338,4.837244648381663,6.330008405254797
528,1.4611583416667127,4.881003989774049,6.342162331440762
529,1.4514604571655951,4.965875507787388,6.417335964952983
530,1.4485280726510263,5.052530586340691,6.501058658991717
531,1.4607365179472438,4.959139379863643,6.419875897810887
532,1.4714875771806293,4.889328863159775,6.360816440340404
533,1.498513851532965,4.886610717253526,6.385124568786491
534,1.4882533468361359,4.876718616446257,6.364971963282393
535,1.4595616047781836,4.91907278759668,6.378634392374864
536,1.456495261323093,5.025122191132469,6.481617452455562
537,1.4500149268192493,4.968119764509709,6.418134691328958
538,1.467198615217496,4.901114915188238,6.368313530405734
539,1.4863176503848017,4.851544511237122,6.337862161621923
540,1.5410902709252865,4.713480168623826,6.254570439549112
541,1.5229771362499458,4.747355063298921,6.270332199548867
542,1.488107807470061,4.764148117562882,6.252255925032943
543,1.4738301016224475,4.907931227320852,6.3817613289433
544,1.439413208621157,5.093008370578241,6.532421579199398
545,1.439240968092333,4.988941698425736,6.42818266651807
546,1.4920683875278984,4.7768116615913705,6.268880049119269
547,1.5458377434347013,4.777890895791963,6.323728639226664
548,1.551339167927573,4.718169861057711,6.269509028985284
549,1.530223478815131,4.737566872110903,6.267790350926034
550,1.506535944966474,4.7628457767766825,6.269381721743157
551,1.4908626600623447,4.817154075386601,6.3080167354489465
552,1.4698918048196874,4.9246631457180765,6.3945549505377635
553,1.4507883233796692,4.914952363370341,6.36574068675001
554,1.4884256682416706,4.812002170785031,6.3004278390267014
555,1.5325273746380457,4.787444499791211,6.319971874429257
556,1.5479437306429196,4.74146505609866,6.289408786741579
557,1.5503395047690705,4.729754357774027,6.280093862543097
558,1.5204001689225568,4.7546893927639395,6.275089561686496
559,1.4900782262081356,4.761515977799315,6.25159420400745
560,1.4907633578702486,4.791426037732439,6.282189395602687
561,1.4431917780164472,4.968760170508773,6.41195194852522
562,1.468997208507373,4.849070130027486,6.318067338534859
563,1.5197174100606836,4.780728670288502,6.300446080349186
564,1.5416493003538054,4.753147267047166,6.294796567400971
565,1.5390487567998994,4.6873954129676,6.2264441697674995
566,1.5443592476588108,4.734759246962817,6.279118494621628
567,1.4923626214125922,4.745335135800446,6.237697757213039
568,1.4884891641023659,4.814726974111213,6.303216138213579
569,1.4742771228244207,4.842554881094614,6.316832003919035
570,1.4584241757799083,4.842740071354249,6.301164247134157
571,1.4959295306411704,4.75081687176215,6.24674640240332
572,1.5397465230263894,4.7678918854582815,6.307638408484671
573,1.5256645745792932,4.753958573056272,6.279623147635565
574,1.491225908690386,4.768570657211959,6.259796565902345
575,1.4957285970056786,4.843384403279395,6.3391130002850735
576,1.4714691834380451,4.806726299280388,6.278195482718433
577,1.4888921543961084,4.776017145860881,6.264909300256989
578,1.5228966666947967,4.73810851305484,6.261005179749636
579,1.5398773193999404,4.779224498089341,6.3191018174892815
580,1.499568755810626,4.827328123344407,6.326896879155033
581,1.4792287310909649,5.020635126473498,6.4998638575644625
582,1.4327068205660245,5.88863509015599,7.321341910722015
583,1.4355285171361047,5.141740966159378,6.577269483295483
584,1.4836444873747172,4.831169656275163,6.314814143649881
585,1.5334880598169167,4.743884259818386,6.277372319635303
586,1.5466679282052065,4.641674705670159,6.188342633875365
587,1.5606576134924326,4.793446980240885,6.354104593733318
588,1.5140540624621501,4.770712250096893,6.284766312559043
589,1.4964749440470637,4.850463553307041,6.346938497354104
590,1.4816256136065755,4.931684685030532,6.413310298637107
591,1.4433076238024194,5.325681668361744,6.7689892921641635
592,1.4758077245207566,4.8496451001413945,6.325452824662151
593,1.51397344490753,4.748361548379064,6.2623349932865935
594,1.5309024923038945,4.65409912467907,6.185001616982965
595,1.5897940225204377,4.7940771087337515,6.383871131254189
596,1.536490226590388,4.775810291529529,6.312300518119917
597,1.504699709727377,4.774940670263269,6.279640379990646
598,1.5042689408100984,4.836481746600526,6.340750687410624
599,1.442681967030738,5.179621596915943,6.622303563946682
600,1.4673194707860078,4.958743729540601,6.42606320032661
601,1.511804130111517,4.768096458736885,6.279900588848402
602,1.5430410719903456,4.717278670036422,6.260319742026768
603,1.53872758313082,4.615579742890302,6.154307326021121
604,1.5801146589953516,4.792743451618649,6.3728581106140005
605,1.5127852514613371,4.764455660628874,6.277240912090211
606,1.5069614094868902,4.794722136664691,6.301683546151581
607,1.4726124765534905,4.8707209693704625,6.343333445923953
608,1.455518044595919,4.9008611998414,6.356379244437319
609,1.4857534961413585,4.773085939003201,6.25883943514456
610,1.5327048651562087,4.729245212585235,6.261950077741444
611,1.5462803316180576,4.775978833166561,6.322259164784619
612,1.5173953946134602,4.781240568990035,6.298635963603495
613,1.5155426117760336,4.859396997942255,6.374939609718289
614,1.4651984616249096,4.900850545532874,6.366049007157784
615,1.4908881263640499,4.858448918657841,6.3493370450218904
616,1.5237333624964753,4.735682765679775,6.259416128176251
617,1.4962548229149946,4.893390632444303,6.389645455359298
618,1.468664903272363,5.118803242834819,6.587468146107182
619,1.4247047007282212,6.437374374381795,7.8620790751100165
620,1.4227635334116508,5.310277914815048,6.7330414482266985
621,1.4675894591721355,4.916020783015955,6.38361024218809
622,1.5095178486922713,4.7809628172864365,6.290480665978707
623,1.5184470138292343,4.657555838570025,6.176002852399259
624,1.5489721598242685,4.84812610126689,6.397098261091158
625,1.5191320134621098,4.8868258517969725,6.405957865259082
626,1.4908527924381003,4.954922673887226,6.445775466325326
627,1.4703683036099022,5.062364315405555,6.532732619015457
628,1.432602439114271,5.394506842863374,6.827109281977645
629,1.460777089051912,5.001230567970046,6.462007657021958
630,1.4911849747811505,4.822188066731941,6.313373041513091
631,1.5051276841406855,4.696791790841161,6.201919474981846
632,1.5436808691901176,4.782112180670261,6.325793049860378
633,1.5410589197029514,4.879277024887963,6.4203359445909145
634,1.4967907652350034,4.878218242698433,6.3750090079334365
635,1.4843817262257721,4.9637260346629,6.448107760888672
636,1.4331692481706575,5.489996453320068,6.923165701490726
637,1.4523877566678645,5.078817803720855,6.531205560388719
638,1.4992766291464543,4.894059813344308,6.393336442490762
639,1.5121793028502253,4.777916399447399,6.2900957022976245
640,1.5174516107747558,4.676431917159149,6.193883527933904
641,1.5473551823171192,4.814932256800014,6.362287439117133
642,1.5111059863581524,4.866016429762843,6.377122416120995
643,1.4878868107856817,4.949080080478106,6.436966891263788
644,1.4638034896592127,5.144652048470683,6.6084555381298955
645,1.4469940054537644,5.113011246230778,6.560005251684543
646,1.4697932761381354,4.890937334668208,6.3607306108063435
647,1.4964729698029384,4.771847657999422,6.26832062780236
648,1.5429266795050347,4.874690358010832,6.417617037515867
649,1.508665694431008,4.890840996241116,6.3995066906721245
650,1.5012855395368134,5.094172696296408,6.595458235833221
651,1.4547116265309,5.209590801240027,6.664302427770926
652,1.4711532697467622,4.945683720730553,6.416836990477315
653,1.5055249678402793,4.816550562905423,6.322075530745702
654,1.4813764220362131,5.189813483350457,6.67118990538667
655,1.4356791755748561,5.566681082017618,7.002360257592474
656,1.412716198869233,5.5151868969083315,6.927903095777564
657,1.4533369132715253,5.056300530217186,6.509637443488711
658,1.4675789252446152,4.882822779515126,6.350401704759742
659,1.4866672625713313,4.789692470500758,6.2763597330720895
660,1.5037537455248586,4.892018027836449,6.395771773361307
661,1.5060560216422838,4.979917154393849,6.485973176036133
662,1.493246356711865,5.083236359027465,6.5764827157393295
663,1.4613159720783644,5.236825290672314,6.698141262750679
664,1.4340124433695571,5.64895623486462,7.082968678234177
665,1.4493997329095947,5.183038604742242,6.632438337651837
666,1.462239306322904,4.948663119328267,6.410902425651171
667,1.4704713220042405,4.803385167497273,6.273856489501513
668,1.5093784810075417,4.850113580740501,6.359492061748043
669,1.502537152784756,4.942197648383234,6.44473480116799
670,1.4917810749852634,4.996967722634668,6.488748797619932
671,1.4787770693326405,5.086743667019007,6.5655207363516475
672,1.4358421055191684,5.579036781781227,7.014878887300395
673,1.4456877236600243,5.24866372769498,6.694351451355004
674,1.4619357761082623,5.017010488386888,6.478946264495151
675,1.4753916298901564,4.902302569590385,6.377694199480541
676,1.4786421392441074,4.7773210209244175,6.255963160168525
677,1.5188396482651103,4.84344702651382,6.362286674778931
678,1.4879436163123834,4.965299187415496,6.45324280372788
679,1.4731700763046236,5.102160038011731,6.575330114316355
680,1.4649288762735608,5.263570729173887,6.728499605447448
681,1.4426957960903732,5.337848844746851,6.780544640837224
682,1.4552322379253007,5.080424354600172,6.535656592525473
683,1.4737167546499248,4.928862335017136,6.402579089667061
684,1.5056031402901384,4.943783368187256,6.449386508477394
685,1.4857907439966511,5.0084505412999025,6.494241285296553
686,1.4645405015854156,5.361979656478376,6.826520158063792
687,1.4611631405314176,5.371564077255627,6.832727217787045
688,1.4617617881677278,5.202701513136215,6.664463301303942
689,1.4750291038076218,4.955536724027483,6.430565827835105
690,1.41322548737905,8.22128153152695,9.634507018906
691,1.3926217499771627,6.1631662580640505,7.555788008041214
692,1.4364115219159348,5.382708288378408,6.819119810294343
693,1.4652378116948963,5.183189952193344,6.6484277638882405
694,1.4619301208637785,4.992202252302957,6.454132373166735
695,1.4790319204539217,5.152436467406259,6.631468387860181
696,1.4835938088783913,5.207001089007931,6.690594897886323
697,1.4927490891774755,5.26822785084774,6.760976940025216
698,1.4601726356871136,5.463175740329829,6.923348376016943
699,1.4170150705589193,6.515175371573378,7.932190442132297
700,1.432939516870685,5.7463169348175915,7.179256451688277
701,1.4452374356382345,5.256133968570107,6.701371404208341
702,1.455712979782733,5.080627275557857,6.5363402553405905
703,1.485464971235231,5.080504316563937,6.565969287799168
704,1.485410229585825,5.188463145667991,6.673873375253816
705,1.4998754652524082,5.033646236115172,6.53352170136758
706,1.4716913536099185,5.348257474087765,6.819948827697683
707,1.4354690552552765,6.829910395720438,8.265379450975715
708,1.4329307064511756,6.040554064129669,7.4734847705808445
709,1.443236828537541,5.50564157508328,6.948878403620821
710,1.4502662250517249,5.16610051952732,6.616366744579045
711,1.4601360390061757,5.084306610598545,6.54444264960472
712,1.48398951992397,5.1585245581840695,6.642514078108039
713,1.4898089786359936,5.1361584532383455,6.625967431874339
714,1.4728223489898529,5.311538758373396,6.784361107363249
715,1.4621646481535648,5.567711653147922,7.029876301301487
716,1.4452861060086137,6.142536470853415,7.587822576862028
717,1.44270149739583,5.654015668365277,7.096717165761107
718,1.4458746639027262,5.382451879222228,6.8283265431249545
719,1.4899585773793418,5.194687266008972,6.684645843388314
720,1.473300536328061,5.191394798852295,6.664695335180356
721,1.4596092237007667,5.635294686436217,7.094903910136984
722,1.4535268781752064,6.111822540939134,7.56534941911434
723,1.4516168849920628,5.848522371847855,7.300139256839918
724,1.4443184254850194,5.4750044999449505,6.91932292542997
725,1.3893150958684675,6.793865547480412,8.18318064334888
726,1.4194562901550516,6.2595597068379805,7.679015996993032
727,1.4120205151580045,5.925279464724188,7.337299979882192
728,1.4122576134028162,5.672638623882899,7.084896237285715
729,1.4262247381424937,6.398270233560763,7.824494971703256
730,1.4182451344337799,6.83181840495253,8.25006353938631
731,1.4105652603038743,7.673048734571871,9.083613994875746
732,1.4356286432664858,6.484093476461822,7.919722119728307
733,1.4286072651449266,6.1635482347977275,7.592155499942654
734,1.427657667740196,6.24365953900824,7.671317206748435
735,1.408212113761618,5.944496768868585,7.3527088826302025
736,1.4142189896159645,5.783457655892669,7.197676645508634
737,1.4349621292800199,5.975379906716395,7.410342035996415
738,1.427686125585936,6.95701205649492,8.384698182080855
739,1.4139196677778803,7.512609669786352,8.926529337564233
740,1.4301819382554768,8.146560955031145,9.576742893286621
741,1.4653999147460677,5.651887604876864,7.1172875196229315
742,1.4281850796755338,5.995144395067275,7.4233294747428085
743,1.411936643033693,6.138989576906123,7.550926219939816
744,1.4379933796768356,5.615046922015547,7.053040301692382
745,1.4167111518474187,5.771293426206378,7.188004578053796
746,1.4356548540944287,6.1747834503808035,7.610438304475232
747,1.4242776937833548,7.206404351993805,8.63068204577716
748,1.4227451446178534,8.261824378019046,9.684569522636899
749,1.4463445109966424,6.267638505206603,7.713983016203245
750,1.4453715955769073,5.930988728561088,7.376360324137996
751,1.4275194093435069,5.712168617147031,7.139688026490538
752,1.4380859494702745,5.715364850259037,7.1534507997293115
753,1.4366734363627662,6.560823960141085,7.997497396503851
754,1.4259517947126963,7.9152484569116695,9.341200251624366
755,1.4260131234370772,9.171142761973908,10.597155885410984
756,1.4707955844740888,5.444593865277342,6.91538944975143
757,1.4408814672941965,5.8663767378127485,7.307258205106945
758,1.435748427946243,5.73265642970222,7.168404857648463
759,1.43880971029931,5.651400928389393,7.090210638688703
760,1.4270769867747553,5.398137115978756,6.825214102753511
761,1.4252899973530038,5.267305882294499,6.692595879647503
762,1.4263579340157944,5.365504731073869,6.791862665089663
763,1.4056122976655225,5.469318308005075,6.874930605670597
764,1.402649814511993,5.692583373334825,7.0952331878468184
765,1.4101213578141998,5.812148965154908,7.222270322969107
766,1.42109823721572,5.753592485340373,7.174690722556092
767,1.4435510456472238,5.604309814982975,7.047860860630199
768,1.4395678798818705,5.554600412333377,6.994168292215248
769,1.4322788048562802,5.412943659428778,6.845222464285058
770,1.4391963322141748,5.366106680992779,6.805303013206954
771,1.4206447961245172,5.476835721331575,6.897480517456092
772,1.4085955987067995,5.628916730164579,7.037512328871379
773,1.4054411583758688,5.771709405515695,7.177150563891564
774,1.4186077674003452,5.801015550928361,7.219623318328706
775,1.4259928162066282,5.647253118049324,7.073245934255953
776,1.482566882965969,5.382868591670998,6.865435474636967
777,1.448395746933462,5.6680580575780395,7.116453804511502
778,1.4351909653124233,5.501535968431946,6.936726933744369
779,1.4364343738481964,5.43431704216977,6.870751416017966
780,1.4089261263643167,5.56228236215283,6.971208488517147
781,1.4024599956356885,5.689570680644741,7.09203067628043
782,1.4115901558423791,5.745113237921677,7.156703393764056
783,1.4274922531590397,5.6699557652140475,7.097448018373087
784,1.4351224339625437,5.582526105546446,7.01764853950899
785,1.4463187764573235,5.456084956349369,6.902403732806693
786,1.4273946131683737,5.568929157435671,6.996323770604045
787,1.4088508034854184,5.736645870302132,7.14549667378755
788,1.4089258287585689,5.7727746672865825,7.181700496045151
789,1.4207212815628425,5.711053332694786,7.131774614257629
790,1.4324793100057707,5.606407699438062,7.038887009443833
791,1.4326345911072038,5.491280750490672,6.923915341597876
792,1.5212201969775572,4.963274660985475,6.484494857963033
793,1.5161296213889066,4.81530304751168,6.331432668900587
794,1.471205188063636,4.912813393906675,6.384018581970311
795,1.45734423630394,5.011047574464187,6.468391810768127
796,1.4402784658897738,5.1300741977221636,6.570352663611938
797,1.4483211376370495,5.17915751036907,6.627478648006119
798,1.4426158746175786,5.175964229175849,6.618580103793428
799,1.5079241960569263,5.0978663192919615,6.605790515348888
800,1.5274604986765024,5.037360214114426,6.564820712790929
801,1.5274023884583443,4.924979668019019,6.452382056477363
802,1.4858204229450445,4.851964551216671,6.337784974161716
803,1.4717067647752016,4.969592768755165,6.441299533530366
804,1.4514919196517144,5.03783099761934,6.489322917271054
805,1.4477664642652204,5.158458806402444,6.6062252706676645
806,1.449823230357323,5.188517880705057,6.63834111106238
807,1.466847767420707,5.059597378990303,6.52644514641101
808,1.508287283992601,5.0497172641467385,6.55800454813934
809,1.520671547076397,4.9748735789124945,6.495545125988891
810,1.5458605195665875,4.9120142385619125,6.4578747581285
811,1.4890074506170994,4.910391344250077,6.399398794867176
812,1.4565400812225997,5.044734259875244,6.501274341097844
813,1.4453961042208225,5.114816104349611,6.560212208570434
814,1.4439178526697045,5.163218833707139,6.607136686376844
815,1.4619461288834845,5.053862882698444,6.515809011581928
816,1.471050147923394,4.937755609786731,6.408805757710125
817,1.515032768131361,4.961365433280928,6.476398201412289
818,1.477826956891615,4.976148449873134,6.453975406764749
819,1.4540315090209022,5.099704572469256,6.553736081490158
820,1.4446558190312113,5.188707062791035,6.633362881822247
821,1.4498032472248075,5.07458205043917,6.524385297663978
822,1.471358872520962,4.956166551764151,6.427525424285113
823,1.4891619135048342,4.873119659490374,6.362281572995208
824,1.5551007898009288,4.764174477648446,6.319275267449375
825,1.5175566434382664,4.773159295408761,6.290715938847027
826,1.4909792130440336,4.802317181553973,6.2932963945980065
827,1.477723792170588,4.889956570123116,6.3676803622937035
828,1.4697242474486838,4.9570228346974,6.426747082146084
829,1.4550205505551808,4.989482414113301,6.444502964668482
830,1.511407444388212,4.871023234853973,6.3824306792421845
831,1.5596873429168245,4.906548198276642,6.466235541193466
832,1.57274104895607,4.854725774614478,6.427466823570548
833,1.5374291397839739,4.74998479335194,6.287413933135914
834,1.5095647609609566,4.794943550820078,6.304508311781035
835,1.4735615465682943,4.802509169206706,6.276070715775001
836,1.484014254911406,4.906751752553852,6.390766007465258
837,1.4797383407608977,4.936897220348952,6.41663556110985
838,1.4741665169356852,4.864286966946754,6.338453483882439
839,1.5336464114851032,4.861515859131956,6.3951622706170586
840,1.5618534322659032,4.859316883438681,6.421170315704584
841,1.5632546495159025,4.806046987846248,6.369301637362151
842,1.5401439781290969,4.774954069076365,6.315098047205462
843,1.4782906263337856,4.793762193020357,6.272052819354142
844,1.4768412675668026,4.874034116702478,6.350875384269281
845,1.4704569479830958,4.891624079304464,6.36208102728756
846,1.470849372571176,4.852303363073713,6.323152735644889
847,1.4969711701140016,4.804770831005198,6.3017420011192
848,1.5481238825305854,4.8436811068354215,6.3918049893660065
849,1.5178786202091483,4.804148537320907,6.322027157530056
850,1.4770401228979848,4.828365740225745,6.30540586312373
851,1.4886408319750728,4.9129764641230755,6.401617296098149
852,1.469221853431446,4.884372339858433,6.353594193289879
853,1.5060679868727485,4.811389534640959,6.317457521513708
854,1.5241363288462746,4.7815936352899655,6.3057299641362405
855,1.526531080094795,4.650618315087169,6.1771493951819645
856,1.513471323705396,4.690871008554563,6.204342332259959
857,1.4854066285986793,4.720300314267159,6.205706942865838
858,1.4670135879643968,4.7889362212257875,6.255949809190184
859,1.4471047476933514,4.968527648779133,6.415632396472485
860,1.506371963102499,4.789365040861045,6.295737003963544
861,1.550035749193057,4.744898792673316,6.294934541866374
862,1.567824055656018,4.734300543508517,6.302124599164534
863,1.5479961635272026,4.63713763122708,6.185133794754282
864,1.521385586422416,4.6840606198631445,6.20544620628556
865,1.4891500194840481,4.6938167565703806,6.182966776054428
866,1.4892495834933632,4.725191208395864,6.214440791889227
867,1.448823705391961,4.901040399792497,6.349864105184458
868,1.4850333298501004,4.7588263298399935,6.243859659690094
869,1.5323062343737752,4.731778450824713,6.264084685198489
870,1.5550849363431472,4.70494542232272,6.260030358665867
871,1.5802869159878132,4.7139172436946355,6.294204159682449
872,1.5418247017063857,4.641216463283185,6.183041164989571
873,1.4913318082302944,4.678876380432951,6.170208188663246
874,1.48666866486557,4.720454537464551,6.207123202330122
875,1.4766106797954586,4.724698767498908,6.201309447294367
876,1.463023852728707,4.797263197084269,6.260287049812976
877,1.5026945613189768,4.711013185003827,6.213707746322804
878,1.5405852768077437,4.67940334283499,6.219988619642734
879,1.5235067406156053,4.67643203533871,6.199938775954315
880,1.4923154988590617,4.701129600305558,6.19344509916462
881,1.4926919085244372,4.7528746926294065,6.245566601153843
882,1.4845190547370937,4.729015555324999,6.2135346100620925
883,1.5049068557941765,4.71685187997391,6.221758735768086
884,1.5296197892441155,4.661299875782325,6.190919665026441
885,1.5267261921282362,4.886051635485893,6.412777827614129
886,1.4994054693183205,4.967777313369048,6.4671827826873685
887,1.4736644604735805,5.1197171849054035,6.593381645378984
888,1.4372834195515487,5.455763365893835,6.893046785445384
889,1.4660248589875855,4.935737188600402,6.401762047587987
890,1.5088323927938208,4.829407079000437,6.338239471794258
891,1.5200860332254045,4.696992963916751,6.217078997142155
892,1.5659195532138448,4.808802935840669,6.3747224890545136
893,1.5589173550181663,4.897753751183062,6.456671106201228
894,1.5097999817971623,4.880840438056644,6.390640419853806
895,1.4972731331297877,4.926683687765985,6.423956820895773
896,1.4429226301803677,5.436401129277908,6.879323759458276
897,1.4603405499642972,5.048680623110178,6.5090211730744745
898,1.4995769795135963,4.840763370682341,6.3403403501959374
899,1.5210675355286085,4.760443320825352,6.28151085635396
900,1.519839433153431,4.651852775175335,6.171692208328766
901,1.5738874235431872,4.853562033925618,6.427449457468805
902,1.509855519123182,4.8701084381617825,6.379963957284964
903,1.4984854226516602,4.960986530328268,6.459471952979928
904,1.4722691935025252,5.130177224016676,6.602446417519201
905,1.4514922082408732,5.077124462677918,6.528616670918791
906,1.485104611294156,4.890290320008248,6.375394931302404
907,1.5247497553405234,4.783553324236709,6.308303079577232
908,1.5587823101065854,4.894370098403245,6.453152408509831
909,1.5145931663604062,4.891469798229777,6.406062964590183
910,1.5146056245420316,5.108642583003064,6.623248207545096
911,1.4620819969655912,5.138520093747789,6.60060209071338
912,1.4809062170071896,4.953518228617384,6.434424445624574
913,1.5109684978424949,4.78244045073603,6.293408948578525
914,1.500137452493544,5.027245932315206,6.527383384808751
915,1.466965252160589,5.314137423168516,6.781102675329105
916,1.4319171518934377,5.673485688217219,7.105402840110656
917,1.4510659769997278,5.132669595061576,6.583735572061304
918,1.4806390411074681,4.90679158546524,6.3874306265727085
919,1.4917798296929108,4.744284023246092,6.236063852939003
920,1.525040058569307,4.794304027516968,6.319344086086275
921,1.5341762829716576,4.941336205415696,6.475512488387354
922,1.5124485980368938,4.967690771039634,6.480139369076528
923,1.4832396632325513,5.045879171050744,6.529118834283295
924,1.4368386002651077,5.755556895300718,7.192395495565826
925,1.444570357142672,5.210071667206389,6.6546420243490605
926,1.4759335513598815,4.968872467956265,6.444806019316147
927,1.489233320163116,4.806459534838783,6.295692855001899
928,1.4909978903919086,4.6914365610344735,6.182434451426382
929,1.5288672464715864,4.847359242992956,6.376226489464543
930,1.5166136511789774,4.967141987668593,6.483755638847571
931,1.4932738252860527,5.06133576555361,6.554609590839663
932,1.4610136368310125,5.432848517051597,6.893862153882609
933,1.4411823429640958,5.338692465152653,6.779874808116749
934,1.4682949594115757,5.001170105815506,6.469465065227082
935,1.4837890683120925,4.8378696575922575,6.32165872590435
936,1.5334061780746946,4.936506434985936,6.469912613060631
937,1.5092347431719002,4.96590533264665,6.47514007581855
938,1.4849770202557637,5.259921941215364,6.744898961471128
939,1.4587344164547569,5.423415592148809,6.882150008603566
940,1.4672668587775253,5.1235016779873375,6.5907685367648625
941,1.4837069682023145,4.869046204170983,6.352753172373298
942,1.474622672685245,5.488409439286367,6.9630321119716125
943,1.4441328307497303,5.5293078473440875,6.973440678093818
944,1.447502192770827,5.296700169936276,6.744202362707103
945,1.462751795582642,5.047485511812706,6.510237307395348
946,1.4662075845537936,4.855651519961108,6.3218591045149015
947,1.5033969571608334,4.909314359202667,6.412711316363501
948,1.4987356274997128,4.976929218384433,6.475664845884146
949,1.497669473943403,5.033695037130329,6.531364511073732
950,1.4941426622928797,5.178856401494524,6.672999063787405
951,1.4444845607584347,5.771958025962279,7.216442586720714
952,1.4454864816171022,5.412493682602303,6.857980164219406
953,1.4581024749617324,5.130849104864423,6.588951579826156
954,1.469656617322833,4.940755884313158,6.4104125016359905
955,1.4702096491316645,4.82007161007005,6.2902812592017145
956,1.5044166085709945,4.968577583048184,6.472994191619178
957,1.5044938946524857,5.0089886830642865,6.513482577716772
958,1.4863492594957397,5.159564053743916,6.645913313239655
959,1.4645800439384375,6.062011964452638,7.526592008391075
960,1.4454180882408365,5.566096545347535,7.011514633588371
961,1.4576524877190316,5.152671165822805,6.610323653541837
962,1.463093183239814,5.012301874357657,6.4753950575974715
963,1.5101848782226488,4.983190646551506,6.493375524774155
964,1.500420751830661,5.068123160184042,6.568543912014703
965,1.4861710218736857,5.363029213122825,6.849200234996511
966,1.4648753357902906,5.7201980301381035,7.185073365928394
967,1.457846843130501,5.301734415119787,6.759581258250288
968,1.4615121220315497,5.060414610853105,6.521926732884655
969,1.4237183643122626,7.036918938141991,8.460637302454254
970,1.4345693649967963,5.8304711033293195,7.265040468326116
971,1.4475841041947153,5.345491363606562,6.793075467801277
972,1.4577673979442225,5.091389086539237,6.5491564844834596
973,1.4798417400435726,4.981060882825088,6.460902622868661
974,1.469078357428768,5.044331547504133,6.513409904932901
975,1.4646747400781135,5.143304184569462,6.6079789246475755
976,1.4962850711061477,5.261595744882066,6.757880815988214
977,1.4692439972605449,5.465699643313522,6.934943640574067
978,1.447574560533061,5.70529714063107,7.152871701164131
979,1.4604584032084071,5.300622712315907,6.7610811155243145
980,1.4715687984617558,5.020923501159113,6.492492299620869
981,1.4671514781966803,4.898318571533616,6.3654700497302965
982,1.4883293162377418,4.962505971876546,6.450835288114288
983,1.4703602142231762,5.137465780514617,6.6078259947377935
984,1.4788063322136151,5.315427646773241,6.794233978986856
985,1.4949616440597653,5.1905322399825495,6.685493884042315
986,1.4558045934649317,6.002345128760387,7.458149722225319
987,1.4373825557493716,5.56267605767544,7.0000586134248115
988,1.462505171652842,5.234877455117831,6.697382626770674
989,1.4815169602293579,5.074576283669176,6.556093243898534
990,1.4879137753930218,5.165223173827277,6.653136949220299
991,1.518019152837429,5.107994360702241,6.62601351353967
992,1.4759240124671613,5.274603875085967,6.750527887553129
993,1.4625478193067236,5.362723100508092,6.825270919814816
994,1.4687623253869488,5.1687523777673094,6.637514703154258
995,1.4395534980277742,5.576010739161015,7.015564237188789
996,1.4369932447836158,5.3659443243953175,6.802937569178933
997,1.444872183788904,5.270124062232383,6.714996246021287
998,1.4425050797007422,5.312845963776603,6.755351043477345
999,1.4331313399604977,5.654487332267013,7.08761867222751
1000,1.4200443736348183,5.967431660422864,7.387476034057682
1001,1.4276490432402147,6.195856160678597,7.623505203918811
1002,1.4464006073788658,5.71437729791279,7.160777905291656
1003,1.4444292595980155,5.469804758799642,6.914234018397657
1004,1.4397266319744855,5.431169153482205,6.870895785456691
1005,1.4458436676833122,5.325681416982604,6.7715250846659165
1006,1.4481580449542772,5.1854343962766585,6.6335924412309355
1007,1.4402530537096239,5.597204292851664,7.037457346561288
1008,1.4287387859592664,5.79736232320891,7.226101109168177
1009,1.4220763599819444,6.198694095227303,7.6207704552092475
1010,1.436040359458705,6.049925654470489,7.485966013929194
1011,1.4548094753025569,5.524320446396443,6.979129921699
1012,1.443997257054223,5.3016038497679885,6.745601106822211
1013,1.4461986629286094,5.312327436915107,6.758526099843716
1014,1.436481283268899,5.67515127340822,7.111632556677119
1015,1.4270402389462933,6.0579552251666495,7.484995464112943
1016,1.4267308812134398,6.332089477973516,7.758820359186956
1017,1.4450343594129587,5.583071220534885,7.028105579947844
1018,1.4628726023684213,5.252028184204296,6.714900786572718
1019,1.4472509505002886,5.274343694840896,6.721594645341185
1020,1.4964655078042286,5.122944257741633,6.6194097655458615
1021,1.4870541573459093,5.02283441207749,6.509888569423399
1022,1.4789272513388438,4.941631697968704,6.420558949307548
1023,1.4567068766408473,5.027119669760209,6.4838265464010565
1024,1.4426783790359377,5.133213178566897,6.5758915576028345
1025,1.447896821585431,5.3010993915796325,6.748996213165063
1026,1.4562267251975614,5.273240821063663,6.729467546261224
1027,1.470494277209642,5.1594759447422875,6.62997022195193
1028,1.4885864691790152,5.103143202886931,6.591729672065946
1029,1.5282130757500816,5.091187570857404,6.6194006466074855
1030,1.4877948204354685,4.996917316119898,6.484712136555366
1031,1.4765456733021987,4.981474385598807,6.458020058901005
1032,1.4436534100951957,5.098178933229111,6.541832343324306
1033,1.438171645006297,5.185963403947582,6.624135048953879
1034,1.4449189882941909,5.3008492644544765,6.745768252748667
1035,1.4645076997995152,5.192511869271281,6.657019569070797
1036,1.4729791870405358,5.063628788328821,6.536607975369357
1037,1.522007926191004,5.04421136514286,6.566219291333864
1038,1.4661789335001505,5.0666105435342415,6.532789477034392
1039,1.444000101554635,5.205323123666246,6.649323225220881
1040,1.4438285819164627,5.250541938204544,6.694370520121007
1041,1.4609884574488075,5.1839467725827095,6.644935230031517
1042,1.469188305334106,5.115349549918201,6.584537855252307
1043,1.4780728741857692,5.001663820025719,6.479736694211488
1044,1.5837425811584342,4.964245238797165,6.547987819955599
1045,1.5285274013174024,4.788798846961739,6.317326248279141
1046,1.4999803323290377,4.87290302013056,6.372883352459598
1047,1.469234258825101,4.92098160605891,6.390215864884011
1048,1.471843272445864,5.041235188877947,6.513078461323811
1049,1.476482700575117,5.039700416984067,6.516183117559184
1050,1.486834329731064,4.969556335269845,6.456390665000908
1051,1.5603238848872625,5.0351209363571785,6.595444821244441
1052,1.5759502487181711,4.9788842116503655,6.554834460368537
1053,1.5827357403606892,4.90718684471708,6.489922585077769
1054,1.5328251063793739,4.8438312469807165,6.37665635336009
1055,1.476066181655966,4.90125858154888,6.377324763204846
1056,1.4631973753488985,4.9904599007552815,6.45365727610418
1057,1.4597288023293233,5.049457116908967,6.50918591923829
1058,1.4841450448421065,4.9817759812560976,6.465921026098204
1059,1.5116569347562645,4.910644953037081,6.4223018877933455
1060,1.5562945719542518,4.934248283883542,6.490542855837793
1061,1.5150802231363196,4.895864375646982,6.410944598783302
1062,1.4711924383067323,4.9811059641494015,6.452298402456134
1063,1.4738018946768034,5.043641245028469,6.517443139705272
1064,1.4680983111782149,4.973661018028507,6.441759329206722
1065,1.50965164877749,4.910801179236243,6.420452828013733
1066,1.5204220619987008,4.827930230048857,6.348352292047558
1067,1.5452126443760157,4.680858412412496,6.226071056788512
1068,1.5099693173468933,4.723495933698835,6.233465251045729
1069,1.4781966861774,4.7403651867089724,6.218561872886372
1070,1.4824448685923124,4.806537955846799,6.2889828244391115
1071,1.4614895559610452,4.852412049301752,6.313901605262798
1072,1.4886105223035062,4.811233188598066,6.2998437109015715
1073,1.5438964532303268,4.817725836524264,6.361622289754591
1074,1.5726117304297509,4.807685654664169,6.38029738509392
1075,1.5851218425848306,4.790048112443513,6.375169955028343
1076,1.537977224661853,4.692245119142325,6.230222343804178
1077,1.4817638217074356,4.727441663136844,6.209205484844279
1078,1.4738523957383596,4.778617278294474,6.252469674032834
1079,1.4677966962235511,4.838234560231645,6.306031256455196
1080,1.496224344748592,4.802395748542844,6.2986200932914365
1081,1.5054507392834096,4.742717268923055,6.248168008206465
1082,1.5565467893561231,4.782064082641447,6.33861087199757
1083,1.5228511170315286,4.740585460668778,6.263436577700307
1084,1.4793877631287597,4.753487508061866,6.2328752711906255
1085,1.4837094456560411,4.798458012810594,6.282167458466635
1086,1.4779658624143401,4.781821293078722,6.259787155493062
1087,1.5076867160847978,4.729001305180345,6.236688021265143
1088,1.5320684440854995,4.724218157966393,6.256286602051893
1089,1.549135698992986,4.801954490455706,6.3510901894486915
1090,1.5196275406025868,4.815954722238108,6.335582262840695
1091,1.5112984163013807,4.898610702652295,6.409909118953676
1092,1.4513802026713776,5.179716773417569,6.631096976088947
1093,1.4701351457460752,4.946425120901104,6.4165602666471795
1094,1.5136131930218382,4.7678122452862945,6.2814254383081325
1095,1.5461837341930331,4.714157673723767,6.260341407916799
1096,1.5401389600131004,4.607978620932752,6.148117580945852
1097,1.5981166570472984,4.832919060218058,6.431035717265356
1098,1.5200938011589296,4.788095387824024,6.308189188982953
1099,1.5154505858805898,4.849362230958011,6.364812816838601
1100,1.4821534079835714,4.922968865116021,6.405122273099592
1101,1.459404736140299,4.973157785375738,6.432562521516037
1102,1.4908491675027034,4.781793765401085,6.272642932903788
1103,1.5435724756421607,4.733009341046545,6.276581816688705
1104,1.5555515316709538,4.810607650702677,6.3661591823736305
1105,1.5276996568555061,4.8085130699544445,6.336212726809951
1106,1.5235744766484782,4.904801677294385,6.428376153942863
1107,1.4717456133131606,4.924119222417251,6.3958648357304115
1108,1.4900476795419977,4.829062394050535,6.319110073592532
1109,1.5256398460757925,4.716207643384635,6.241847489460428
1110,1.5185560411614838,4.94054975921027,6.459105800371754
1111,1.4939222931655605,4.9606384216544575,6.454560714820018
1112,1.4457786889448938,5.720297087887119,7.166075776832013
1113,1.4541263285532045,5.18591112332091,6.6400374518741145
1114,1.5025231346336336,4.919659285814367,6.422182420448001
1115,1.5150401568688872,4.799528959415461,6.314569116284348
1116,1.5131000554706626,4.680751667159386,6.193851722630049
1117,1.558745355174973,4.871993101338212,6.430738456513185
1118,1.5268899923908676,4.937495602630566,6.464385595021434
1119,1.5037309889745225,4.944853317832112,6.448584306806635
1120,1.4791536628550674,5.080557114241694,6.559710777096761
1121,1.4515201596769798,5.246242805285694,6.697762964962673
1122,1.4873224311247675,4.9731081364261485,6.460430567550916
1123,1.5049999971780228,4.802936859228658,6.3079368564066804
1124,1.5686455111268798,4.954877388521494,6.523522899648373
1125,1.508707156474284,4.941346832492703,6.450053988966987
1126,1.498077896962467,5.096078131063877,6.594156028026345
1127,1.4657712552477626,5.3364028434473925,6.802174098695155
1128,1.486004821058655,5.058426656162351,6.544431477221006
1129,1.4981151882185615,4.81695061743015,6.315065805648711
1130,1.4856231270304328,5.0527370102310725,6.538360137261505
1131,1.4346804047671282,6.2065515697133185,7.641231974480447
1132,1.4410956590978463,5.327900473497068,6.768996132594914
1133,1.4673037563042526,5.003787767753383,6.471091524057635
1134,1.4770784993709871,4.829032608787499,6.306111108158486
1135,1.484220806184014,4.72427968046632,6.208500486650334
1136,1.516149909731598,4.860202063831453,6.376351973563051
1137,1.5220988342958963,4.980675877521015,6.502774711816911
1138,1.5002364910912716,5.057880170191009,6.5581166612822805
1139,1.472913136851874,5.237260565882872,6.710173702734746
1140,1.4388363727390652,5.552679767702321,6.9915161404413855
1141,1.4557318326606992,5.074834351415739,6.530566184076438
1142,1.4714904701575788,4.8804939718069305,6.351984441964509
1143,1.5237510379401387,4.962399521100245,6.486150559040384
1144,1.5106507777450673,5.034099923669798,6.544750701414865
1145,1.479378966833971,5.3918147597653,6.87119372659927
1146,1.4559091566956686,5.594096185536785,7.050005342232453
1147,1.4511636711956666,5.211939145029466,6.663102816225132
1148,1.4674386690905818,4.905367140201153,6.372805809291735
1149,1.4578674564147687,5.656381413506586,7.114248869921354
1150,1.453676848092786,5.406342115547756,6.860018963640542
1151,1.466524603596827,5.162404912674756,6.628929516271583
1152,1.4813273247680827,4.93015310985549,6.411480434623573
1153,1.473397049415289,4.814743416968114,6.288140466383403
1154,1.511037187536007,4.90359968836861,6.414636875904617
1155,1.4930196810263379,5.031352665596026,6.524372346622364
1156,1.5081321783341213,5.117901994580917,6.6260341729150385
1157,1.4853331897717332,5.356876444450742,6.842209634222475
1158,1.449590928147058,5.5761475986896425,7.025738526836701
1159,1.4540738032025036,5.190765413305854,6.644839216508358
1160,1.4786508038767978,4.9922845197555334,6.4709353236323315
1161,1.4992728681922545,4.984120287733998,6.483393155926253
1162,1.5024511296542482,5.070594488940887,6.573045618595135
1163,1.5004883361378354,5.317956488355693,6.818444824493529
1164,1.4595173908990864,6.066747969033217,7.526265359932303
1165,1.4556478844006076,5.371803441830031,6.827451326230639
1166,1.4787874977056834,5.016798145825929,6.495585643531612
1167,1.4495440407860092,5.42893861067108,6.878482651457089
1168,1.4424708386049092,5.340024916670133,6.7824957552750424
1169,1.4444918161625662,5.099297174230331,6.543788990392897
1170,1.4516220654784304,5.043701662707869,6.495323728186299
1171,1.449798899706572,5.338105915025528,6.7879048147321
1172,1.4403064922664217,5.911887616266958,7.3521941085333795
1173,1.4411817045762878,6.593831204794131,8.035012909370419
1174,1.4724654700867743,5.42875590528395,6.901221375370724
1175,1.468395463555783,5.278304425304451,6.746699888860234
1176,1.4510341514928273,5.222132058009798,6.673166209502625
1177,1.4446542622162768,5.160702231178573,6.60535649339485
1178,1.4504255958873602,5.595613058777876,7.046038654665236
1179,1.4470044843685335,6.228694424276941,7.675698908645474
1180,1.4476367977329891,7.015492776641708,8.463129574374697
1181,1.4837166555870103,5.160880436491612,6.644597092078623
1182,1.4652650089169597,5.2026305393366465,6.667895548253606
1183,1.4536163840116656,5.100814150115901,6.554430534127566
1184,1.461299001654229,5.068407464222488,6.529706465876717
1185,1.4754956563424422,5.0077417385247465,6.483237394867189
1186,1.4720262384294056,4.933540212132979,6.405566450562385
1187,1.4634262589288602,5.027182419836388,6.490608678765248
1188,1.4406033889937178,5.270851502919493,6.711454891913211
1189,1.4351081898611997,5.438559826443548,6.873668016304748
1190,1.4407261770600095,5.315151772239993,6.755877949300002
1191,1.458524472533062,5.187586998832256,6.646111471365318
1192,1.4671415370477991,5.004811577047808,6.471953114095607
1193,1.476131086295508,4.977665464127056,6.453796550422564
1194,1.4571223528194208,5.141118080728,6.598240433547421
1195,1.4384904235427578,5.380451193616125,6.818941617158883
1196,1.4342795510290465,5.465319794416199,6.899599345445245
1197,1.4560641266002599,5.237931729794503,6.693995856394762
1198,1.4644127087181449,5.10150821724865,6.565920925966795
1199,1.4726501175798383,4.94731953902764,6.419969656607478
1200,1.554169928264757,4.977615673972445,6.531785602237202
1201,1.53634147798991,4.840798259519756,6.377139737509666
1202,1.525828822786291,4.872169158894174,6.397997981680465
1203,1.4733915687156494,4.912801534665552,6.386193103381201
1204,1.4626093765920116,4.980529051756172,6.443138428348184
1205,1.4780673657696544,5.014360980119005,6.49242834588866
1206,1.4939076856072269,4.990380083329017,6.484287768936244
1207,1.5154815815199068,4.96632657241141,6.481808153931317
1208,1.5373338191203485,4.9111912314112045,6.448525050531553
1209,1.5143813014998313,4.933443294849097,6.447824596348928
1210,1.46955689600252,4.97341474667276,6.44297164267528
1211,1.4823439409155315,5.060293165321885,6.542637106237416
1212,1.4917518801730536,5.033287393647821,6.525039273820874
1213,1.5121647871659365,4.963290371134374,6.47545515830031
1214,1.5275460355957553,4.907265837723704,6.434811873319459
1215,1.5898789610480097,4.844977491384172,6.434856452432181
1216,1.5533316322269723,4.783115678880372,6.336447311107344
1217,1.485091288839652,4.819269581939011,6.3043608707786625
1218,1.4791010671741964,4.866544498862432,6.345645566036628
1219,1.4761926960948817,4.865944247865584,6.342136943960465
1220,1.497426663978391,4.87253327860446,6.3699599425828515
1221,1.5087894262288142,4.822948761517849,6.331738187746663
1222,1.5804136302814336,4.894166610060242,6.474580240341675
1223,1.532826141119088,4.844226304582719,6.377052445701807
1224,1.4892036486285003,4.8516681932518075,6.340871841880308
1225,1.4922958291567203,4.894229297467877,6.386525126624598
1226,1.4782459072204612,4.873781117351688,6.352027024572148
1227,1.5136134477767207,4.821718024417213,6.335331472193934
1228,1.5464901031867344,4.796543108673405,6.343033211860139
1229,1.5486063179244052,4.673179605318163,6.221785923242568
1230,1.4903620242262543,4.704674038946558,6.195036063172812
1231,1.4786339741767813,4.746715760716705,6.225349734893486
1232,1.4787764966788801,4.750076588151169,6.228853084830049
1233,1.4887517344242012,4.756247334360143,6.244999068784344
1234,1.5048597622216764,4.734078872684739,6.2389386349064155
1235,1.5633798284449554,4.751507890656681,6.314887719101637
1236,1.5227081226428996,4.687229229706591,6.20993735234949
1237,1.4891456097197524,4.734303805749536,6.223449415469289
1238,1.492202802453309,4.759095988530501,6.25129879098381
1239,1.481944332249108,4.737047336373362,6.218991668622469
1240,1.5186226828173264,4.7166690407239455,6.2352917235412715
1241,1.5362015088159688,4.689438011224703,6.225639520040672
1242,1.5238345041046844,4.847067104805913,6.370901608910597
1243,1.5140655554811437,4.876474557334618,6.390540112815762
1244,1.4876862569371874,4.957978177728162,6.445664434665349
1245,1.4614573604725716,5.051142375018924,6.512599735491495
1246,1.4953883665585703,4.853228759861406,6.348617126419977
1247,1.5381692496842176,4.77367328899052,6.311842538674737
1248,1.5745529375030403,4.892990671173292,6.4675436086763325
1249,1.5239870639144593,4.8605463762842644,6.384533440198724
1250,1.5321299337866332,4.96079471039958,6.492924644186213
1251,1.4728180369901667,5.049344117184803,6.5221621541749695
1252,1.49526869199237,4.960081655055075,6.455350347047444
1253,1.53032394075835,4.77050852857366,6.3008324693320095
1254,1.5002179658036596,5.0266371656792765,6.526855131482936
1255,1.4752144075899558,5.187526085587902,6.662740493177858
1256,1.4479323740015615,5.417803788967182,6.865736162968744
1257,1.4577182099681574,5.004254021972176,6.461972231940333
1258,1.4733266268430985,4.813223116242545,6.286549743085644
1259,1.5355660222842429,4.952262541932504,6.4878285642167475
1260,1.5245970027764806,5.00517320400214,6.52977020677862
1261,1.499908240417529,5.097088105060687,6.596996345478216
1262,1.4623188129910083,5.467885527526647,6.930204340517656
1263,1.4590039970687096,5.101417282368393,6.560421279437103
1264,1.4676748112508238,4.841984532321879,6.309659343572703
1265,1.4815373646145569,5.251962058491036,6.7334994231055925
1266,1.43946626534015,5.732400807719464,7.171867073059614
1267,1.4488297325527981,5.115032383136588,6.5638621156893855
1268,1.4706710637708709,4.93732283545396,6.407993899224831
1269,1.5087287592473682,4.97397606851723,6.482704827764598
1270,1.518309203226712,5.048146135013895,6.5664553382406075
1271,1.502244741854917,5.327857661352794,6.830102403207711
1272,1.4636440424107637,5.810809808194023,7.274453850604786
1273,1.4468825640006493,5.323860797229001,6.77074336122965
1274,1.4721796285877526,4.970317737048164,6.4424973656359175
1275,1.4660103550068169,5.309791142978479,6.775801497985296
1276,1.4535219099480987,5.240660870015214,6.694182779963312
1277,1.4642489262046696,5.051357044367452,6.515605970572122
1278,1.4833751452265809,5.04617202438777,6.529547169614351
1279,1.4812763219414369,5.155920239175416,6.637196561116854
1280,1.4894455277832341,5.1931966076842135,6.6826421354674475
1281,1.4861928783687672,5.217508040722629,6.703700919091396
1282,1.4591913838123522,5.164329017035032,6.623520400847385
1283,1.4714671999517166,4.946338157987002,6.417805357938718
1284,1.464848854594228,5.049028533217743,6.513877387811971
1285,1.4598550705884665,4.979169332584253,6.43902440317272
1286,1.4546102103336276,5.219001060602564,6.673611270936192
1287,1.44163942362384,5.617913252667654,7.059552676291494
1288,1.440328748102561,5.9547302114299825,7.395058959532544
1289,1.476124567519782,5.133556924831527,6.609681492351309
1290,1.4810668822930062,5.073684727923964,6.55475161021697
1291,1.4617209163863445,4.948770450452045,6.410491366838389
1292,1.500286457080667,4.848819315697315,6.349105772777982
1293,1.4919938558040085,4.936459350432465,6.428453206236474
1294,1.4522004648880118,5.042940753838747,6.495141218726759
1295,1.4512330505032636,5.10449347747289,6.555726527976153
1296,1.4662086065006237,5.009891388363092,6.4760999948637155
1297,1.495238127996586,4.944038165410776,6.439276293407362
1298,1.4967776232206471,4.8306809220108535,6.327458545231501
1299,1.5181035710386523,4.797319856429454,6.315423427468106
1300,1.4793296254593808,4.827738179727278,6.307067805186659
1301,1.4931440125751987,4.929302732990718,6.422446745565916
1302,1.4940039346547211,4.903188003404187,6.397191938058908
1303,1.5199990338455394,4.836302144510058,6.356301178355597
1304,1.542774632867413,4.813653353941413,6.356427986808826
1305,1.5270250392195963,4.959681640178457,6.486706679398053
1306,1.5196702299025746,5.036497936360942,6.556168166263517
1307,1.475527985749238,5.2526207108863865,6.728148696635625
1308,1.488962244427233,5.043129390671293,6.532091635098526
1309,1.5044911726733043,4.801539380413167,6.306030553086471
1310,1.5108512192539634,5.163692726304337,6.6745439455583
1311,1.467803983325976,5.646641791212132,7.114445774538108
1312,1.451837703639127,5.221117300351934,6.672955003991061
1313,1.4731760059281347,4.875209479319951,6.348385485248086
1314,1.4742565288309128,5.526579334142431,7.000835862973344
1315,1.4541917751176376,5.353032898866158,6.807224673983796
1316,1.4906685171780443,5.042699527961268,6.533368045139312
1317,1.4823039931330415,5.07858832126918,6.5608923144022215
1318,1.4763688368032026,4.918834229271762,6.395203066074965
1319,1.496934418453518,4.885440948483298,6.382375366936817
