0,76
0,121
0,1519
0,1564
1,77
1,122
1,1480
1,1565
2,78
2,123
2,1481
2,1566
3,79
3,1482
3,7
3,1404
4,40
4,8
4,203
4,1405
5,41
5,9
5,204
5,1406
6,42
6,168
6,1571
7,169
7,1572
8,170
8,1446
8,1573
9,171
9,1447
9,1574
10,45
10,172
10,1448
11,15
11,46
11,173
11,1449
12,16
12,47
12,174
12,1450
13,1577
13,17
13,48
13,1451
14,1578
14,1415
14,49
14,1452
15,1579
15,214
15,1416
16,137
16,1580
16,215
17,138
17,1581
17,216
18,54
18,139
18,1497
18,1582
19,55
19,140
19,1498
19,1583
20,56
20,141
20,1499
20,1584
21,57
21,142
21,1500
21,1585
22,58
22,143
22,1501
22,1586
23,59
23,1502
23,27
23,1424
24,60
24,28
24,223
24,1425
25,61
25,29
25,224
25,1426
26,62
26,188
26,1591
27,189
27,1592
28,190
28,1466
28,1593
29,191
29,1467
29,1594
30,65
30,192
30,1468
31,35
31,66
31,193
31,1469
32,36
32,67
32,194
32,1470
33,1597
33,37
33,68
33,1471
34,1598
34,1435
34,69
34,1472
35,1599
35,234
35,1436
36,157
36,1560
36,235
37,158
37,1561
37,236
38,74
38,159
38,1517
38,1562
39,75
39,120
39,1518
39,1563
40,116
40,161
40,1559
41,117
41,162
41,1520
42,118
42,163
42,1521
43,119
43,1522
43,47
43,1444
44,80
44,48
44,243
44,1445
45,81
45,244
45,207
46,82
46,245
46,208
47,209
47,1485
48,210
48,1486
49,211
49,1487
50,212
50,1488
51,55
51,86
51,213
51,1489
52,56
52,87
52,214
52,1490
53,88
53,1491
54,1455
54,89
54,1492
55,254
55,1456
56,255
56,1457
57,93
57,178
57,1536
58,94
58,179
58,1537
59,95
59,180
59,1538
60,96
60,181
60,1539
61,97
61,182
61,1540
62,98
62,183
62,1541
63,99
63,1542
63,67
63,1464
64,100
64,68
64,263
64,1465
65,101
65,264
65,227
66,102
66,265
66,228
67,229
67,1505
68,230
68,1506
69,231
69,1507
70,232
70,1508
71,75
71,106
71,233
71,1509
72,76
72,107
72,234
72,1510
73,108
73,1511
74,1475
74,109
74,1512
75,274
75,1476
76,275
76,1477
77,113
77,198
77,1556
78,114
78,199
78,1557
79,115
79,160
79,1558
80,156
80,201
80,1599
81,157
81,202
81,1560
82,158
82,203
82,1561
83,159
83,1562
83,87
83,1484
84,120
84,88
84,283
84,1485
85,121
85,89
85,284
85,1486
86,122
86,248
87,249
88,250
88,1526
89,251
89,1527
90,125
90,252
90,1528
91,95
91,126
91,253
91,1529
92,96
92,127
92,254
92,1530
93,97
93,128
93,1531
94,1495
94,129
94,1532
95,294
95,1496
96,217
96,295
97,218
97,296
98,134
98,219
98,1577
99,135
99,220
99,1578
100,136
100,221
100,1579
101,137
101,222
101,1580
102,138
102,223
102,1581
103,139
103,1582
103,107
103,1504
104,140
104,108
104,303
104,1505
105,141
105,109
105,304
105,1506
106,142
106,268
107,269
108,270
108,1546
109,271
109,1547
110,145
110,272
110,1548
111,115
111,146
111,273
111,1549
112,116
112,147
112,274
112,1550
113,117
113,148
113,1551
114,1515
114,149
114,1552
115,314
115,1516
116,237
116,315
117,238
117,316
118,154
118,239
118,1597
119,155
119,200
119,1598
120,196
120,241
121,197
121,242
122,198
122,243
123,199
123,127
123,1524
124,160
124,128
124,323
124,1525
125,161
125,324
125,287
126,162
126,325
126,288
127,289
127,1565
128,290
128,1566
129,291
129,1567
130,292
130,1568
131,135
131,166
131,293
131,1569
132,136
132,167
132,294
132,1570
133,168
133,1571
134,1535
134,169
134,1572
135,334
135,1536
136,335
136,1537
137,173
137,258
138,174
138,259
139,175
139,260
140,176
140,261
141,177
141,262
142,178
142,263
143,179
143,147
143,1544
144,180
144,148
144,343
144,1545
145,181
145,344
145,307
146,182
146,345
146,308
147,309
147,1585
148,310
148,1586
149,311
149,1587
150,312
150,1588
151,155
151,186
151,313
151,1589
152,156
152,187
152,314
152,1590
153,188
153,1591
154,1555
154,189
154,1592
155,354
155,1556
156,355
156,1557
157,193
157,278
158,194
158,279
159,195
159,240
160,236
160,281
161,237
161,282
162,238
162,283
163,239
163,167
163,1564
164,200
164,168
164,363
164,1565
165,201
165,169
165,364
165,1566
166,202
166,328
167,329
168,330
169,331
170,205
170,332
171,175
171,206
171,333
172,176
172,207
172,334
173,177
173,208
174,1575
174,209
175,374
175,1576
176,297
176,375
177,298
177,376
178,214
178,299
179,215
179,300
180,216
180,301
181,217
181,302
182,218
182,303
183,219
183,187
183,1584
184,220
184,188
184,383
184,1585
185,221
185,189
185,384
185,1586
186,222
186,348
187,349
188,350
189,351
190,225
190,352
191,195
191,226
191,353
192,196
192,227
192,354
193,197
193,228
194,1595
194,229
195,394
195,1596
196,317
196,395
197,318
197,396
198,234
198,319
199,235
199,280
200,276
200,321
201,277
201,322
202,278
202,323
203,279
203,207
204,240
204,208
204,403
205,241
205,404
205,367
206,242
206,405
206,368
207,369
208,370
209,371
210,372
211,215
211,246
211,373
212,216
212,247
212,374
213,248
214,249
215,414
216,415
217,253
217,338
218,254
218,339
219,255
219,340
220,256
220,341
221,257
221,342
222,258
222,343
223,259
223,227
224,260
224,228
224,423
225,261
225,424
225,387
226,262
226,425
226,388
227,389
228,390
229,391
230,392
231,235
231,266
231,393
232,236
232,267
232,394
233,268
234,269
235,434
236,435
237,273
237,358
238,274
238,359
239,275
239,320
240,316
240,361
241,317
241,362
242,318
242,363
243,319
243,247
244,280
244,248
244,443
245,281
245,249
245,444
246,282
246,408
247,409
248,410
249,411
250,285
250,412
251,255
251,286
251,413
252,256
252,287
252,414
253,257
253,288
254,289
255,454
256,377
256,455
257,378
257,456
258,294
258,379
259,295
259,380
260,296
260,381
261,297
261,382
262,298
262,383
263,299
263,267
264,300
264,268
264,463
265,301
265,269
265,464
266,302
266,428
267,429
268,430
269,431
270,305
270,432
271,275
271,306
271,433
272,276
272,307
272,434
273,277
273,308
274,309
275,474
276,397
276,475
277,398
277,476
278,314
278,399
279,315
279,360
280,356
280,401
281,357
281,402
282,358
282,403
283,359
283,287
284,320
284,288
284,483
285,321
285,484
285,447
286,322
286,485
286,448
287,449
288,450
289,451
290,452
291,295
291,326
291,453
292,296
292,327
292,454
293,328
294,329
295,494
296,495
297,333
297,418
298,334
298,419
299,335
299,420
300,336
300,421
301,337
301,422
302,338
302,423
303,339
303,307
304,340
304,308
304,503
305,341
305,504
305,467
306,342
306,505
306,468
307,469
308,470
309,471
310,472
311,315
311,346
311,473
312,316
312,347
312,474
313,348
314,349
315,514
316,515
317,353
317,438
318,354
318,439
319,355
319,400
320,396
320,441
321,397
321,442
322,398
322,443
323,399
323,327
324,360
324,328
324,523
325,361
325,329
325,524
326,362
326,488
327,489
328,490
329,491
330,365
330,492
331,335
331,366
331,493
332,336
332,367
332,494
333,337
333,368
334,369
335,534
336,457
336,535
337,458
337,536
338,374
338,459
339,375
339,460
340,376
340,461
341,377
341,462
342,378
342,463
343,379
343,347
344,380
344,348
344,543
345,381
345,349
345,544
346,382
346,508
347,509
348,510
349,511
350,385
350,512
351,355
351,386
351,513
352,356
352,387
352,514
353,357
353,388
354,389
355,554
356,477
356,555
357,478
357,556
358,394
358,479
359,395
359,440
360,436
360,481
361,437
361,482
362,438
362,483
363,439
363,367
364,400
364,368
364,563
365,401
365,564
365,527
366,402
366,565
366,528
367,529
368,530
369,531
370,532
371,375
371,406
371,533
372,376
372,407
372,534
373,408
374,409
375,574
376,575
377,413
377,498
378,414
378,499
379,415
379,500
380,416
380,501
381,417
381,502
382,418
382,503
383,419
383,387
384,420
384,388
384,583
385,421
385,584
385,547
386,422
386,585
386,548
387,549
388,550
389,551
390,552
391,395
391,426
391,553
392,396
392,427
392,554
393,428
394,429
395,594
396,595
397,433
397,518
398,434
398,519
399,435
399,480
400,476
400,521
401,477
401,522
402,478
402,523
403,479
403,407
404,440
404,408
404,603
405,441
405,409
405,604
406,442
406,568
407,569
408,570
409,571
410,445
410,572
411,415
411,446
411,573
412,416
412,447
412,574
413,417
413,448
414,449
415,614
416,537
416,615
417,538
417,616
418,454
418,539
419,455
419,540
420,456
420,541
421,457
421,542
422,458
422,543
423,459
423,427
424,460
424,428
424,623
425,461
425,429
425,624
426,462
426,588
427,589
428,590
429,591
430,465
430,592
431,435
431,466
431,593
432,436
432,467
432,594
433,437
433,468
434,469
435,634
436,557
436,635
437,558
437,636
438,474
438,559
439,475
439,520
440,516
440,561
441,517
441,562
442,518
442,563
443,519
443,447
444,480
444,448
444,643
445,481
445,644
445,607
446,482
446,645
446,608
447,609
448,610
449,611
450,612
451,455
451,486
451,613
452,456
452,487
452,614
453,488
454,489
455,654
456,655
457,493
457,578
458,494
458,579
459,495
459,580
460,496
460,581
461,497
461,582
462,498
462,583
463,499
463,467
464,500
464,468
464,663
465,501
465,664
465,627
466,502
466,665
466,628
467,629
468,630
469,631
470,632
471,475
471,506
471,633
472,476
472,507
472,634
473,508
474,509
475,674
476,675
477,513
477,598
478,514
478,599
479,515
479,560
480,556
480,601
481,557
481,602
482,558
482,603
483,559
483,487
484,520
484,488
484,683
485,521
485,489
485,684
486,522
486,648
487,649
488,650
489,651
490,525
490,652
491,495
491,526
491,653
492,496
492,527
492,654
493,497
493,528
494,529
495,694
496,617
496,695
497,618
497,696
498,534
498,619
499,535
499,620
500,536
500,621
501,537
501,622
502,538
502,623
503,539
503,507
504,540
504,508
504,703
505,541
505,509
505,704
506,542
506,668
507,669
508,670
509,671
510,545
510,672
511,515
511,546
511,673
512,516
512,547
512,674
513,517
513,548
514,549
515,714
516,637
516,715
517,638
517,716
518,554
518,639
519,555
519,600
520,596
520,641
521,597
521,642
522,598
522,643
523,599
523,527
524,560
524,528
524,723
525,561
525,724
525,687
526,562
526,725
526,688
527,689
528,690
529,691
530,692
531,535
531,566
531,693
532,536
532,567
532,694
533,568
534,569
535,734
536,735
537,573
537,658
538,574
538,659
539,575
539,660
540,576
540,661
541,577
541,662
542,578
542,663
543,579
543,547
544,580
544,548
544,743
545,581
545,744
545,707
546,582
546,745
546,708
547,709
548,710
549,711
550,712
551,555
551,586
551,713
552,556
552,587
552,714
553,588
554,589
555,754
556,755
557,593
557,678
558,594
558,679
559,595
559,640
560,636
560,681
561,637
561,682
562,638
562,683
563,639
563,567
564,600
564,568
564,763
565,601
565,569
565,764
566,602
566,728
567,729
568,730
569,731
570,605
570,732
571,575
571,606
571,733
572,576
572,607
572,734
573,577
573,608
574,609
575,774
576,697
576,775
577,698
577,776
578,614
578,699
579,615
579,700
580,616
580,701
581,617
581,702
582,618
582,703
583,619
583,587
584,620
584,588
584,783
585,621
585,589
585,784
586,622
586,748
587,749
588,750
589,751
590,625
590,752
591,595
591,626
591,753
592,596
592,627
592,754
593,597
593,628
594,629
595,794
596,717
596,795
597,718
597,796
598,634
598,719
599,635
599,680
600,676
600,721
601,677
601,722
602,678
602,723
603,679
603,607
604,640
604,608
604,803
605,641
605,804
605,767
606,642
606,805
606,768
607,769
608,770
609,771
610,772
611,615
611,646
611,773
612,616
612,647
612,774
613,648
614,649
615,814
616,815
617,653
617,738
618,654
618,739
619,655
619,740
620,656
620,741
621,657
621,742
622,658
622,743
623,659
623,627
624,660
624,628
624,823
625,661
625,824
625,787
626,662
626,825
626,788
627,789
628,790
629,791
630,792
631,635
631,666
631,793
632,636
632,667
632,794
633,668
634,669
635,834
636,835
637,673
637,758
638,674
638,759
639,675
639,720
640,716
640,761
641,717
641,762
642,718
642,763
643,719
643,647
644,680
644,648
644,843
645,681
645,649
645,844
646,682
646,808
647,809
648,810
649,811
650,685
650,812
651,655
651,686
651,813
652,656
652,687
652,814
653,657
653,688
654,689
655,854
656,777
656,855
657,778
657,856
658,694
658,779
659,695
659,780
660,696
660,781
661,697
661,782
662,698
662,783
663,699
663,667
664,700
664,668
664,863
665,701
665,669
665,864
666,702
666,828
667,829
668,830
669,831
670,705
670,832
671,675
671,706
671,833
672,676
672,707
672,834
673,677
673,708
674,709
675,874
676,797
676,875
677,798
677,876
678,714
678,799
679,715
679,760
680,756
680,801
681,757
681,802
682,758
682,803
683,759
683,687
684,720
684,688
684,883
685,721
685,884
685,847
686,722
686,885
686,848
687,849
688,850
689,851
690,852
691,695
691,726
691,853
692,696
692,727
692,854
693,728
694,729
695,894
696,895
697,733
697,818
698,734
698,819
699,735
699,820
700,736
700,821
701,737
701,822
702,738
702,823
703,739
703,707
704,740
704,708
704,903
705,741
705,904
705,867
706,742
706,905
706,868
707,869
708,870
709,871
710,872
711,715
711,746
711,873
712,716
712,747
712,874
713,748
714,749
715,914
716,915
717,753
717,838
718,754
718,839
719,755
719,800
720,796
720,841
721,797
721,842
722,798
722,843
723,799
723,727
724,760
724,728
724,923
725,761
725,729
725,924
726,762
726,888
727,889
728,890
729,891
730,765
730,892
731,735
731,766
731,893
732,736
732,767
732,894
733,737
733,768
734,769
735,934
736,857
736,935
737,858
737,936
738,774
738,859
739,775
739,860
740,776
740,861
741,777
741,862
742,778
742,863
743,779
743,747
744,780
744,748
744,943
745,781
745,749
745,944
746,782
746,908
747,909
748,910
749,911
750,785
750,912
751,755
751,786
751,913
752,756
752,787
752,914
753,757
753,788
754,789
755,954
756,877
756,955
757,878
757,956
758,794
758,879
759,795
759,840
760,836
760,881
761,837
761,882
762,838
762,883
763,839
763,767
764,800
764,768
764,963
765,801
765,964
765,927
766,802
766,965
766,928
767,929
768,930
769,931
770,932
771,775
771,806
771,933
772,776
772,807
772,934
773,808
774,809
775,974
776,975
777,813
777,898
778,814
778,899
779,815
779,900
780,816
780,901
781,817
781,902
782,818
782,903
783,819
783,787
784,820
784,788
784,983
785,821
785,984
785,947
786,822
786,985
786,948
787,949
788,950
789,951
790,952
791,795
791,826
791,953
792,796
792,827
792,954
793,828
794,829
795,994
796,995
797,833
797,918
798,834
798,919
799,835
799,880
800,876
800,921
801,877
801,922
802,878
802,923
803,879
803,807
804,840
804,808
804,1003
805,841
805,809
805,1004
806,842
806,968
807,969
808,970
809,971
810,845
810,972
811,815
811,846
811,973
812,816
812,847
812,974
813,817
813,848
814,849
815,1014
816,937
816,1015
817,938
817,1016
818,854
818,939
819,855
819,940
820,856
820,941
821,857
821,942
822,858
822,943
823,859
823,827
824,860
824,828
824,1023
825,861
825,829
825,1024
826,862
826,988
827,989
828,990
829,991
830,865
830,992
831,835
831,866
831,993
832,836
832,867
832,994
833,837
833,868
834,869
835,1034
836,957
836,1035
837,958
837,1036
838,874
838,959
839,875
839,920
840,916
840,961
841,917
841,962
842,918
842,963
843,919
843,847
844,880
844,848
844,1043
845,881
845,1044
845,1007
846,882
846,1045
846,1008
847,1009
848,1010
849,1011
850,1012
851,855
851,886
851,1013
852,856
852,887
852,1014
853,888
854,889
855,1054
856,1055
857,893
857,978
858,894
858,979
859,895
859,980
860,896
860,981
861,897
861,982
862,898
862,983
863,899
863,867
864,900
864,868
864,1063
865,901
865,1064
865,1027
866,902
866,1065
866,1028
867,1029
868,1030
869,1031
870,1032
871,875
871,906
871,1033
872,876
872,907
872,1034
873,908
874,909
875,1074
876,1075
877,913
877,998
878,914
878,999
879,915
879,960
880,956
880,1001
881,957
881,1002
882,958
882,1003
883,959
883,887
884,920
884,888
884,1083
885,921
885,889
885,1084
886,922
886,1048
887,1049
888,1050
889,1051
890,925
890,1052
891,895
891,926
891,1053
892,896
892,927
892,1054
893,897
893,928
894,929
895,1094
896,1017
896,1095
897,1018
897,1096
898,934
898,1019
899,935
899,1020
900,936
900,1021
901,937
901,1022
902,938
902,1023
903,939
903,907
904,940
904,908
904,1103
905,941
905,909
905,1104
906,942
906,1068
907,1069
908,1070
909,1071
910,945
910,1072
911,915
911,946
911,1073
912,916
912,947
912,1074
913,917
913,948
914,949
915,1114
916,1037
916,1115
917,1038
917,1116
918,954
918,1039
919,955
919,1000
920,996
920,1041
921,997
921,1042
922,998
922,1043
923,999
923,927
924,960
924,928
924,1123
925,961
925,1124
925,1087
926,962
926,1125
926,1088
927,1089
928,1090
929,1091
930,1092
931,935
931,966
931,1093
932,936
932,967
932,1094
933,968
934,969
935,1134
936,1135
937,973
937,1058
938,974
938,1059
939,975
939,1060
940,976
940,1061
941,977
941,1062
942,978
942,1063
943,979
943,947
944,980
944,948
944,1143
945,981
945,1144
945,1107
946,982
946,1145
946,1108
947,1109
948,1110
949,1111
950,1112
951,955
951,986
951,1113
952,956
952,987
952,1114
953,988
954,989
955,1154
956,1155
957,993
957,1078
958,994
958,1079
959,995
959,1040
960,1036
960,1081
961,1037
961,1082
962,1038
962,1083
963,1039
963,967
964,1000
964,968
964,1163
965,1001
965,969
965,1164
966,1002
966,1128
967,1129
968,1130
969,1131
970,1005
970,1132
971,975
971,1006
971,1133
972,976
972,1007
972,1134
973,977
973,1008
974,1009
975,1174
976,1097
976,1175
977,1098
977,1176
978,1014
978,1099
979,1015
979,1100
980,1016
980,1101
981,1017
981,1102
982,1018
982,1103
983,1019
983,987
984,1020
984,988
984,1183
985,1021
985,989
985,1184
986,1022
986,1148
987,1149
988,1150
989,1151
990,1025
990,1152
991,995
991,1026
991,1153
992,996
992,1027
992,1154
993,997
993,1028
994,1029
995,1194
996,1117
996,1195
997,1118
997,1196
998,1034
998,1119
999,1035
999,1080
1000,1076
1000,1121
1001,1077
1001,1122
1002,1078
1002,1123
1003,1079
1003,1007
1004,1040
1004,1008
1004,1203
1005,1041
1005,1204
1005,1167
1006,1042
1006,1205
1006,1168
1007,1169
1008,1170
1009,1171
1010,1172
1011,1015
1011,1046
1011,1173
1012,1016
1012,1047
1012,1174
1013,1048
1014,1049
1015,1214
1016,1215
1017,1053
1017,1138
1018,1054
1018,1139
1019,1055
1019,1140
1020,1056
1020,1141
1021,1057
1021,1142
1022,1058
1022,1143
1023,1059
1023,1027
1024,1060
1024,1028
1024,1223
1025,1061
1025,1224
1025,1187
1026,1062
1026,1225
1026,1188
1027,1189
1028,1190
1029,1191
1030,1192
1031,1035
1031,1066
1031,1193
1032,1036
1032,1067
1032,1194
1033,1068
1034,1069
1035,1234
1036,1235
1037,1073
1037,1158
1038,1074
1038,1159
1039,1075
1039,1120
1040,1116
1040,1161
1041,1117
1041,1162
1042,1118
1042,1163
1043,1119
1043,1047
1044,1080
1044,1048
1044,1243
1045,1081
1045,1049
1045,1244
1046,1082
1046,1208
1047,1209
1048,1210
1049,1211
1050,1085
1050,1212
1051,1055
1051,1086
1051,1213
1052,1056
1052,1087
1052,1214
1053,1057
1053,1088
1054,1089
1055,1254
1056,1177
1056,1255
1057,1178
1057,1256
1058,1094
1058,1179
1059,1095
1059,1180
1060,1096
1060,1181
1061,1097
1061,1182
1062,1098
1062,1183
1063,1099
1063,1067
1064,1100
1064,1068
1064,1263
1065,1101
1065,1069
1065,1264
1066,1102
1066,1228
1067,1229
1068,1230
1069,1231
1070,1105
1070,1232
1071,1075
1071,1106
1071,1233
1072,1076
1072,1107
1072,1234
1073,1077
1073,1108
1074,1109
1075,1274
1076,1197
1076,1275
1077,1198
1077,1276
1078,1114
1078,1199
1079,1115
1079,1160
1080,1156
1080,1201
1081,1157
1081,1202
1082,1158
1082,1203
1083,1159
1083,1087
1084,1120
1084,1088
1084,1283
1085,1121
1085,1284
1085,1247
1086,1122
1086,1285
1086,1248
1087,1249
1088,1250
1089,1251
1090,1252
1091,1095
1091,1126
1091,1253
1092,1096
1092,1127
1092,1254
1093,1128
1094,1129
1095,1294
1096,1295
1097,1133
1097,1218
1098,1134
1098,1219
1099,1135
1099,1220
1100,1136
1100,1221
1101,1137
1101,1222
1102,1138
1102,1223
1103,1139
1103,1107
1104,1140
1104,1108
1104,1303
1105,1141
1105,1304
1105,1267
1106,1142
1106,1305
1106,1268
1107,1269
1108,1270
1109,1271
1110,1272
1111,1115
1111,1146
1111,1273
1112,1116
1112,1147
1112,1274
1113,1148
1114,1149
1115,1314
1116,1315
1117,1153
1117,1238
1118,1154
1118,1239
1119,1155
1119,1200
1120,1196
1120,1241
1121,1197
1121,1242
1122,1198
1122,1243
1123,1199
1123,1127
1124,1160
1124,1128
1124,1323
1125,1161
1125,1129
1125,1324
1126,1162
1126,1288
1127,1289
1128,1290
1129,1291
1130,1165
1130,1292
1131,1135
1131,1166
1131,1293
1132,1136
1132,1167
1132,1294
1133,1137
1133,1168
1134,1169
1135,1334
1136,1257
1136,1335
1137,1258
1137,1336
1138,1174
1138,1259
1139,1175
1139,1260
1140,1176
1140,1261
1141,1177
1141,1262
1142,1178
1142,1263
1143,1179
1143,1147
1144,1180
1144,1148
1144,1343
1145,1181
1145,1149
1145,1344
1146,1182
1146,1308
1147,1309
1148,1310
1149,1311
1150,1185
1150,1312
1151,1155
1151,1186
1151,1313
1152,1156
1152,1187
1152,1314
1153,1157
1153,1188
1154,1189
1155,1354
1156,1277
1156,1355
1157,1278
1157,1356
1158,1194
1158,1279
1159,1195
1159,1240
1160,1236
1160,1281
1161,1237
1161,1282
1162,1238
1162,1283
1163,1239
1163,1167
1164,1200
1164,1168
1164,1363
1165,1201
1165,1364
1165,1327
1166,1202
1166,1365
1166,1328
1167,1329
1168,1330
1169,1331
1170,1332
1171,1175
1171,1206
1171,1333
1172,1176
1172,1207
1172,1334
1173,1208
1174,1209
1175,1374
1176,1375
1177,1213
1177,1298
1178,1214
1178,1299
1179,1215
1179,1300
1180,1216
1180,1301
1181,1217
1181,1302
1182,1218
1182,1303
1183,1219
1183,1187
1184,1220
1184,1188
1184,1383
1185,1221
1185,1384
1185,1347
1186,1222
1186,1385
1186,1348
1187,1349
1188,1350
1189,1351
1190,1352
1191,1195
1191,1226
1191,1353
1192,1196
1192,1227
1192,1354
1193,1228
1194,1229
1195,1394
1196,1395
1197,1233
1197,1318
1198,1234
1198,1319
1199,1235
1199,1280
1200,1276
1200,1321
1201,1277
1201,1322
1202,1278
1202,1323
1203,1279
1203,1207
1204,1240
1204,1208
1204,1403
1205,1241
1205,1209
1205,1404
1206,1242
1206,1368
1207,1369
1208,1370
1209,1371
1210,1245
1210,1372
1211,1215
1211,1246
1211,1373
1212,1216
1212,1247
1212,1374
1213,1217
1213,1248
1214,1249
1215,1414
1216,1337
1216,1415
1217,1338
1217,1416
1218,1254
1218,1339
1219,1255
1219,1340
1220,1256
1220,1341
1221,1257
1221,1342
1222,1258
1222,1343
1223,1259
1223,1227
1224,1260
1224,1228
1224,1423
1225,1261
1225,1229
1225,1424
1226,1262
1226,1388
1227,1389
1228,1390
1229,1391
1230,1265
1230,1392
1231,1235
1231,1266
1231,1393
1232,1236
1232,1267
1232,1394
1233,1237
1233,1268
1234,1269
1235,1434
1236,1357
1236,1435
1237,1358
1237,1436
1238,1274
1238,1359
1239,1275
1239,1320
1240,1316
1240,1361
1241,1317
1241,1362
1242,1318
1242,1363
1243,1319
1243,1247
1244,1280
1244,1248
1244,1443
1245,1281
1245,1444
1245,1407
1246,1282
1246,1445
1246,1408
1247,1409
1248,1410
1249,1411
1250,1412
1251,1255
1251,1286
1251,1413
1252,1256
1252,1287
1252,1414
1253,1288
1254,1289
1255,1454
1256,1455
1257,1293
1257,1378
1258,1294
1258,1379
1259,1295
1259,1380
1260,1296
1260,1381
1261,1297
1261,1382
1262,1298
1262,1383
1263,1299
1263,1267
1264,1300
1264,1268
1264,1463
1265,1301
1265,1464
1265,1427
1266,1302
1266,1465
1266,1428
1267,1429
1268,1430
1269,1431
1270,1432
1271,1275
1271,1306
1271,1433
1272,1276
1272,1307
1272,1434
1273,1308
1274,1309
1275,1474
1276,1475
1277,1313
1277,1398
1278,1314
1278,1399
1279,1315
1279,1360
1280,1356
1280,1401
1281,1357
1281,1402
1282,1358
1282,1403
1283,1359
1283,1287
1284,1320
1284,1288
1284,1483
1285,1321
1285,1289
1285,1484
1286,1322
1286,1448
1287,1449
1288,1450
1289,1451
1290,1325
1290,1452
1291,1295
1291,1326
1291,1453
1292,1296
1292,1327
1292,1454
1293,1297
1293,1328
1294,1329
1295,1494
1296,1417
1296,1495
1297,1418
1297,1496
1298,1334
1298,1419
1299,1335
1299,1420
1300,1336
1300,1421
1301,1337
1301,1422
1302,1338
1302,1423
1303,1339
1303,1307
1304,1340
1304,1308
1304,1503
1305,1341
1305,1309
1305,1504
1306,1342
1306,1468
1307,1469
1308,1470
1309,1471
1310,1345
1310,1472
1311,1315
1311,1346
1311,1473
1312,1316
1312,1347
1312,1474
1313,1317
1313,1348
1314,1349
1315,1514
1316,1437
1316,1515
1317,1438
1317,1516
1318,1354
1318,1439
1319,1355
1319,1400
1320,1396
1320,1441
1321,1397
1321,1442
1322,1398
1322,1443
1323,1399
1323,1327
1324,1360
1324,1328
1324,1523
1325,1361
1325,1524
1325,1487
1326,1362
1326,1525
1326,1488
1327,1489
1328,1490
1329,1491
1330,1492
1331,1335
1331,1366
1331,1493
1332,1336
1332,1367
1332,1494
1333,1368
1334,1369
1335,1534
1336,1535
1337,1373
1337,1458
1338,1374
1338,1459
1339,1375
1339,1460
1340,1376
1340,1461
1341,1377
1341,1462
1342,1378
1342,1463
1343,1379
1343,1347
1344,1380
1344,1348
1344,1543
1345,1381
1345,1544
1345,1507
1346,1382
1346,1545
1346,1508
1347,1509
1348,1510
1349,1511
1350,1512
1351,1355
1351,1386
1351,1513
1352,1356
1352,1387
1352,1514
1353,1388
1354,1389
1355,1554
1356,1555
1357,1393
1357,1478
1358,1394
1358,1479
1359,1395
1359,1440
1360,1436
1360,1481
1361,1437
1361,1482
1362,1438
1362,1483
1363,1439
1363,1367
1364,1400
1364,1368
1364,1563
1365,1401
1365,1369
1365,1564
1366,1402
1366,1528
1367,1529
1368,1530
1369,1531
1370,1405
1370,1532
1371,1375
1371,1406
1371,1533
1372,1376
1372,1407
1372,1534
1373,1377
1373,1408
1374,1409
1375,1574
1376,1497
1376,1575
1377,1498
1377,1576
1378,1414
1378,1499
1379,1415
1379,1500
1380,1416
1380,1501
1381,1417
1381,1502
1382,1418
1382,1503
1383,1419
1383,1387
1384,1420
1384,1388
1384,1583
1385,1421
1385,1389
1385,1584
1386,1422
1386,1548
1387,1549
1388,1550
1389,1551
1390,1425
1390,1552
1391,1395
1391,1426
1391,1553
1392,1396
1392,1427
1392,1554
1393,1397
1393,1428
1394,1429
1395,1594
1396,1517
1396,1595
1397,1518
1397,1596
1398,1434
1398,1519
1399,1435
1399,1480
1400,1476
1400,1521
1401,1477
1401,1522
1402,1478
1402,1523
1403,1479
1403,1407
1404,1440
1404,1408
1405,1441
1405,1567
1406,1442
1406,1568
1407,1569
1408,1570
1409,1571
1410,1572
1411,1415
1411,1446
1411,1573
1412,1416
1412,1447
1412,1574
1413,1448
1414,1449
1417,1453
1417,1538
1418,1454
1418,1539
1419,1455
1419,1540
1420,1456
1420,1541
1421,1457
1421,1542
1422,1458
1422,1543
1423,1459
1423,1427
1424,1460
1424,1428
1425,1461
1425,1587
1426,1462
1426,1588
1427,1589
1428,1590
1429,1591
1430,1592
1431,1435
1431,1466
1431,1593
1432,1436
1432,1467
1432,1594
1433,1468
1434,1469
1437,1473
1437,1558
1438,1474
1438,1559
1439,1475
1439,1520
1440,1516
1440,1561
1441,1517
1441,1562
1442,1518
1442,1563
1443,1519
1443,1447
1444,1480
1444,1448
1445,1481
1445,1449
1446,1482
1450,1485
1451,1455
1451,1486
1452,1456
1452,1487
1453,1457
1453,1488
1454,1489
1456,1577
1457,1578
1458,1494
1458,1579
1459,1495
1459,1580
1460,1496
1460,1581
1461,1497
1461,1582
1462,1498
1462,1583
1463,1499
1463,1467
1464,1500
1464,1468
1465,1501
1465,1469
1466,1502
1470,1505
1471,1475
1471,1506
1472,1476
1472,1507
1473,1477
1473,1508
1474,1509
1476,1597
1477,1598
1478,1514
1478,1599
1479,1515
1479,1560
1480,1556
1481,1557
1482,1558
1483,1559
1483,1487
1484,1520
1484,1488
1485,1521
1486,1522
1491,1495
1491,1526
1492,1496
1492,1527
1493,1528
1494,1529
1497,1533
1498,1534
1499,1535
1500,1536
1501,1537
1502,1538
1503,1539
1503,1507
1504,1540
1504,1508
1505,1541
1506,1542
1511,1515
1511,1546
1512,1516
1512,1547
1513,1548
1514,1549
1517,1553
1518,1554
1519,1555
1520,1596
1521,1597
1522,1598
1523,1599
1523,1527
1524,1560
1524,1528
1525,1561
1525,1529
1526,1562
1530,1565
1531,1535
1531,1566
1532,1536
1532,1567
1533,1537
1533,1568
1534,1569
1538,1574
1539,1575
1540,1576
1541,1577
1542,1578
1543,1579
1543,1547
1544,1580
1544,1548
1545,1581
1545,1549
1546,1582
1550,1585
1551,1555
1551,1586
1552,1556
1552,1587
1553,1557
1553,1588
1554,1589
1558,1594
1559,1595
1563,1567
1564,1568
1571,1575
1572,1576
1583,1587
1584,1588
1591,1595
1592,1596
