0,1.4957383522728631,10.810373277743368,12.30611163001623
1,1.3359800723944104,11.750574002696522,13.086554075090932
2,1.2483452742079981,10.574827481654376,11.823172755862373
3,1.3884712571850226,9.47511973130524,10.863590988490262
4,1.6626234236764899,9.492003499401656,11.154626923078146
5,1.9244130890733386,9.449438899983159,11.373851989056497
6,2.3131929010636485,10.112378922556607,12.425571823620256
7,2.060988334977911,10.377651856715561,12.438640191693471
8,1.7785806585220032,10.443844052014391,12.222424710536394
9,1.3254551724941168,10.727550422603784,12.0530055950979
10,1.2272575095651457,10.287479143978306,11.514736653543451
11,1.2435847076502484,9.050650628856868,10.294235336507116
12,1.3089335976757095,8.337274966453224,9.646208564128933
13,1.466285295483964,8.457439982216016,9.92372527769998
14,1.637866485004264,8.563534583945575,10.201401068949838
15,1.7381842120456938,9.615771716546734,11.353955928592427
16,1.5646921779632366,9.84569304118296,11.410385219146196
17,1.4181981259200633,10.166865279385357,11.585063405305421
18,1.273128330383106,9.98385113718491,11.256979467568016
19,1.238874198884331,8.962011999474926,10.200886198359257
20,1.257557448831062,8.534592142437289,9.79214959126835
21,1.2958069872639395,7.9337959632720825,9.229602950536021
22,1.6092445561298112,9.486552496149212,11.095797052279023
23,1.4915373772232317,9.76103635850845,11.252573735731682
24,1.3951388532878402,9.91855645280062,11.31369530608846
25,1.3262329043607215,10.269329491524397,11.595562395885118
26,1.2579994243146881,8.981927806572967,10.239927230887655
27,1.2640491344346094,8.448020409070427,9.712069543505036
28,1.299380430553585,8.325751520699775,9.62513195125336
29,1.3490959497202129,7.966315001907846,9.31541095162806
30,1.5084737021993344,9.694859748632902,11.203333450832236
31,1.4207821241834455,9.895486924865745,11.31626904904919
32,1.3680170486937484,10.230995672524088,11.599012721217836
33,1.3133209309339817,10.169946811961182,11.483267742895164
34,99999.0,99999.0,99999.0
35,99999.0,99999.0,99999.0
36,99999.0,99999.0,99999.0
37,99999.0,99999.0,99999.0
38,99999.0,99999.0,99999.0
39,99999.0,99999.0,99999.0
40,1.3577329692727171,9.866985351062088,11.224718320334805
41,1.5520953711087961,7.786827380548399,9.338922751657195
42,1.3704095032189774,8.182372761417517,9.552782264636495
43,1.280259263311239,7.918321264968646,9.198580528279885
44,1.4359815935434204,7.154092114796712,8.590073708340132
45,1.7517172018028535,6.992093882059187,8.74381108386204
46,2.024874268094627,6.911802593531247,8.936676861625873
47,2.4391818743290763,7.331518977116159,9.770700851445234
48,2.1811882817609787,7.490229970003935,9.671418251764914
49,1.8653905597705405,7.54989602874173,9.41528658851227
50,1.3742892115039882,7.268605348302239,8.642894559806226
51,99999.0,99999.0,99999.0
52,1.2923691112751967,6.617952405090032,7.9103215163652285
53,99999.0,99999.0,99999.0
54,1.5344477126302678,6.050899177725053,7.5853468903553205
55,99999.0,99999.0,99999.0
56,99999.0,99999.0,99999.0
57,1.6397254732756736,6.756996244799216,8.39672171807489
58,99999.0,99999.0,99999.0
59,1.3266953535215835,6.739873175087925,8.066568528609508
60,1.2786122871308563,6.485021690628933,7.76363397775979
61,1.3138354981753235,6.017183391170043,7.3310188893453665
62,1.3590352564308077,5.6224511134381965,6.981486369869004
63,1.7021296555724725,6.46094265691027,8.163072312482743
64,1.5672248293316566,6.523041005543371,8.090265834875028
65,1.4615364917912337,6.67599773879326,8.137534230584494
66,1.3831875108618819,6.836293949788909,8.21948146065079
67,99999.0,99999.0,99999.0
68,1.3249622997276393,6.037147137831687,7.362109437559327
69,99999.0,99999.0,99999.0
70,1.442676245642287,5.643526082018885,7.086202327661171
71,99999.0,99999.0,99999.0
72,1.5121272140359954,6.645576971008834,8.15770418504483
73,99999.0,99999.0,99999.0
74,1.3759773743616868,6.692975764773406,8.068953139135093
75,99999.0,99999.0,99999.0
76,99999.0,99999.0,99999.0
77,99999.0,99999.0,99999.0
78,99999.0,99999.0,99999.0
79,99999.0,99999.0,99999.0
80,99999.0,99999.0,99999.0
81,1.4445951237472516,6.520449979714529,7.965045103461781
82,1.595473420159481,6.866192890829116,8.461666310988598
83,1.4327439678519178,7.23806043688501,8.670804404736927
84,1.3209177893159865,7.305268962245173,8.62618675156116
85,1.4880991994590183,6.474542024173303,7.962641223632321
86,1.8858612352170816,6.390759708794,8.276620944011082
87,2.265340947584254,6.288848379186583,8.554189326770837
88,2.652387799157427,6.528628853910289,9.181016653067715
89,2.4335859401208264,6.77824225805969,9.211828198180516
90,1.9905397837390741,6.745253433078008,8.735793216817083
91,1.4315245917961776,6.217050953519815,7.6485755453159925
92,1.3018326173702963,7.634131331357633,8.93596394872793
93,1.3475929469972026,5.87372859683581,7.221321543833012
94,1.4649380437137474,5.476518344844845,6.941456388558592
95,1.8348941671227337,5.695500859211998,7.530395026334731
96,1.9178166160029297,5.373315695745932,7.291132311748862
97,2.0636818335821014,5.911167569728109,7.974849403310211
98,1.8943056459176273,6.106044120550474,8.000349766468101
99,1.5723996715474018,5.99510026640053,7.5674999379479315
100,1.3633426433454836,5.8002958704341365,7.16363851377962
101,1.3325177944894733,5.8464340255571665,7.17895182004664
102,1.4389452909953795,5.347246306339621,6.786191597335001
103,1.535839830584203,5.158931249563041,6.694771080147245
104,1.9774506477576608,5.626054974799243,7.603505622556904
105,1.7493466722900066,5.664256965214214,7.413603637504221
106,1.5771702407352957,5.760890730912999,7.338060971648295
107,1.479355966017475,5.8424761727143855,7.32183213873186
108,1.3936312310437462,5.919179408041451,7.312810639085197
109,1.481664767603736,5.446864980278948,6.928529747882685
110,1.7012238306014982,5.412205819818611,7.11342965042011
111,1.7363456874862282,5.179055216621084,6.915400904107312
112,1.940575165130987,5.7262824956186185,7.6668576607496055
113,1.7141961748820138,5.7777528871274,7.4919490620094145
114,1.5968697681619435,5.781268826322773,7.378138594484716
115,1.5270154234175508,5.838351079607491,7.365366503025042
116,99999.0,99999.0,99999.0
117,99999.0,99999.0,99999.0
118,99999.0,99999.0,99999.0
119,99999.0,99999.0,99999.0
120,99999.0,99999.0,99999.0
121,99999.0,99999.0,99999.0
122,1.5605301960141733,5.664443338685002,7.224973534699176
123,1.665397043329381,6.521979284822628,8.187376328152009
124,99999.0,99999.0,99999.0
125,99999.0,99999.0,99999.0
126,1.5534795952613774,6.24158651491583,7.795066110177207
127,1.9250904271829694,5.9929602949275225,7.918050722110491
128,99999.0,99999.0,99999.0
129,99999.0,99999.0,99999.0
130,99999.0,99999.0,99999.0
131,2.013417418335341,6.305663885836304,8.319081304171645
132,99999.0,99999.0,99999.0
133,99999.0,99999.0,99999.0
134,99999.0,99999.0,99999.0
135,99999.0,99999.0,99999.0
136,99999.0,99999.0,99999.0
137,99999.0,99999.0,99999.0
138,99999.0,99999.0,99999.0
139,99999.0,99999.0,99999.0
140,99999.0,99999.0,99999.0
141,1.4371083658357182,5.6091829545429714,7.04629132037869
142,1.3944592396323068,5.6354493683387545,7.029908607971061
143,99999.0,99999.0,99999.0
144,99999.0,99999.0,99999.0
145,2.301545677724121,5.434717277050565,7.736262954774686
146,1.9808598796853547,5.408287555946367,7.389147435631721
147,99999.0,99999.0,99999.0
148,99999.0,99999.0,99999.0
149,99999.0,99999.0,99999.0
150,1.6703571505910302,5.341845524706525,7.012202675297555
151,99999.0,99999.0,99999.0
152,2.1512265644054045,5.196759656643004,7.347986221048409
153,99999.0,99999.0,99999.0
154,1.980510365769659,5.522607299003243,7.503117664772902
155,99999.0,99999.0,99999.0
156,1.6660868396267545,5.6295340194611345,7.295620859087889
157,99999.0,99999.0,99999.0
158,99999.0,99999.0,99999.0
159,99999.0,99999.0,99999.0
160,99999.0,99999.0,99999.0
161,99999.0,99999.0,99999.0
162,99999.0,99999.0,99999.0
163,99999.0,99999.0,99999.0
164,1.5071565639983486,14.5374627926122,16.044619356610546
165,1.26776465948551,9.93117424159618,11.19893890108169
166,1.26529883619869,7.253280253477645,8.518579089676335
167,1.3231617455018125,6.3181140650520025,7.6412758105538146
168,99999.0,99999.0,99999.0
169,1.8580865676958893,7.072908368087916,8.930994935783804
170,1.9294025983385785,7.867349036799927,9.796751635138506
171,2.14564809124947,10.00780953606521,12.15345762731468
172,1.7048441675624146,11.170367347058209,12.875211514620624
173,1.2594861712848644,10.229887286021972,11.489373457306836
174,1.278754888756936,7.6611397532067596,8.939894641963695
175,99999.0,99999.0,99999.0
176,1.3847014181922914,6.060756398134086,7.445457816326377
177,1.5097791452746425,5.801095696729049,7.310874842003692
178,2.9279946381950213,9.834452534030751,12.762447172225773
179,99999.0,99999.0,99999.0
180,2.1877085541941645,11.031432472622289,13.219141026816454
181,1.3342528840767038,9.382900335127982,10.717153219204686
182,99999.0,99999.0,99999.0
183,1.307185315059679,6.864318445580885,8.171503760640563
184,1.3576682592254004,6.079374338310355,7.437042597535756
185,99999.0,99999.0,99999.0
186,2.5745072737954673,10.483957003340873,13.05846427713634
187,1.9308215776429403,10.387749635835839,12.318571213478778
188,1.6150275539383185,10.76982449612585,12.384852050064168
189,1.3081702328901406,7.464164605907295,8.772334838797436
190,1.333065640702106,6.785703953573551,8.118769594275657
191,99999.0,99999.0,99999.0
192,1.5725892677895386,6.363688510507457,7.936277778296996
193,2.2626049923169167,9.524954783675595,11.787559775992511
194,1.9200431900456336,10.065118179454366,11.9851613695
195,1.7494956749716137,10.210902545098813,11.960398220070427
196,99999.0,99999.0,99999.0
197,99999.0,99999.0,99999.0
198,1.4493306905057208,6.641025232509926,8.090355923015647
199,1.8700798306271424,10.031771159201119,11.901850989828262
200,99999.0,99999.0,99999.0
201,1.5028828148710658,9.382201330524714,10.88508414539578
202,1.3758218024560638,7.913199224395706,9.28902102685177
203,99999.0,99999.0,99999.0
204,1.2086169452596,15.865789196759799,17.0744061420194
205,1.2442928039879348,8.42344777232286,9.667740576310795
206,1.2893073361001353,7.2350376776405705,8.524345013740707
207,99999.0,99999.0,99999.0
208,99999.0,99999.0,99999.0
209,1.480934495075833,8.107935262695001,9.588869757770834
210,1.4479846882054017,9.580856872430342,11.028841560635744
211,99999.0,99999.0,99999.0
212,1.2828131959034905,13.926993234785208,15.209806430688698
213,1.3079028755804203,8.87577908743823,10.183681963018651
214,1.3303095553339777,7.206168601027515,8.536478156361493
215,99999.0,99999.0,99999.0
216,99999.0,99999.0,99999.0
217,1.7333042786521615,8.886651467651108,10.619955746303269
218,1.780459435062272,9.583473048036318,11.36393248309859
219,2.08682461879539,13.270475210398896,15.357299829194286
220,1.583992142014134,20.311875749191152,21.895867891205285
221,1.2433089496073015,9.561588674308853,10.804897623916155
222,1.2828552547976813,8.166246394216914,9.449101649014596
223,99999.0,99999.0,99999.0
224,1.7838643527729519,8.886518424204993,10.670382776977945
225,1.873507490960356,10.7042300450044,12.577737535964754
226,2.2470095010249733,15.227117191324464,17.474126692349436
227,99999.0,99999.0,99999.0
228,1.3229100702750234,9.776441114979175,11.099351185254198
229,1.3049103563853426,7.114933698123158,8.4198440545085
230,99999.0,99999.0,99999.0
231,99999.0,99999.0,99999.0
232,2.143928520279543,10.0474996155908,12.191428135870343
233,2.7125343664388555,13.679404884167107,16.39193925060596
234,99999.0,99999.0,99999.0
235,2.1066501987426927,17.151488074258324,19.258138273001016
236,1.299929360696177,7.780563388002889,9.080492748699067
237,99999.0,99999.0,99999.0
238,2.8746296340879223,14.518151992025452,17.392781626113376
239,99999.0,99999.0,99999.0
240,2.323465482347667,23.712221344302613,26.03568682665028
241,1.4745272073000075,13.536932647699746,15.011459854999753
242,1.662232529545066,16.303471248393592,17.965703777938657
243,1.3897495965104436,9.370382481810083,10.760132078320526
244,1.3407087732003296,7.800024592977274,9.140733366177603
245,1.3604574628749158,7.167073917632539,8.527531380507455
246,99999.0,99999.0,99999.0
247,99999.0,99999.0,99999.0
248,1.2727744087657826,8.03026673746938,9.303041146235163
249,1.3055320698221813,11.49743898684015,12.802971056662331
250,1.329406490554043,11.519813849424988,12.84922033997903
251,99999.0,99999.0,99999.0
252,1.770193594863262,8.886318593342688,10.65651218820595
253,1.5457321161776836,8.151869675460043,9.697601791637727
254,1.5163208638873977,7.80424447596976,9.320565339857158
255,99999.0,99999.0,99999.0
256,99999.0,99999.0,99999.0
257,1.3244289236071471,9.925734358184265,11.250163281791412
258,1.257738085500249,10.982574396430186,12.240312481930435
259,1.5598538066464969,9.328275081163406,10.888128887809904
260,99999.0,99999.0,99999.0
261,1.9715075771757924,8.563588626640412,10.535096203816204
262,1.5993598128409292,8.578604433030703,10.177964245871632
263,99999.0,99999.0,99999.0
264,99999.0,99999.0,99999.0
265,1.2966875883193605,10.825059259883718,12.121746848203077
266,1.3696063638866973,8.945803459283816,10.315409823170514
267,1.9000503379074032,8.74344189915774,10.643492237065143
268,99999.0,99999.0,99999.0
269,2.3164404535500753,8.347672174595713,10.664112628145789
270,1.6028848919127414,9.385145944797479,10.98803083671022
271,99999.0,99999.0,99999.0
272,99999.0,99999.0,99999.0
273,1.3301703979633557,10.361256263369404,11.691426661332759
274,1.488373478193611,7.844274061646512,9.332647539840124
275,2.1235909269711892,8.485311445010076,10.608902371981266
276,1.5338113100337118,10.130137653415975,11.663948963449688
277,99999.0,99999.0,99999.0
278,99999.0,99999.0,99999.0
279,1.3229442282716275,9.37673896048099,10.699683188752617
280,99999.0,99999.0,99999.0
281,1.8817331621538709,8.350217660846996,10.231950823000867
282,1.7276596403531683,6.996265575014992,8.72392521536816
283,1.445754155226005,5.905692433740624,7.351446588966629
284,1.356433286305363,5.974148062141526,7.33058134844689
285,1.2984142707310795,6.375637358660347,7.6740516293914265
286,1.278892899174507,7.393781303678974,8.67267420285348
287,1.2813320791486353,8.670617483286936,9.951949562435571
288,1.4925884376498748,7.607374785516957,9.099963223166831
289,1.978782456416405,8.617500576282389,10.596283032698793
290,99999.0,99999.0,99999.0
291,2.411033104957456,8.085647553254084,10.49668065821154
292,1.4282244715979415,6.063494423610919,7.4917188952088605
293,1.3398911816122971,6.297986469428923,7.6378776510412205
294,1.303531830783051,6.844628400779547,8.148160231562597
295,1.2704671381984425,7.205030453235245,8.475497591433687
296,1.335490188161594,7.099658195834896,8.43514838399649
297,1.4867713563409923,6.950722911019334,8.437494267360325
298,1.7585582663383406,7.376442060102696,9.135000326441038
299,1.4529525124036269,6.149189063621592,7.602141576025219
300,99999.0,99999.0,99999.0
301,1.3238742886845123,6.727414889022903,8.051289177707416
302,1.293447988290985,7.051027899226438,8.344475887517422
303,1.3267239528414563,6.706854222913468,8.033578175754924
304,1.4336843951097211,6.6624869280910355,8.096171323200757
305,1.565053286850789,6.632443167977273,8.197496454828062
306,1.765759605385719,6.852206567846581,8.6179661732323
307,99999.0,99999.0,99999.0
308,1.3916426945067535,6.667911092190058,8.059553786696812
309,99999.0,99999.0,99999.0
310,1.3136680276432153,6.911785355114232,8.225453382757447
311,1.3832870347507107,6.2699160640817375,7.653203098832448
312,1.4641949064621262,6.495920378712461,7.960115285174588
313,1.5044383350948105,6.79040940569575,8.29484774079056
314,99999.0,99999.0,99999.0
315,1.3351005706432324,6.784841600154282,8.119942170797515
316,99999.0,99999.0,99999.0
317,99999.0,99999.0,99999.0
318,2.689368081691387,7.857094405699268,10.546462487390656
319,1.6663808400362532,5.347719464735709,7.014100304771962
320,1.5635529268676287,5.5145509588000605,7.078103885667689
321,99999.0,99999.0,99999.0
322,1.3282069767665639,6.18059735761509,7.508804334381654
323,99999.0,99999.0,99999.0
324,1.406852109972169,6.229987124558509,7.636839234530678
325,1.7061071407554949,6.344490051592014,8.050597192347508
326,2.1367985969119996,6.842468492143576,8.979267089055575
327,2.924080644073367,7.707135607825717,10.631216251899083
328,1.5869923594671775,5.281804345536049,6.868796705003226
329,99999.0,99999.0,99999.0
330,1.378716521580511,5.761192077604566,7.139908599185077
331,99999.0,99999.0,99999.0
332,1.3314936241205266,5.983913728461529,7.3154073525820555
333,1.440342744801071,5.642897054886296,7.083239799687367
334,99999.0,99999.0,99999.0
335,1.5981341756590575,5.2875031794180165,6.885637355077074
336,1.4890689947266358,5.397240224865833,6.8863092195924684
337,99999.0,99999.0,99999.0
338,1.3514549948500216,5.779355947136983,7.130810941987004
339,99999.0,99999.0,99999.0
340,1.4205198374958679,5.4933926612418595,6.913912498737727
341,99999.0,99999.0,99999.0
342,1.6235731409363305,5.272494998361184,6.8960681392975145
343,1.611095614731686,5.457621182463322,7.068716797195008
344,1.510831316177184,5.585174759695533,7.096006075872717
345,1.4282021352873746,5.6968017007468275,7.125003836034202
346,1.374456738527446,5.715704808063561,7.090161546591006
347,1.4168313048120176,5.504010499957708,6.920841804769726
348,1.4782942281499167,5.2806361891438325,6.758930417293749
349,99999.0,99999.0,99999.0
350,99999.0,99999.0,99999.0
351,1.4164673462246709,5.642051464589266,7.058518810813937
352,1.4118757559850261,5.667040188793396,7.078915944778422
353,99999.0,99999.0,99999.0
354,99999.0,99999.0,99999.0
355,1.869150683331836,5.547208628528658,7.416359311860494
356,1.5498156451818332,5.434347796278863,6.984163441460696
357,99999.0,99999.0,99999.0
358,1.3086156778954114,7.101111218031484,8.409726895926894
359,1.4127298941474273,5.754404636971024,7.167134531118451
360,99999.0,99999.0,99999.0
361,99999.0,99999.0,99999.0
362,2.6323314958359485,6.229555403484711,8.861886899320659
363,1.9629551798410156,5.243644146820784,7.2065993266618
364,99999.0,99999.0,99999.0
365,1.4963189872667337,5.345244019575717,6.841563006842451
366,1.374121727484455,5.651649745368562,7.025771472853018
367,99999.0,99999.0,99999.0
368,1.5336575347164556,5.238995477446456,6.772653012162912
369,99999.0,99999.0,99999.0
370,99999.0,99999.0,99999.0
371,1.7437467028896705,5.146709741626,6.890456444515671
372,1.5299431651267685,5.181025082538185,6.710968247664954
373,99999.0,99999.0,99999.0
374,1.4411685141688089,5.593314783039991,7.0344832972088005
375,1.5670465539245404,5.251722015735916,6.818768569660456
376,99999.0,99999.0,99999.0
377,1.86753730502352,5.065582310587366,6.933119615610885
378,2.1008235231832533,5.298063926385608,7.3988874495688615
379,1.768855236000205,5.228053139913279,6.996908375913485
380,99999.0,99999.0,99999.0
381,99999.0,99999.0,99999.0
382,1.619141557760128,5.319644470496865,6.938786028256993
383,99999.0,99999.0,99999.0
384,1.9288253837950908,5.358821830726753,7.287647214521844
385,99999.0,99999.0,99999.0
386,1.6174934795480396,5.269644527941675,6.887138007489714
387,1.6255857397350608,5.579702545132455,7.205288284867516
388,1.7393212705350514,5.365476110003749,7.104797380538801
389,3.81275460900467,7.992955527706916,11.805710136711586
390,2.7517411382201624,7.502447349674349,10.254188487894512
391,99999.0,99999.0,99999.0
392,1.3876287886686307,7.811736446738758,9.199365235407388
393,99999.0,99999.0,99999.0
394,1.5302301353589087,5.076150346850883,6.606380482209792
395,99999.0,99999.0,99999.0
396,2.335029827703684,5.249213572525202,7.584243400228885
397,99999.0,99999.0,99999.0
398,2.190282822591601,5.892651562923042,8.082934385514644
399,1.797767861264108,5.787120608582454,7.584888469846561
400,1.4808792317270951,5.934352059616889,7.415231291343984
401,1.4683364969812474,5.849278386336643,7.31761488331789
402,99999.0,99999.0,99999.0
403,99999.0,99999.0,99999.0
404,2.9224321867105463,6.108099439108305,9.030531625818853
405,99999.0,99999.0,99999.0
406,1.7579206316724878,5.468048859570597,7.225969491243085
407,99999.0,99999.0,99999.0
408,1.502305501174975,5.842752867027059,7.345058368202034
409,1.750654599388268,5.339588534594154,7.090243133982422
410,99999.0,99999.0,99999.0
411,2.1780974056552185,5.039437479971412,7.21753488562663
412,2.3777456718989196,5.529920954761794,7.907666626660713
413,99999.0,99999.0,99999.0
414,99999.0,99999.0,99999.0
415,1.6314482421938272,5.533312529024015,7.164760771217843
416,1.8045238714603435,5.48451900634553,7.289042877805874
417,99999.0,99999.0,99999.0
418,2.1504122844958102,5.493465248382127,7.643877532877937
419,99999.0,99999.0,99999.0
420,1.8057073632718508,5.5894904806716195,7.39519784394347
421,1.6885696917365733,5.502759274155582,7.191328965892155
422,1.8917762038413988,5.560293086268806,7.452069290110205
423,3.3083719124396875,9.45011059099366,12.758482503433347
424,1.551361428532226,6.5853540053746125,8.136715433906838
425,1.299250924786845,7.824194288669016,9.123445213455861
426,99999.0,99999.0,99999.0
427,1.417621318141314,5.242327763985197,6.659949082126511
428,99999.0,99999.0,99999.0
429,1.8518514137863658,5.025526042369525,6.877377456155891
430,3.0629528663804173,7.19560350354065,10.258556369921067
431,99999.0,99999.0,99999.0
432,1.7961380369613122,6.3311855813869835,8.127323618348296
433,99999.0,99999.0,99999.0
434,1.342780454297597,5.913482192433327,7.256262646730924
435,99999.0,99999.0,99999.0
436,1.5649346002709867,5.020541484726592,6.585476084997579
437,2.3501619825278968,6.103000445090792,8.45316242761869
438,2.091052227645942,6.184542075928003,8.275594303573945
439,99999.0,99999.0,99999.0
440,1.546729296485272,6.041146357444863,7.587875653930135
441,1.391765438466424,5.876389121668723,7.268154560135146
442,1.5093785280383385,5.364929126813207,6.874307654851545
443,99999.0,99999.0,99999.0
444,1.842859673589201,5.034958422992815,6.877818096582016
445,99999.0,99999.0,99999.0
446,1.8688689107366705,5.898277199733277,7.767146110469948
447,99999.0,99999.0,99999.0
448,1.537401727235153,5.764379759524265,7.301781486759418
449,1.5278301328704054,5.468393486024391,6.996223618894796
450,1.6238347304508358,5.123350831084888,6.747185561535725
451,1.8855884600415307,5.864693139622973,7.750281599664503
452,1.8404999952947558,5.914624683277822,7.755124678572578
453,99999.0,99999.0,99999.0
454,1.5256401232365928,5.688332131845183,7.213972255081775
455,99999.0,99999.0,99999.0
456,1.5596633786955816,7.815691794346961,9.375355173042543
457,99999.0,99999.0,99999.0
458,1.2921791396878326,6.336651748884695,7.628830888572528
459,1.3353260580610904,5.620502330826297,6.9558283888873875
460,1.4468582206027225,5.325570815082457,6.77242903568518
461,1.5999067869087955,5.145661984289354,6.745568771198149
462,3.5981452678891666,8.92385984369623,12.522005111585397
463,2.4352204162673803,7.884653655159857,10.319874071427238
464,1.889853992613938,7.710050421524751,9.599904414138688
465,1.3569135529388916,6.855126610013214,8.212040162952107
466,1.2899667709951552,6.380699128116769,7.670665899111924
467,1.346516322397842,5.737124803007052,7.083641125404894
468,99999.0,99999.0,99999.0
469,2.4776804182148124,7.262278201833525,9.739958620048338
470,1.9914138963717518,7.004041871065751,8.995455767437504
471,99999.0,99999.0,99999.0
472,1.5382115415401558,7.285195715573103,8.823407257113258
473,99999.0,99999.0,99999.0
474,1.361981387993274,5.72408433853742,7.086065726530694
475,1.4781376662238774,5.475710446004351,6.953848112228228
476,1.6269221256575614,5.365308906280231,6.992231031937792
477,1.9868779628498743,6.785765827095234,8.772643789945107
478,1.7750655820294734,6.906847109077719,8.681912691107193
479,1.6347759617783002,6.973159502157467,8.607935463935767
480,1.4886250142949982,6.702133107319646,8.190758121614644
481,1.426949739645163,5.828908304293843,7.255858043939005
482,1.4650760628086597,5.467589995708085,6.932666058516745
483,1.7678534969076762,6.818651358473006,8.586504855380682
484,99999.0,99999.0,99999.0
485,1.5016762389060274,6.65374953126309,8.155425770169117
486,1.415549960271635,6.3333362533798665,7.7488862136515015
487,1.4892227033117578,6.293020069542664,7.782242772854422
488,1.27459405083645,13.077093546858181,14.351687597694632
489,1.2956144256072089,7.799963816837441,9.09557824244465
490,1.3309962972978326,6.304281681398108,7.635277978695941
491,99999.0,99999.0,99999.0
492,99999.0,99999.0,99999.0
493,1.7157226627854478,7.054887962967079,8.770610625752527
494,1.765188391527474,7.9939368740636425,9.759125265591116
495,2.072195118876248,11.644651522077595,13.716846640953843
496,1.6753188654557967,14.767255488811065,16.44257435426686
497,1.2776404756183508,7.91316047415386,9.19080094977221
498,1.3193122960049772,6.623347082998252,7.942659379003229
499,99999.0,99999.0,99999.0
500,1.8101807640156988,6.85097224368842,8.661153007704119
501,1.944013585540176,8.200794984374628,10.144808569914805
502,2.3900423902118058,11.555255737874969,13.945298128086774
503,99999.0,99999.0,99999.0
504,1.3079000555055051,8.857690968218666,10.165591023724172
505,1.3105732430648624,6.539572836157718,7.85014607922258
506,99999.0,99999.0,99999.0
507,99999.0,99999.0,99999.0
508,2.1239812850617397,8.295471745845491,10.419453030907231
509,2.73641048704682,11.75467433325008,14.4910848202969
510,99999.0,99999.0,99999.0
511,2.0431879924454046,16.07921262005077,18.122400612496175
512,1.3163799012033228,6.76419236553717,8.080572266740493
513,99999.0,99999.0,99999.0
514,2.997944866352598,11.549613302463479,14.547558168816078
515,99999.0,99999.0,99999.0
516,2.3879563434768514,15.895432982605945,18.283389326082798
517,1.4684862124943259,9.922591978762167,11.391078191256494
518,1.5758756545334172,12.079033198081422,13.65490885261484
519,1.3428813936244788,9.217626846867994,10.560508240492473
520,99999.0,99999.0,99999.0
521,1.3463682383024766,7.584997164272061,8.931365402574539
522,99999.0,99999.0,99999.0
523,99999.0,99999.0,99999.0
524,1.3215934287481175,9.327974993971747,10.649568422719865
525,99999.0,99999.0,99999.0
526,1.3996481767512858,14.969441947021021,16.369090123772306
527,1.4548178014310622,9.8506651448311,11.305482946262162
528,1.3635214357565575,8.540111014458018,9.903632450214577
529,99999.0,99999.0,99999.0
530,1.40053129919586,9.075782154474407,10.476313453670267
531,1.331567232048957,9.611467398044603,10.94303463009356
532,99999.0,99999.0,99999.0
533,1.2957044687267916,12.15626154012115,13.451966008847942
534,99999.0,99999.0,99999.0
535,1.4241361106864918,8.559557691940952,9.983693802627444
536,99999.0,99999.0,99999.0
537,1.4253570710882046,8.05196488384534,9.477321954933544
538,99999.0,99999.0,99999.0
539,1.3520190477999992,10.713480389293249,12.065499437093248
540,99999.0,99999.0,99999.0
541,1.3383910106395027,14.083818760012539,15.422209770652042
542,1.5788525755723712,10.14852313112794,11.727375706700311
543,1.421717604716953,7.985520216244699,9.407237820961651
544,1.359930266736304,10.49459427113829,11.854524537874594
545,99999.0,99999.0,99999.0
546,1.3467032177819651,13.02260256955428,14.369305787336245
547,1.5130121479100473,16.079764459994163,17.59277660790421
548,1.3978970417858225,14.672534759048068,16.07043180083389
549,1.835695600441996,7.354435150276256,9.190130750718252
550,1.5816444781765022,6.240069513243905,7.821713991420408
551,1.5629007957411813,5.951895865407315,7.514796661148496
552,99999.0,99999.0,99999.0
553,99999.0,99999.0,99999.0
554,1.336760174204139,7.24708512913547,8.583845303339608
555,1.31341535382646,7.092037325894023,8.405452679720483
556,1.633664427006148,7.75692797198472,9.390592398990869
557,99999.0,99999.0,99999.0
558,2.114138429756065,6.988740467322042,9.102878897078106
559,1.7362636736790455,6.353107553318746,8.089371226997791
560,99999.0,99999.0,99999.0
561,99999.0,99999.0,99999.0
562,1.3224507287344476,7.155301524819067,8.477752253553515
563,1.3933045916490896,6.977027775415409,8.3703323670645
564,1.9919315488606293,7.3703600057273615,9.36229155458799
565,99999.0,99999.0,99999.0
566,2.4670351665597874,7.1788873145144505,9.645922481074237
567,1.735888253475527,6.741065710046768,8.476953963522295
568,99999.0,99999.0,99999.0
569,99999.0,99999.0,99999.0
570,1.3350067663915672,6.851967889678682,8.18697465607025
571,1.5373163159689416,6.337829212958764,7.875145528927705
572,2.2327705206720427,7.123984516130456,9.356755036802499
573,1.6212283686657443,6.936777744549434,8.558006113215178
574,99999.0,99999.0,99999.0
575,99999.0,99999.0,99999.0
576,1.374960835718238,6.558042337488237,7.933003173206474
577,99999.0,99999.0,99999.0
578,2.145536455721684,6.962256456225133,9.107792911946817
579,99999.0,99999.0,99999.0
580,99999.0,99999.0,99999.0
581,99999.0,99999.0,99999.0
582,99999.0,99999.0,99999.0
583,1.3265489596059976,6.093004224096192,7.41955318370219
584,99999.0,99999.0,99999.0
585,1.9115959297045186,6.818170020593224,8.729765950297743
586,2.618188915145227,7.868644675170106,10.486833590315333
587,99999.0,99999.0,99999.0
588,1.4956787609346247,5.48439250493958,6.980071265874204
589,1.4013773228235915,5.725142283536443,7.126519606360034
590,1.3591308632056764,5.917011002023091,7.276141865228767
591,99999.0,99999.0,99999.0
592,1.6723124590799614,6.134526915322867,7.806839374402829
593,99999.0,99999.0,99999.0
594,2.394148673440835,6.773433090054728,9.167581763495562
595,99999.0,99999.0,99999.0
596,1.5738783785551052,5.808994776574062,7.382873155129167
597,99999.0,99999.0,99999.0
598,99999.0,99999.0,99999.0
599,1.5166706731231132,5.605564502409337,7.12223517553245
600,1.748993387369168,5.931200906247435,7.680194293616603
601,1.6410436781585533,5.77553365626446,7.416577334423013
602,99999.0,99999.0,99999.0
603,1.4424548291919967,5.7447979632262705,7.187252792418267
604,1.4352618432924689,5.661346785675154,7.096608628967623
605,1.5199044026552697,5.71486172046041,7.23476612311568
606,2.8527288065855236,6.8377724985488015,9.690501305134326
607,1.9399813246900481,5.215176684764845,7.155158009454894
608,1.6648550595802551,5.294500188034759,6.959355247615013
609,99999.0,99999.0,99999.0
610,99999.0,99999.0,99999.0
611,1.428738294328156,5.773992677539188,7.202730971867344
612,1.6805847413070325,5.6368237062091895,7.317408447516222
613,99999.0,99999.0,99999.0
614,1.9613379021101238,5.120991498117904,7.082329400228028
615,99999.0,99999.0,99999.0
616,1.5567338500780667,5.271974611498268,6.828708461576335
617,99999.0,99999.0,99999.0
618,1.4637699246579556,5.820235909992114,7.28400583465007
619,99999.0,99999.0,99999.0
620,99999.0,99999.0,99999.0
621,2.195068872193757,5.736793293480202,7.931862165673959
622,99999.0,99999.0,99999.0
623,1.8323084809001853,5.378824406059829,7.211132886960014
624,99999.0,99999.0,99999.0
625,1.4990850640391031,5.463917325254884,6.963002389293987
626,1.6680620940372592,5.466570514946384,7.134632608983644
627,99999.0,99999.0,99999.0
628,1.906747159085249,5.3228598063766155,7.229606965461865
629,99999.0,99999.0,99999.0
630,1.5488248296788367,5.290165303808456,6.838990133487292
631,99999.0,99999.0,99999.0
632,99999.0,99999.0,99999.0
633,99999.0,99999.0,99999.0
634,1.8323929762407931,5.059485841489184,6.891878817729976
635,99999.0,99999.0,99999.0
636,1.4535538730710489,5.468136921875241,6.92169079494629
637,1.4632422553660025,5.5224038333250975,6.9856460886911
638,1.6593197038250396,5.200147094047071,6.859466797872111
639,2.0043429635522223,5.3410035331069325,7.345346496659155
640,2.4439893490155136,5.144857181307119,7.588846530322632
641,2.097570170617783,5.083729434067094,7.181299604684877
642,1.7619243022914495,5.081228173341171,6.84315247563262
643,99999.0,99999.0,99999.0
644,99999.0,99999.0,99999.0
645,1.7486746904150785,5.299036441784723,7.047711132199801
646,99999.0,99999.0,99999.0
647,99999.0,99999.0,99999.0
648,99999.0,99999.0,99999.0
649,2.1967899174244416,5.426916525364283,7.623706442788725
650,99999.0,99999.0,99999.0
651,1.746442452779468,5.55700022961192,7.303442682391388
652,1.867537331146563,5.3175255724490125,7.1850629035955755
653,1.9868738762232694,5.172354508752243,7.1592283849755125
654,2.1906964212025493,5.1881935115808036,7.378889932783353
655,99999.0,99999.0,99999.0
656,1.766264871388684,5.199493642235074,6.965758513623758
657,1.687989829808792,5.189242584084956,6.877232413893748
658,2.0381042163900474,5.4651355873300025,7.503239803720049
659,3.2480641477200014,7.785067429932829,11.03313157765283
660,99999.0,99999.0,99999.0
661,1.5089525497918805,6.481781134923066,7.990733684714947
662,1.4222001844466394,6.0941193192603516,7.516319503706991
663,99999.0,99999.0,99999.0
664,1.7792028079883846,5.080428720128354,6.859631528116738
665,3.6925948406711457,7.290935286425009,10.983530127096156
666,99999.0,99999.0,99999.0
667,1.9582524245551671,6.246317032235922,8.20456945679109
668,1.7432152020277183,6.2703189378309,8.013534139858617
669,99999.0,99999.0,99999.0
670,1.7276885611320518,5.5451141219321265,7.272802683064178
671,99999.0,99999.0,99999.0
672,2.2566692873544443,5.2529301504457475,7.509599437800192
673,99999.0,99999.0,99999.0
674,99999.0,99999.0,99999.0
675,99999.0,99999.0,99999.0
676,1.6728676346839126,6.158261962666652,7.831129597350564
677,1.7081451522154563,5.537260699792075,7.245405852007531
678,1.8745889133526823,5.221667249523312,7.096256162875995
679,2.147204524319551,5.92903466266635,8.076239186985902
680,99999.0,99999.0,99999.0
681,1.7645767797357634,5.896601897907862,7.661178677643626
682,1.63264852232923,5.821085808021264,7.453734330350494
683,1.7755422035979131,5.937905501805792,7.713447705403706
684,2.3026744283289857,8.208344743499099,10.511019171828085
685,99999.0,99999.0,99999.0
686,99999.0,99999.0,99999.0
687,99999.0,99999.0,99999.0
688,1.5687099267769267,5.175819829302023,6.74452975607895
689,99999.0,99999.0,99999.0
690,2.9563162212716496,7.91194591852963,10.86826213980128
691,99999.0,99999.0,99999.0
692,1.7873294870479632,7.302971747397216,9.09030123444518
693,1.4093152374477387,6.549751048906197,7.959066286353936
694,1.487432176952059,5.726011515497656,7.213443692449715
695,99999.0,99999.0,99999.0
696,1.9177672731638251,5.325263658458069,7.243030931621894
697,2.4836594571542157,6.974646547836806,9.458306004991021
698,2.1375384428387725,7.12677011436568,9.264308557204453
699,99999.0,99999.0,99999.0
700,99999.0,99999.0,99999.0
701,99999.0,99999.0,99999.0
702,1.6914435770561072,5.420414405433332,7.11185798248944
703,99999.0,99999.0,99999.0
704,99999.0,99999.0,99999.0
705,99999.0,99999.0,99999.0
706,1.5169816413536537,6.2529036494546935,7.769885290808347
707,99999.0,99999.0,99999.0
708,1.5079037442650876,9.058996594899279,10.566900339164366
709,1.3093415686467718,7.002835862218053,8.312177430864825
710,1.3882501494952404,6.264426817726557,7.652676967221797
711,1.4604931797837175,5.589952424594177,7.050445604377894
712,2.3870849504800145,7.291437094447235,9.678522044927249
713,2.998001883149218,9.477816208104315,12.475818091253533
714,2.5483332930251654,10.303171446994975,12.85150474002014
715,2.0970501156105157,10.797469146027709,12.894519261638225
716,99999.0,99999.0,99999.0
717,99999.0,99999.0,99999.0
718,99999.0,99999.0,99999.0
719,1.613854085213983,5.507830297919447,7.12168438313343
720,99999.0,99999.0,99999.0
721,2.411900537388634,9.878416792868027,12.290317330256661
722,99999.0,99999.0,99999.0
723,1.6515349854019878,9.178662489791233,10.83019747519322
724,1.412555508732413,6.095995425137214,7.508550933869627
725,1.4670852249759052,5.816505596004333,7.283590820980239
726,2.338568900943945,9.696481715896217,12.035050616840163
727,2.1311600648656275,10.133135246099098,12.264295310964725
728,1.73801089251977,9.107649020378325,10.845659912898094
729,1.4611013677038054,7.265509616510261,8.726610984214066
730,99999.0,99999.0,99999.0
731,1.3246697934373408,8.082509254086984,9.407179047524325
732,1.3101795213155452,6.638431822128399,7.948611343443944
733,1.3408993838479448,5.885554575005371,7.226453958853316
734,1.53618973372086,6.746924647640642,8.283114381361502
735,1.5109940397764579,7.575485686511212,9.08647972628767
736,1.529111109949686,9.22117930536574,10.750290415315424
737,1.6208500030485766,13.309582640493185,14.930432643541762
738,1.442571634918599,10.259705981717296,11.702277616635895
739,1.342941989282223,6.412425344088222,7.755367333370445
740,99999.0,99999.0,99999.0
741,1.437642585336653,5.708287057101486,7.145929642438139
742,99999.0,99999.0,99999.0
743,1.6285260535524981,9.249997529327663,10.878523582880161
744,1.7631800206251123,12.135352534455233,13.898532555080346
745,2.1016336325999205,12.802518253799164,14.904151886399085
746,1.356785329555374,7.178790345267797,8.535575674823171
747,1.3466281012588213,6.060383788872362,7.407011890131184
748,99999.0,99999.0,99999.0
749,1.7514706514162413,11.821904632506426,13.573375283922667
750,1.9994457566385662,12.550760139350471,14.550205895989038
751,1.955624899259685,12.091975215617248,14.047600114876934
752,99999.0,99999.0,99999.0
753,1.6656981118454843,7.167118315212554,8.832816427058038
754,1.5376851611173346,6.295740657074003,7.833425818191337
755,99999.0,99999.0,99999.0
756,1.3706417997179403,6.4851784638122805,7.855820263530221
757,1.331641005451329,6.962699256556009,8.294340262007339
758,1.2938178921120906,7.49782039541504,8.791638287527132
759,1.5149215184063962,7.786997088702977,9.301918607109373
760,1.9662552049232143,8.22199933146326,10.188254536386475
761,1.7131658460017227,6.905003056880823,8.618168902882546
762,1.6477620793225807,6.323294735787084,7.971056815109665
763,1.4679319326137108,6.599883313906192,8.067815246519903
764,1.3776021243906016,6.848722293344274,8.226324417734876
765,1.3410622557080998,7.165092274542171,8.50615453025027
766,99999.0,99999.0,99999.0
767,1.8673257587013008,8.408398794171775,10.275724552873076
768,1.896295227610125,7.49357801024884,9.389873237858966
769,1.4247945746461808,6.900006811847751,8.324801386493931
770,99999.0,99999.0,99999.0
771,1.3375758009628687,7.269567515463905,8.607143316426773
772,1.379792766714913,7.312869005828351,8.692661772543264
773,1.3705569009218443,7.063251465589154,8.433808366510998
774,2.147776639564918,6.515918251526573,8.663694891091492
775,1.8578318054446448,5.6538633572224875,7.511695162667133
776,99999.0,99999.0,99999.0
777,99999.0,99999.0,99999.0
778,1.3513213252563974,6.048465128210902,7.399786453467299
779,1.4578517914284859,6.319844944415949,7.777696735844435
780,2.1034152214060855,6.81736783165138,8.920783053057466
781,99999.0,99999.0,99999.0
782,2.515127298383489,6.441572718051677,8.956700016435166
783,1.7975246255975583,5.786175056138452,7.583699681736011
784,99999.0,99999.0,99999.0
785,99999.0,99999.0,99999.0
786,1.3936408170674013,5.847910680572534,7.241551497639936
787,1.622889866683657,5.851447203035883,7.47433706971954
788,2.2840834131223073,6.478615422766778,8.762698835889084
789,1.7109016057365667,5.960621087387023,7.671522693123589
790,99999.0,99999.0,99999.0
791,99999.0,99999.0,99999.0
792,1.4509472887347663,5.943109198692565,7.394056487427331
793,99999.0,99999.0,99999.0
794,2.016937536060409,5.25338549622189,7.270323032282299
795,1.7810854982252415,5.311737022493799,7.09282252071904
796,99999.0,99999.0,99999.0
797,99999.0,99999.0,99999.0
798,99999.0,99999.0,99999.0
799,1.8877643000178512,5.898395130336497,7.786159430354348
800,99999.0,99999.0,99999.0
801,3.2500532466066963,7.319769965172513,10.569823211779209
802,2.0158038824563667,5.375893426369246,7.391697308825613
803,1.7035476856206946,5.289018494139257,6.992566179759952
804,99999.0,99999.0,99999.0
805,1.4237613085826994,5.323093814158732,6.746855122741431
806,1.7207005967319415,5.588080786683722,7.308781383415663
807,99999.0,99999.0,99999.0
808,1.8243585327664409,5.360727202974659,7.1850857357411
809,99999.0,99999.0,99999.0
810,1.511897329947455,5.245086967715792,6.756984297663246
811,1.5403329060861641,5.435847587714043,6.976180493800207
812,1.648894285667625,5.399581139788715,7.04847542545634
813,3.1251429427978707,7.138500400331034,10.263643343128905
814,2.091566260570412,6.18643273027777,8.277998990848182
815,1.8393833572049252,6.411298585893501,8.250681943098426
816,1.541402873855512,6.283136598613132,7.824539472468644
817,1.7680240804701102,5.574926075727957,7.342950156198067
818,99999.0,99999.0,99999.0
819,2.4517853756049672,5.292150815269152,7.74393619087412
820,3.3443864335002242,6.676502376173159,10.020888809673384
821,2.2572763586897757,6.0116463566724105,8.268922715362187
822,1.9826588008353634,6.017794070800089,8.000452871635453
823,99999.0,99999.0,99999.0
824,99999.0,99999.0,99999.0
825,2.124918418188687,5.430435693675274,7.555354111863961
826,2.4249036263445283,6.0507476134026,8.475651239747128
827,99999.0,99999.0,99999.0
828,1.8087244106959115,6.040571077103327,7.849295487799239
829,1.6605186524294788,5.898769078933549,7.559287731363028
830,99999.0,99999.0,99999.0
831,2.353977470562368,7.6291464051219124,9.983123875684282
832,1.9273946253872107,7.769949373433726,9.697343998820937
833,1.442669915258449,6.530375103995815,7.973045019254264
834,1.5759126834195616,5.645073347839674,7.220986031259236
835,99999.0,99999.0,99999.0
836,1.990676135046123,5.13456496489113,7.125241099937253
837,3.3638521831833286,7.81658049906242,11.180432682245748
838,99999.0,99999.0,99999.0
839,99999.0,99999.0,99999.0
840,1.705675438171304,7.2035091526777855,8.90918459084909
841,1.64316908249378,5.762458845864518,7.405627928358298
842,1.6984469442398016,5.300827624124554,6.999274568364355
843,2.3786885882720123,7.076140516835795,9.454829105107807
844,99999.0,99999.0,99999.0
845,1.7911934716989857,7.111972103861604,8.90316557556059
846,99999.0,99999.0,99999.0
847,1.7074430521585215,6.390255584922328,8.09769863708085
848,2.311941932834866,11.460160081459751,13.772102014294617
849,99999.0,99999.0,99999.0
850,1.4264786710412465,5.940681336655791,7.367160007697038
851,99999.0,99999.0,99999.0
852,1.8770139453439054,5.398616163117491,7.275630108461396
853,2.6217105210853693,7.741712003516246,10.363422524601615
854,2.8655894428163164,9.746404291824216,12.611993734640533
855,99999.0,99999.0,99999.0
856,1.7624348059222632,9.102976505160436,10.865411311082699
857,1.4463687830023197,5.957700438308363,7.4040692213106825
858,1.5459978280384812,5.481675527703464,7.027673355741945
859,2.7545343416823576,9.509685814028174,12.264220155710532
860,99999.0,99999.0,99999.0
861,99999.0,99999.0,99999.0
862,1.5121543910719577,7.254544197761952,8.76669858883391
863,99999.0,99999.0,99999.0
864,1.3542030599225958,7.935859243874998,9.290062303797594
865,1.350437989816073,6.122970069209558,7.473408059025631
866,99999.0,99999.0,99999.0
867,99999.0,99999.0,99999.0
868,2.1549963670172865,7.51826901990291,9.673265386920196
869,2.768895392150428,10.74907548574031,13.517970877890738
870,99999.0,99999.0,99999.0
871,2.0700509544037993,14.179897146413875,16.249948100817676
872,1.3610125247052351,6.304913728203259,7.665926252908494
873,99999.0,99999.0,99999.0
874,3.017147164516539,11.036117552489175,14.053264717005714
875,99999.0,99999.0,99999.0
876,2.3538144765166407,13.939565694206408,16.293380170723047
877,1.4470156866753034,9.108457583078836,10.55547326975414
878,1.6558858402911745,9.893532644117997,11.549418484409172
879,1.5390990160347138,6.662961987833919,8.202061003868632
880,99999.0,99999.0,99999.0
881,1.5497152936206604,5.747218898382062,7.296934192002722
882,99999.0,99999.0,99999.0
883,1.4431789419151357,7.0707601754430405,8.513939117358177
884,99999.0,99999.0,99999.0
885,1.4296361417225183,9.256206153287334,10.685842295009852
886,1.671827360764586,7.728062104952936,9.399889465717521
887,1.523123580878874,5.968326181377527,7.4914497622564005
888,1.4636944442842663,6.95878640673784,8.422480851022106
889,99999.0,99999.0,99999.0
890,1.4372959119710884,8.465581931186705,9.902877843157793
891,1.6312189928591072,10.75295985301069,12.384178845869798
892,1.4781403770971449,9.499919090789264,10.978059467886409
893,2.1826657797920945,6.592904811508844,8.775570591300939
894,1.983163196604029,5.956491834809891,7.9396550314139205
895,99999.0,99999.0,99999.0
896,1.5479964340444738,5.869597765103935,7.417594199148408
897,1.4510051834953097,6.0099663122206355,7.460971495715945
898,1.382056551032573,6.194645493754058,7.5767020447866305
899,1.8676866561685634,6.587431933182958,8.455118589351521
900,2.6161898206565395,7.649824463589262,10.266014284245802
901,1.634626844687565,5.807687069099429,7.442313913786994
902,1.5364956372144012,5.9993456145040955,7.535841251718496
903,1.4353131644601764,5.9868416504553466,7.4221548149155225
904,1.512656000285928,6.111615026181574,7.624271026467502
905,99999.0,99999.0,99999.0
906,2.8246261776375707,6.501190156173652,9.325816333811222
907,99999.0,99999.0,99999.0
908,99999.0,99999.0,99999.0
909,99999.0,99999.0,99999.0
910,1.521642309260636,5.56139822954592,7.083040538806555
911,99999.0,99999.0,99999.0
912,99999.0,99999.0,99999.0
913,99999.0,99999.0,99999.0
914,99999.0,99999.0,99999.0
915,99999.0,99999.0,99999.0
916,1.5791565387721824,5.459165369650358,7.038321908422541
917,99999.0,99999.0,99999.0
918,2.2208856245591293,5.238535289456849,7.459420914015979
919,2.205647695519179,5.559781678652234,7.765429374171413
920,99999.0,99999.0,99999.0
921,1.6611617687703868,5.441744805728352,7.102906574498739
922,1.8781798388262998,5.536081352079133,7.4142611909054335
923,2.481861898174969,5.940294076431675,8.422155974606644
924,2.250845785035043,5.349465271291905,7.600311056326948
925,99999.0,99999.0,99999.0
926,1.7457646169739174,5.17974051834273,6.925505135316648
927,1.6866426893547852,5.270932382218855,6.95757507157364
928,1.8538735101094368,5.395995528715114,7.24986903882455
929,2.6387618022210524,7.250258527674948,9.889020329896
930,99999.0,99999.0,99999.0
931,1.8323863013195674,7.587582000874346,9.419968302193913
932,1.7481250870493232,5.7557202709335265,7.50384535798285
933,1.9156377391218524,5.362284917493447,7.277922656615299
934,2.8344872604239173,7.256203737975296,10.090690998399214
935,99999.0,99999.0,99999.0
936,1.9337258558732433,7.145270179722363,9.078996035595607
937,1.6807522950070526,6.46610597262939,8.146858267636443
938,99999.0,99999.0,99999.0
939,2.8974164370597535,10.402402777406841,13.299819214466595
940,1.888685126574574,9.352547106521529,11.241232233096103
941,1.5387671232089633,5.849549601093911,7.388316724302874
942,1.7282470617260244,5.4570259562281205,7.185273017954145
943,3.2267305676104696,9.50736717108292,12.73409773869339
944,99999.0,99999.0,99999.0
945,2.070142495233336,9.120238401442142,11.190380896675478
946,1.60035505665427,7.02096428388965,8.62131934054392
947,1.7404500844813893,7.350347195374753,9.090797279856142
948,2.1831394661720736,12.451911058933073,14.635050525105147
949,1.442398617376714,6.090866635227427,7.533265252604141
950,99999.0,99999.0,99999.0
951,3.1640505793049063,10.370715188304068,13.534765767608974
952,99999.0,99999.0,99999.0
953,99999.0,99999.0,99999.0
954,99999.0,99999.0,99999.0
955,99999.0,99999.0,99999.0
956,1.4161279979644932,6.556257818249481,7.972385816213974
957,1.4350858130368256,5.587076532259364,7.02216234529619
958,1.9256235764732872,9.235198334683973,11.16082191115726
959,99999.0,99999.0,99999.0
960,2.742694806870191,12.388058855238878,15.130753662109068
961,1.6509415106118648,12.485572925078028,14.136514435689893
962,2.0654229671378066,10.516143588034259,12.581566555172065
963,99999.0,99999.0,99999.0
964,99999.0,99999.0,99999.0
965,99999.0,99999.0,99999.0
966,99999.0,99999.0,99999.0
967,99999.0,99999.0,99999.0
968,99999.0,99999.0,99999.0
969,99999.0,99999.0,99999.0
970,99999.0,99999.0,99999.0
971,99999.0,99999.0,99999.0
972,99999.0,99999.0,99999.0
973,1.6087775742040302,5.507582780164381,7.116360354368411
974,99999.0,99999.0,99999.0
975,99999.0,99999.0,99999.0
976,99999.0,99999.0,99999.0
977,99999.0,99999.0,99999.0
978,99999.0,99999.0,99999.0
979,99999.0,99999.0,99999.0
980,99999.0,99999.0,99999.0
981,99999.0,99999.0,99999.0
982,99999.0,99999.0,99999.0
983,2.057620211698451,10.221693107692076,12.279313319390527
