0,71
0,126
0,1524
0,1579
1,72
1,127
1,1525
1,1580
2,73
2,128
2,1526
2,1581
3,74
3,129
3,1527
3,1582
4,75
4,130
4,1528
4,1583
5,131
5,1518
5,12
5,202
6,66
6,1519
6,13
6,203
7,67
7,1520
7,14
7,204
8,68
8,1521
8,15
8,205
9,69
9,206
9,1396
9,1536
10,207
10,1397
10,1537
11,208
11,1398
11,1538
12,209
12,1399
12,1539
13,210
13,1400
13,1540
14,211
14,1401
14,1541
15,212
15,1402
16,213
16,1403
17,214
17,1404
18,25
18,75
18,215
18,1405
19,26
19,76
19,216
19,1406
20,27
20,77
20,217
20,1407
21,28
21,78
21,218
21,1408
22,79
22,219
22,1409
23,1547
23,1410
23,80
23,220
24,95
24,1548
24,81
24,221
25,96
25,1549
25,222
26,97
26,1550
26,223
27,98
27,1551
27,224
28,99
28,1552
28,225
29,100
29,89
29,1542
29,1553
30,101
30,90
30,1543
30,1554
31,102
31,91
31,1544
31,1555
32,103
32,92
32,1545
32,1556
33,104
33,93
33,1546
33,1557
34,105
34,94
34,1547
34,1558
35,106
35,95
35,1548
35,1559
36,107
36,96
36,1549
36,1560
37,108
37,97
37,1550
37,1561
38,98
38,1551
38,45
38,235
39,99
39,1552
39,46
39,236
40,100
40,1553
40,47
40,237
41,101
41,1554
41,48
41,238
42,102
42,239
42,1429
42,1569
43,240
43,1430
43,1570
44,241
44,1431
44,1571
45,242
45,1432
45,1572
46,243
46,1433
46,1573
47,244
47,1434
47,1574
48,245
48,1435
49,246
49,1436
50,247
50,1437
51,58
51,108
51,248
51,1438
52,59
52,109
52,249
52,1439
53,60
53,110
53,250
53,1440
54,61
54,111
54,251
54,1441
55,112
55,252
55,1442
56,1580
56,1443
56,113
56,253
57,128
57,1581
57,114
57,254
58,129
58,1582
58,255
59,130
59,1583
59,256
60,131
60,1518
60,257
61,66
61,1519
61,258
62,67
62,122
62,1520
62,1575
63,68
63,123
63,1521
63,1576
64,69
64,124
64,1522
64,1577
65,70
65,125
65,1523
65,1578
66,137
66,192
67,138
67,193
68,139
68,194
69,140
69,195
70,196
70,77
70,1457
71,197
71,78
72,132
72,79
72,269
73,133
73,80
73,270
74,134
74,81
74,271
75,135
75,272
76,136
76,273
76,1463
77,274
77,1464
78,275
78,1465
79,276
79,1466
80,277
80,1467
81,278
81,1468
82,279
82,1469
83,90
83,280
83,1470
84,91
84,141
84,281
84,1471
85,92
85,142
85,282
85,1472
86,93
86,143
86,283
86,1473
87,94
87,144
87,284
87,1474
88,145
88,285
88,1475
89,146
89,286
89,1476
90,161
90,287
91,162
91,288
92,163
92,289
93,164
93,290
94,165
94,291
95,166
95,155
96,167
96,156
97,168
97,157
98,169
98,158
99,170
99,159
100,171
100,160
101,172
101,161
102,173
102,162
103,163
103,110
103,1490
104,164
104,111
105,165
105,112
105,302
106,166
106,113
106,303
107,167
107,114
107,304
108,168
108,305
109,169
109,306
109,1496
110,307
110,1497
111,308
111,1498
112,309
112,1499
113,310
113,1500
114,311
114,1501
115,312
115,1502
116,123
116,313
116,1503
117,124
117,174
117,314
117,1504
118,125
118,175
118,315
118,1505
119,126
119,176
119,316
119,1506
120,127
120,177
120,317
120,1507
121,178
121,318
121,1508
122,179
122,319
122,1509
123,194
123,320
124,195
124,321
125,196
125,322
126,197
126,323
127,132
127,324
128,133
128,188
129,134
129,189
130,135
130,190
131,136
131,191
132,203
132,258
133,204
133,259
134,205
134,260
135,206
135,261
136,207
136,262
137,263
137,144
137,334
138,198
138,145
138,335
139,199
139,146
139,336
140,200
140,147
140,337
141,201
141,338
141,1528
142,339
142,1529
143,340
143,1530
144,341
144,1531
145,342
145,1532
146,343
146,1533
147,344
147,1534
148,345
148,1535
149,346
149,1536
150,157
150,347
150,1537
151,158
151,208
151,348
151,1538
152,159
152,209
152,349
152,1539
153,160
153,210
153,350
153,1540
154,211
154,351
154,1541
155,1542
155,212
155,352
156,227
156,213
156,353
157,228
157,354
158,229
158,355
159,230
159,356
160,231
160,357
161,232
161,221
162,233
162,222
163,234
163,223
164,235
164,224
165,236
165,225
166,237
166,226
167,238
167,227
168,239
168,228
169,240
169,229
170,230
170,177
170,367
171,231
171,178
171,368
172,232
172,179
172,369
173,233
173,180
173,370
174,234
174,371
174,1561
175,372
175,1562
176,373
176,1563
177,374
177,1564
178,375
178,1565
179,376
179,1566
180,377
180,1567
181,378
181,1568
182,379
182,1569
183,190
183,380
183,1570
184,191
184,241
184,381
184,1571
185,192
185,242
185,382
185,1572
186,193
186,243
186,383
186,1573
187,244
187,384
187,1574
188,1575
188,245
188,385
189,260
189,246
189,386
190,261
190,387
191,262
191,388
192,263
192,389
193,198
193,390
194,199
194,254
195,200
195,255
196,201
196,256
197,202
197,257
198,269
198,324
199,270
199,325
200,271
200,326
201,272
201,327
202,328
202,209
203,329
203,210
204,264
204,211
205,265
205,212
206,266
206,213
207,267
207,404
208,268
208,405
209,406
210,407
211,408
212,409
213,410
214,411
215,222
215,412
216,223
216,273
216,413
217,224
217,274
217,414
218,225
218,275
218,415
219,226
219,276
219,416
220,277
220,417
221,278
221,418
222,293
223,294
224,295
225,296
226,297
226,423
227,298
227,287
228,299
228,288
229,300
229,289
230,301
230,290
231,302
231,291
232,303
232,292
233,304
233,293
234,305
234,294
235,295
235,242
236,296
236,243
237,297
237,244
238,298
238,245
239,299
239,246
240,300
240,437
241,301
241,438
242,439
243,440
244,441
245,442
246,443
247,444
248,255
248,445
249,256
249,306
249,446
250,257
250,307
250,447
251,258
251,308
251,448
252,259
252,309
252,449
253,310
253,450
254,311
254,451
255,326
256,327
257,328
258,329
259,264
259,456
260,265
260,320
261,266
261,321
262,267
262,322
263,268
263,323
264,335
264,390
265,336
265,391
266,337
266,392
267,338
267,393
268,339
268,394
269,395
269,276
270,330
270,277
271,331
271,278
272,332
272,279
273,333
273,470
274,471
275,472
276,473
277,474
278,475
279,476
280,477
281,478
282,289
282,479
283,290
283,340
283,480
284,291
284,341
284,481
285,292
285,342
285,482
286,343
286,483
287,344
287,484
288,359
288,345
289,360
290,361
291,362
292,363
292,489
293,364
293,353
294,365
294,354
295,366
295,355
296,367
296,356
297,368
297,357
298,369
298,358
299,370
299,359
300,371
300,360
301,372
301,361
302,362
302,309
303,363
303,310
304,364
304,311
305,365
305,312
306,366
306,503
307,504
308,505
309,506
310,507
311,508
312,509
313,510
314,511
315,322
315,512
316,323
316,373
316,513
317,324
317,374
317,514
318,325
318,375
318,515
319,376
319,516
320,377
320,517
321,392
321,378
322,393
323,394
324,395
325,330
325,522
326,331
326,386
327,332
327,387
328,333
328,388
329,334
329,389
330,401
330,456
331,402
331,457
332,403
332,458
333,404
333,459
334,460
334,341
335,461
335,342
336,396
336,343
337,397
337,344
338,398
338,345
339,399
339,536
340,400
340,537
341,538
342,539
343,540
344,541
345,542
346,543
347,354
347,544
348,355
348,405
348,545
349,356
349,406
349,546
350,357
350,407
350,547
351,358
351,408
351,548
352,409
352,549
353,410
353,550
354,425
355,426
356,427
357,428
358,429
358,555
359,430
359,419
360,431
360,420
361,432
361,421
362,433
362,422
363,434
363,423
364,435
364,424
365,436
365,425
366,437
366,426
367,427
367,374
368,428
368,375
369,429
369,376
370,430
370,377
371,431
371,378
372,432
372,569
373,433
373,570
374,571
375,572
376,573
377,574
378,575
379,576
380,387
380,577
381,388
381,438
381,578
382,389
382,439
382,579
383,390
383,440
383,580
384,391
384,441
384,581
385,442
385,582
386,443
386,583
387,458
388,459
389,460
390,461
391,396
391,588
392,397
392,452
393,398
393,453
394,399
394,454
395,400
395,455
396,467
396,522
397,468
397,523
398,469
398,524
399,470
399,525
400,471
400,526
401,527
401,408
401,598
402,462
402,409
402,599
403,463
403,410
403,600
404,464
404,411
405,465
405,602
406,603
407,604
408,605
409,606
410,607
411,608
412,609
413,610
414,421
414,611
415,422
415,472
415,612
416,423
416,473
416,613
417,424
417,474
417,614
418,475
418,615
419,476
419,616
420,491
420,477
420,617
421,492
421,618
422,493
422,619
423,494
424,495
424,621
425,496
425,485
426,497
426,486
427,498
427,487
428,499
428,488
429,500
429,489
430,501
430,490
431,502
431,491
432,503
432,492
433,504
433,493
434,494
434,441
434,631
435,495
435,442
435,632
436,496
436,443
436,633
437,497
437,444
438,498
438,635
439,636
440,637
441,638
442,639
443,640
444,641
445,642
446,643
447,454
447,644
448,455
448,505
448,645
449,456
449,506
449,646
450,457
450,507
450,647
451,508
451,648
452,509
452,649
453,524
453,510
453,650
454,525
454,651
455,526
455,652
456,527
457,462
457,654
458,463
458,518
459,464
459,519
460,465
460,520
461,466
461,521
462,533
462,588
463,534
463,589
464,535
464,590
465,536
465,591
466,592
466,473
467,593
467,474
468,528
468,475
468,665
469,529
469,476
469,666
470,530
470,477
471,531
471,668
472,532
472,669
473,670
474,671
475,672
476,673
477,674
478,675
479,486
479,676
480,487
480,537
480,677
481,488
481,538
481,678
482,489
482,539
482,679
483,490
483,540
483,680
484,541
484,681
485,542
485,682
486,557
486,683
487,558
487,684
488,559
488,685
489,560
490,561
490,687
491,562
491,551
492,563
492,552
493,564
493,553
494,565
494,554
495,566
495,555
496,567
496,556
497,568
497,557
498,569
498,558
499,559
499,506
500,560
500,507
501,561
501,508
501,698
502,562
502,509
502,699
503,563
503,510
504,564
504,701
505,565
505,702
506,703
507,704
508,705
509,706
510,707
511,708
512,519
512,709
513,520
513,570
513,710
514,521
514,571
514,711
515,522
515,572
515,712
516,523
516,573
516,713
517,574
517,714
518,575
518,715
519,590
519,716
520,591
520,717
521,592
521,718
522,593
523,528
523,720
524,529
524,584
525,530
525,585
526,531
526,586
527,532
527,587
528,599
528,654
529,600
529,655
530,601
530,656
531,602
531,657
532,603
532,658
533,659
533,540
533,730
534,594
534,541
534,731
535,595
535,542
535,732
536,596
536,543
537,597
537,734
538,735
539,736
540,737
541,738
542,739
543,740
544,741
545,742
546,553
546,743
547,554
547,604
547,744
548,555
548,605
548,745
549,556
549,606
549,746
550,607
550,747
551,608
551,748
552,623
552,609
552,749
553,624
553,750
554,625
554,751
555,626
556,627
556,753
557,628
557,617
558,629
558,618
559,630
559,619
560,631
560,620
561,632
561,621
562,633
562,622
563,634
563,623
564,635
564,624
565,636
565,625
566,626
566,573
566,763
567,627
567,574
567,764
568,628
568,575
568,765
569,629
569,576
570,630
570,767
571,768
572,769
573,770
574,771
575,772
576,773
577,774
578,775
579,586
579,776
580,587
580,637
580,777
581,588
581,638
581,778
582,589
582,639
582,779
583,640
583,780
584,641
584,781
585,656
585,642
585,782
586,657
586,783
587,658
587,784
588,659
589,594
589,786
590,595
590,650
591,596
591,651
592,597
592,652
593,598
593,653
594,665
594,720
595,666
595,721
596,667
596,722
597,668
597,723
598,724
598,605
599,725
599,606
600,660
600,607
601,661
601,608
601,798
602,662
602,609
603,663
603,800
604,664
604,801
605,802
606,803
607,804
608,805
609,806
610,807
611,618
611,808
612,619
612,669
612,809
613,620
613,670
613,810
614,621
614,671
614,811
615,622
615,672
615,812
616,673
616,813
617,674
617,814
618,689
619,690
620,691
620,817
621,692
622,693
622,819
623,694
623,683
624,695
624,684
625,696
625,685
626,697
626,686
627,698
627,687
628,699
628,688
629,700
629,689
630,701
630,690
631,691
631,638
632,692
632,639
633,693
633,640
634,694
634,641
634,831
635,695
635,642
636,696
636,833
637,697
637,834
638,835
639,836
640,837
641,838
642,839
643,840
644,651
644,841
645,652
645,702
645,842
646,653
646,703
646,843
647,654
647,704
647,844
648,655
648,705
648,845
649,706
649,846
650,707
650,847
651,722
652,723
653,724
653,850
654,725
655,660
655,852
656,661
656,716
657,662
657,717
658,663
658,718
659,664
659,719
660,731
660,786
661,732
661,787
662,733
662,788
663,734
663,789
664,735
664,790
665,791
665,672
666,726
666,673
667,727
667,674
667,864
668,728
668,675
669,729
669,866
670,867
671,868
672,869
673,870
674,871
675,872
676,873
677,874
678,685
678,875
679,686
679,736
679,876
680,687
680,737
680,877
681,688
681,738
681,878
682,739
682,879
683,740
683,880
684,755
684,741
685,756
686,757
686,883
687,758
688,759
688,885
689,760
689,749
690,761
690,750
691,762
691,751
692,763
692,752
693,764
693,753
694,765
694,754
695,766
695,755
696,767
696,756
697,768
697,757
698,758
698,705
699,759
699,706
700,760
700,707
700,897
701,761
701,708
702,762
702,899
703,900
704,901
705,902
706,903
707,904
708,905
709,906
710,907
711,718
711,908
712,719
712,769
712,909
713,720
713,770
713,910
714,721
714,771
714,911
715,772
715,912
716,773
716,913
717,788
717,774
718,789
719,790
719,916
720,791
721,726
721,918
722,727
722,782
723,728
723,783
724,729
724,784
725,730
725,785
726,797
726,852
727,798
727,853
728,799
728,854
729,800
729,855
730,856
730,737
731,857
731,738
732,792
732,739
733,793
733,740
733,930
734,794
734,741
735,795
735,932
736,796
736,933
737,934
738,935
739,936
740,937
741,938
742,939
743,750
743,940
744,751
744,801
744,941
745,752
745,802
745,942
746,753
746,803
746,943
747,754
747,804
747,944
748,805
748,945
749,806
749,946
750,821
751,822
752,823
752,949
753,824
754,825
754,951
755,826
755,815
756,827
756,816
757,828
757,817
758,829
758,818
759,830
759,819
760,831
760,820
761,832
761,821
762,833
762,822
763,823
763,770
764,824
764,771
765,825
765,772
766,826
766,773
766,963
767,827
767,774
768,828
768,965
769,829
769,966
770,967
771,968
772,969
773,970
774,971
775,972
776,783
776,973
777,784
777,834
777,974
778,785
778,835
778,975
779,786
779,836
779,976
780,787
780,837
780,977
781,838
781,978
782,839
782,979
783,854
784,855
785,856
785,982
786,857
787,792
787,984
788,793
788,848
789,794
789,849
790,795
790,850
791,796
791,851
792,863
792,918
793,864
793,919
794,865
794,920
795,866
795,921
796,867
796,922
797,923
797,804
797,994
798,858
798,805
799,859
799,806
799,996
800,860
800,807
801,861
801,998
802,999
803,1000
804,1001
805,1002
806,1003
807,1004
808,1005
809,1006
810,817
810,1007
811,818
811,868
811,1008
812,819
812,869
812,1009
813,820
813,870
813,1010
814,871
814,1011
815,872
815,1012
816,887
816,873
816,1013
817,888
818,889
818,1015
819,890
820,891
820,1017
821,892
821,881
822,893
822,882
823,894
823,883
824,895
824,884
825,896
825,885
826,897
826,886
827,898
827,887
828,899
828,888
829,900
829,889
830,890
830,837
830,1027
831,891
831,838
832,892
832,839
832,1029
833,893
833,840
834,894
834,1031
835,1032
836,1033
837,1034
838,1035
839,1036
840,1037
841,1038
842,1039
843,850
843,1040
844,851
844,901
844,1041
845,852
845,902
845,1042
846,853
846,903
846,1043
847,904
847,1044
848,905
848,1045
849,920
849,906
849,1046
850,921
851,922
851,1048
852,923
853,858
853,1050
854,859
854,914
855,860
855,915
856,861
856,916
857,862
857,917
858,929
858,984
859,930
859,985
860,931
860,986
861,932
861,987
862,988
862,869
863,989
863,870
864,924
864,871
865,925
865,872
865,1062
866,926
866,873
867,927
867,1064
868,928
868,1065
869,1066
870,1067
871,1068
872,1069
873,1070
874,1071
875,882
875,1072
876,883
876,933
876,1073
877,884
877,934
877,1074
878,885
878,935
878,1075
879,886
879,936
879,1076
880,937
880,1077
881,938
881,1078
882,953
882,1079
883,954
884,955
884,1081
885,956
886,957
886,1083
887,958
887,947
888,959
888,948
889,960
889,949
890,961
890,950
891,962
891,951
892,963
892,952
893,964
893,953
894,965
894,954
895,955
895,902
896,956
896,903
897,957
897,904
898,958
898,905
898,1095
899,959
899,906
900,960
900,1097
901,961
901,1098
902,1099
903,1100
904,1101
905,1102
906,1103
907,1104
908,915
908,1105
909,916
909,966
909,1106
910,917
910,967
910,1107
911,918
911,968
911,1108
912,919
912,969
912,1109
913,970
913,1110
914,971
914,1111
915,986
915,1112
916,987
917,988
917,1114
918,989
919,924
919,1116
920,925
920,980
921,926
921,981
922,927
922,982
923,928
923,983
924,995
924,1050
925,996
925,1051
926,997
926,1052
927,998
927,1053
928,999
928,1054
929,1055
929,936
929,1126
930,990
930,937
931,991
931,938
931,1128
932,992
932,939
933,993
933,1130
934,1131
935,1132
936,1133
937,1134
938,1135
939,1136
940,1137
941,1138
942,949
942,1139
943,950
943,1000
943,1140
944,951
944,1001
944,1141
945,952
945,1002
945,1142
946,1003
946,1143
947,1004
947,1144
948,1019
948,1005
948,1145
949,1020
950,1021
950,1147
951,1022
952,1023
952,1149
953,1024
953,1013
954,1025
954,1014
955,1026
955,1015
956,1027
956,1016
957,1028
957,1017
958,1029
958,1018
959,1030
959,1019
960,1031
960,1020
961,1032
961,1021
962,1022
962,969
962,1159
963,1023
963,970
964,1024
964,971
964,1161
965,1025
965,972
966,1026
966,1163
967,1164
968,1165
969,1166
970,1167
971,1168
972,1169
973,1170
974,1171
975,982
975,1172
976,983
976,1033
976,1173
977,984
977,1034
977,1174
978,985
978,1035
978,1175
979,1036
979,1176
980,1037
980,1177
981,1052
981,1038
981,1178
982,1053
983,1054
983,1180
984,1055
985,990
985,1182
986,991
986,1046
987,992
987,1047
988,993
988,1048
989,994
989,1049
990,1061
990,1116
991,1062
991,1117
992,1063
992,1118
993,1064
993,1119
994,1120
994,1001
995,1121
995,1002
996,1056
996,1003
997,1057
997,1004
997,1194
998,1058
998,1005
999,1059
999,1196
1000,1060
1000,1197
1001,1198
1002,1199
1003,1200
1004,1201
1005,1202
1006,1203
1007,1014
1007,1204
1008,1015
1008,1065
1008,1205
1009,1016
1009,1066
1009,1206
1010,1017
1010,1067
1010,1207
1011,1018
1011,1068
1011,1208
1012,1069
1012,1209
1013,1070
1013,1210
1014,1085
1014,1211
1015,1086
1016,1087
1016,1213
1017,1088
1018,1089
1018,1215
1019,1090
1019,1079
1020,1091
1020,1080
1021,1092
1021,1081
1022,1093
1022,1082
1023,1094
1023,1083
1024,1095
1024,1084
1025,1096
1025,1085
1026,1097
1026,1086
1027,1087
1027,1034
1028,1088
1028,1035
1029,1089
1029,1036
1030,1090
1030,1037
1030,1227
1031,1091
1031,1038
1032,1092
1032,1229
1033,1093
1033,1230
1034,1231
1035,1232
1036,1233
1037,1234
1038,1235
1039,1236
1040,1047
1040,1237
1041,1048
1041,1098
1041,1238
1042,1049
1042,1099
1042,1239
1043,1050
1043,1100
1043,1240
1044,1051
1044,1101
1044,1241
1045,1102
1045,1242
1046,1103
1046,1243
1047,1118
1047,1244
1048,1119
1049,1120
1049,1246
1050,1121
1051,1056
1051,1248
1052,1057
1052,1112
1053,1058
1053,1113
1054,1059
1054,1114
1055,1060
1055,1115
1056,1127
1056,1182
1057,1128
1057,1183
1058,1129
1058,1184
1059,1130
1059,1185
1060,1131
1060,1186
1061,1187
1061,1068
1061,1258
1062,1122
1062,1069
1063,1123
1063,1070
1063,1260
1064,1124
1064,1071
1065,1125
1065,1262
1066,1263
1067,1264
1068,1265
1069,1266
1070,1267
1071,1268
1072,1269
1073,1270
1074,1081
1074,1271
1075,1082
1075,1132
1075,1272
1076,1083
1076,1133
1076,1273
1077,1084
1077,1134
1077,1274
1078,1135
1078,1275
1079,1136
1079,1276
1080,1151
1080,1137
1080,1277
1081,1152
1082,1153
1082,1279
1083,1154
1084,1155
1084,1281
1085,1156
1085,1145
1086,1157
1086,1146
1087,1158
1087,1147
1088,1159
1088,1148
1089,1160
1089,1149
1090,1161
1090,1150
1091,1162
1091,1151
1092,1163
1092,1152
1093,1164
1093,1153
1094,1154
1094,1101
1094,1291
1095,1155
1095,1102
1096,1156
1096,1103
1096,1293
1097,1157
1097,1104
1098,1158
1098,1295
1099,1296
1100,1297
1101,1298
1102,1299
1103,1300
1104,1301
1105,1302
1106,1303
1107,1114
1107,1304
1108,1115
1108,1165
1108,1305
1109,1116
1109,1166
1109,1306
1110,1117
1110,1167
1110,1307
1111,1168
1111,1308
1112,1169
1112,1309
1113,1184
1113,1170
1113,1310
1114,1185
1115,1186
1115,1312
1116,1187
1117,1122
1117,1314
1118,1123
1118,1178
1119,1124
1119,1179
1120,1125
1120,1180
1121,1126
1121,1181
1122,1193
1122,1248
1123,1194
1123,1249
1124,1195
1124,1250
1125,1196
1125,1251
1126,1252
1126,1133
1127,1253
1127,1134
1128,1188
1128,1135
1129,1189
1129,1136
1129,1326
1130,1190
1130,1137
1131,1191
1131,1328
1132,1192
1132,1329
1133,1330
1134,1331
1135,1332
1136,1333
1137,1334
1138,1335
1139,1146
1139,1336
1140,1147
1140,1197
1140,1337
1141,1148
1141,1198
1141,1338
1142,1149
1142,1199
1142,1339
1143,1150
1143,1200
1143,1340
1144,1201
1144,1341
1145,1202
1145,1342
1146,1217
1146,1343
1147,1218
1148,1219
1148,1345
1149,1220
1150,1221
1150,1347
1151,1222
1151,1211
1152,1223
1152,1212
1153,1224
1153,1213
1154,1225
1154,1214
1155,1226
1155,1215
1156,1227
1156,1216
1157,1228
1157,1217
1158,1229
1158,1218
1159,1219
1159,1166
1160,1220
1160,1167
1161,1221
1161,1168
1162,1222
1162,1169
1162,1359
1163,1223
1163,1170
1164,1224
1164,1361
1165,1225
1165,1362
1166,1363
1167,1364
1168,1365
1169,1366
1170,1367
1171,1368
1172,1179
1172,1369
1173,1180
1173,1230
1173,1370
1174,1181
1174,1231
1174,1371
1175,1182
1175,1232
1175,1372
1176,1183
1176,1233
1176,1373
1177,1234
1177,1374
1178,1235
1178,1375
1179,1250
1179,1376
1180,1251
1181,1252
1181,1378
1182,1253
1183,1188
1183,1380
1184,1189
1184,1244
1185,1190
1185,1245
1186,1191
1186,1246
1187,1192
1187,1247
1188,1259
1188,1314
1189,1260
1189,1315
1190,1261
1190,1316
1191,1262
1191,1317
1192,1263
1192,1318
1193,1319
1193,1200
1193,1390
1194,1254
1194,1201
1195,1255
1195,1202
1195,1392
1196,1256
1196,1203
1197,1257
1197,1394
1198,1395
1199,1396
1200,1397
1201,1398
1202,1399
1203,1400
1204,1401
1205,1402
1206,1213
1206,1403
1207,1214
1207,1264
1207,1404
1208,1215
1208,1265
1208,1405
1209,1216
1209,1266
1209,1406
1210,1267
1210,1407
1211,1268
1211,1408
1212,1283
1212,1269
1212,1409
1213,1284
1214,1285
1214,1411
1215,1286
1216,1287
1216,1413
1217,1288
1217,1277
1218,1289
1218,1278
1219,1290
1219,1279
1220,1291
1220,1280
1221,1292
1221,1281
1222,1293
1222,1282
1223,1294
1223,1283
1224,1295
1224,1284
1225,1296
1225,1285
1226,1286
1226,1233
1226,1423
1227,1287
1227,1234
1228,1288
1228,1235
1228,1425
1229,1289
1229,1236
1230,1290
1230,1427
1231,1428
1232,1429
1233,1430
1234,1431
1235,1432
1236,1433
1237,1434
1238,1435
1239,1246
1239,1436
1240,1247
1240,1297
1240,1437
1241,1248
1241,1298
1241,1438
1242,1249
1242,1299
1242,1439
1243,1300
1243,1440
1244,1301
1244,1441
1245,1316
1245,1302
1245,1442
1246,1317
1247,1318
1247,1444
1248,1319
1249,1254
1249,1446
1250,1255
1250,1310
1251,1256
1251,1311
1252,1257
1252,1312
1253,1258
1253,1313
1254,1325
1254,1380
1255,1326
1255,1381
1256,1327
1256,1382
1257,1328
1257,1383
1258,1384
1258,1265
1259,1385
1259,1266
1260,1320
1260,1267
1261,1321
1261,1268
1261,1458
1262,1322
1262,1269
1263,1323
1263,1460
1264,1324
1264,1461
1265,1462
1266,1463
1267,1464
1268,1465
1269,1466
1270,1467
1271,1278
1271,1468
1272,1279
1272,1329
1272,1469
1273,1280
1273,1330
1273,1470
1274,1281
1274,1331
1274,1471
1275,1282
1275,1332
1275,1472
1276,1333
1276,1473
1277,1334
1277,1474
1278,1349
1278,1475
1279,1350
1280,1351
1280,1477
1281,1352
1282,1353
1282,1479
1283,1354
1283,1343
1284,1355
1284,1344
1285,1356
1285,1345
1286,1357
1286,1346
1287,1358
1287,1347
1288,1359
1288,1348
1289,1360
1289,1349
1290,1361
1290,1350
1291,1351
1291,1298
1292,1352
1292,1299
1293,1353
1293,1300
1294,1354
1294,1301
1294,1491
1295,1355
1295,1302
1296,1356
1296,1493
1297,1357
1297,1494
1298,1495
1299,1496
1300,1497
1301,1498
1302,1499
1303,1500
1304,1311
1304,1501
1305,1312
1305,1362
1305,1502
1306,1313
1306,1363
1306,1503
1307,1314
1307,1364
1307,1504
1308,1315
1308,1365
1308,1505
1309,1366
1309,1506
1310,1367
1310,1507
1311,1382
1311,1508
1312,1383
1313,1384
1313,1510
1314,1385
1315,1320
1315,1512
1316,1321
1316,1376
1317,1322
1317,1377
1318,1323
1318,1378
1319,1324
1319,1379
1320,1391
1320,1446
1321,1392
1321,1447
1322,1393
1322,1448
1323,1394
1323,1449
1324,1395
1324,1450
1325,1451
1325,1332
1325,1522
1326,1386
1326,1333
1327,1387
1327,1334
1327,1524
1328,1388
1328,1335
1329,1389
1329,1526
1330,1527
1331,1528
1332,1529
1333,1530
1334,1531
1335,1532
1336,1533
1337,1534
1338,1345
1338,1395
1338,1535
1339,1346
1339,1396
1339,1536
1340,1347
1340,1397
1340,1537
1341,1348
1341,1398
1341,1538
1342,1399
1342,1539
1343,1400
1343,1540
1344,1415
1344,1401
1344,1541
1345,1416
1346,1417
1346,1543
1347,1418
1348,1419
1348,1545
1349,1420
1349,1409
1350,1421
1350,1410
1351,1422
1351,1411
1352,1423
1352,1412
1353,1424
1353,1413
1354,1425
1354,1414
1355,1426
1355,1415
1356,1427
1356,1416
1357,1428
1357,1417
1358,1418
1358,1365
1358,1555
1359,1419
1359,1366
1360,1420
1360,1367
1360,1557
1361,1421
1361,1368
1362,1422
1362,1559
1363,1560
1364,1561
1365,1562
1366,1563
1367,1564
1368,1565
1369,1566
1370,1567
1371,1378
1371,1428
1371,1568
1372,1379
1372,1429
1372,1569
1373,1380
1373,1430
1373,1570
1374,1381
1374,1431
1374,1571
1375,1432
1375,1572
1376,1433
1376,1573
1377,1448
1377,1434
1377,1574
1378,1449
1379,1450
1379,1576
1380,1451
1381,1386
1381,1578
1382,1387
1382,1442
1383,1388
1383,1443
1384,1389
1384,1444
1385,1390
1385,1445
1386,1457
1386,1512
1387,1458
1387,1513
1388,1459
1388,1514
1389,1460
1389,1515
1390,1516
1390,1397
1391,1517
1391,1398
1392,1452
1392,1399
1393,1453
1393,1400
1394,1454
1394,1401
1395,1455
1396,1456
1403,1410
1404,1411
1404,1461
1405,1412
1405,1462
1406,1413
1406,1463
1407,1414
1407,1464
1408,1465
1409,1466
1410,1481
1411,1482
1412,1483
1413,1484
1414,1485
1415,1486
1415,1475
1416,1487
1416,1476
1417,1488
1417,1477
1418,1489
1418,1478
1419,1490
1419,1479
1420,1491
1420,1480
1421,1492
1421,1481
1422,1493
1422,1482
1423,1483
1423,1430
1424,1484
1424,1431
1425,1485
1425,1432
1426,1486
1426,1433
1427,1487
1427,1434
1428,1488
1429,1489
1436,1443
1437,1444
1437,1494
1438,1445
1438,1495
1439,1446
1439,1496
1440,1447
1440,1497
1441,1498
1442,1499
1443,1514
1444,1515
1445,1516
1446,1517
1447,1452
1448,1453
1448,1508
1449,1454
1449,1509
1450,1455
1450,1510
1451,1456
1451,1511
1452,1523
1452,1578
1453,1524
1453,1579
1454,1525
1454,1580
1455,1526
1455,1581
1456,1527
1456,1582
1457,1583
1457,1464
1458,1518
1458,1465
1459,1519
1459,1466
1460,1520
1460,1467
1461,1521
1470,1477
1470,1527
1471,1478
1471,1528
1472,1479
1472,1529
1473,1480
1473,1530
1474,1531
1475,1532
1476,1547
1476,1533
1477,1548
1478,1549
1479,1550
1480,1551
1481,1552
1481,1541
1482,1553
1482,1542
1483,1554
1483,1543
1484,1555
1484,1544
1485,1556
1485,1545
1486,1557
1486,1546
1487,1558
1487,1547
1488,1559
1488,1548
1489,1560
1489,1549
1490,1550
1490,1497
1491,1551
1491,1498
1492,1552
1492,1499
1493,1553
1493,1500
1494,1554
1503,1510
1503,1560
1504,1511
1504,1561
1505,1512
1505,1562
1506,1513
1506,1563
1507,1564
1508,1565
1509,1580
1509,1566
1510,1581
1511,1582
1512,1583
1513,1518
1514,1519
1514,1574
1515,1520
1515,1575
1516,1521
1516,1576
1517,1522
1517,1577
1522,1529
1523,1530
1524,1531
1525,1532
1526,1533
1535,1542
1536,1543
1537,1544
1538,1545
1539,1546
1555,1562
1556,1563
1557,1564
1558,1565
1559,1566
1568,1575
1569,1576
1570,1577
1571,1578
1572,1579
