0,1.5257517516805295,6.432524495965115,7.958276247645644
1,1.5212905432181711,6.4576348764923335,7.978925419710505
2,1.513181754888061,6.453639365529699,7.96682112041776
3,1.4951923455047051,6.7082559708631875,8.203448316367894
4,1.488031747248393,6.81141280540131,8.299444552649703
5,1.4774481342027441,6.9995436944412575,8.476991828644001
6,1.4639007886789324,7.397878680237198,8.86177946891613
7,1.4348478346233835,8.19834345378958,9.633191288412963
8,1.4219291775581047,8.339963119949006,9.76189229750711
9,1.4525452242502526,7.754391850689876,9.206937074940129
10,1.4749050465546811,7.510079253443623,8.984984299998304
11,1.4883814298964504,7.172352204667003,8.660733634563453
12,1.5120915770690488,6.999200191938546,8.511291769007595
13,1.5151914037890624,6.740488233302328,8.25567963709139
14,1.5172177415890882,6.601356926812641,8.11857466840173
15,1.5089197640309218,6.62351298296223,8.132432746993151
16,1.5004308876556949,6.657429756849695,8.15786064450539
17,1.4895998769053476,6.685456317248777,8.175056194154124
18,1.469706302823288,6.960373923640657,8.430080226463945
19,1.455986173980087,7.195966331806398,8.651952505786484
20,1.4466773475409382,7.799496597663477,9.246173945204415
21,1.4375155190019386,8.19658131276235,9.634096831764289
22,1.4380102618049286,7.889807368274694,9.327817630079622
23,1.457389341752882,7.396272163667217,8.8536615054201
24,1.4624725576783002,7.373944475134586,8.836417032812886
25,1.4865443367236975,7.192072622397666,8.678616959121364
26,1.4964951607389962,7.065383022514224,8.56187818325322
27,1.5104957087567434,7.068616303606772,8.579112012363515
28,1.5101959440655626,6.743460507616489,8.253656451682051
29,1.514677349934905,6.654305475289786,8.168982825224692
30,1.4865085913459963,7.014302943319678,8.500811534665674
31,1.474956772157675,7.125117133434808,8.600073905592483
32,1.4639353534515576,7.32712706777807,8.791062421229627
33,1.4452244765757938,7.773305391600513,9.218529868176306
34,1.4458363605603943,8.01872381750735,9.464560178067744
35,1.4550724415916696,7.771476115650039,9.226548557241708
36,1.4662685297119564,7.678738541246672,9.145007070958629
37,1.469400332352103,7.294303796354484,8.763704128706587
38,1.4803052904046483,7.107090130053574,8.587395420458222
39,1.50015355085265,7.10657139027286,8.60672494112551
40,1.4939378868916091,7.100032968435529,8.593970855327138
41,1.4975029123315926,6.969981216360531,8.467484128692124
42,1.4576495075425324,7.645893317027598,9.10354282457013
43,1.441386780907105,8.039712585124393,9.481099366031499
44,1.4455810462432654,7.814265737199904,9.25984678344317
45,1.4582628700516571,7.57900172412903,9.037264594180687
46,1.4744583944393446,7.282702776839031,8.757161171278376
47,1.4859980392883292,7.255611982663734,8.741610021952063
48,1.487647648477523,7.131644565350164,8.619292213827686
49,1.5470807833705857,5.366440121853344,6.91352090522393
50,1.5423448357678822,5.384667690445465,6.927012526213347
51,1.5334823944367044,5.384728111689288,6.918210506125993
52,1.5180840316761368,5.55802137791626,7.076105409592397
53,1.5062407295829499,5.630936303225886,7.137177032808836
54,1.4975357844909534,5.7907958890433475,7.288331673534301
55,1.482753726617351,5.923923419586942,7.406677146204293
56,1.452067207823026,6.3469088102935824,7.798976018116608
57,1.4366232774921013,6.529113669893388,7.965736947385489
58,1.4689012017980734,6.219536772570753,7.688437974368826
59,1.4886046787992133,5.9760497565367805,7.464654435335994
60,1.5143475996808533,5.731332894545477,7.24568049422633
61,1.5324564767520314,5.674550554921417,7.207007031673449
62,1.5342236210544757,5.5596554695890745,7.093879090643551
63,1.53751511515021,5.489513408085429,7.027028523235639
64,1.531154276597502,5.448488381732356,6.979642658329858
65,1.5191767679174546,5.5525897186257875,7.071766486543242
66,1.5084133808230995,5.539762413918821,7.04817579474192
67,1.4879595591579824,5.711538390674745,7.199497949832727
68,1.4771266647254235,5.840352841833367,7.31747950655879
69,1.4669332283612322,6.039302776802294,7.506236005163526
70,1.4615462201166627,6.250073521814284,7.711619741930947
71,1.4534058741199698,6.093109759635653,7.546515633755623
72,1.476781486923543,5.995428963125073,7.472210450048616
73,1.4807949986649926,5.815823488568384,7.296618487233377
74,1.5039409033392328,5.783948007578249,7.287888910917482
75,1.5144132562184076,5.634546187536296,7.148959443754704
76,1.53081287385412,5.700444913593891,7.231257787448011
77,1.5294743644483082,5.535009298247602,7.064483662695911
78,1.5343533512594947,5.511205787719582,7.045559138979077
79,1.5054348023554733,5.651559235587541,7.156994037943015
80,1.4918686808482111,5.690658020648246,7.182526701496457
81,1.4821743616275207,5.780887851424191,7.263062213051711
82,1.4633879942437789,6.040914622324296,7.504302616568075
83,1.4701571690835558,6.105778763839355,7.575935932922911
84,1.473565995220862,6.034490844114283,7.508056839335145
85,1.4915331041795947,5.98441981186452,7.475952916044115
86,1.4858314195862972,5.756485925097393,7.24231734468369
87,1.4989699028702108,5.67937051460175,7.178340417471961
88,1.515999887523636,5.637337244133693,7.153337131657329
89,1.5133697294330692,5.664087795231077,7.177457524664146
90,1.5157073840702207,5.623910139076835,7.139617523147056
91,1.4726435925482952,5.869397277199575,7.34204086974787
92,1.4551648583460304,6.068915967095637,7.524080825441668
93,1.4632722248072032,6.06176798549161,7.525040210298813
94,1.4764599603894617,5.903514388312499,7.3799743487019605
95,1.4933037513179044,5.742069779414975,7.235373530732879
96,1.508273909429485,5.704329070068549,7.212602979498033
97,1.5073238993475777,5.6430102049816275,7.150334104329206
98,1.5758984649347483,5.0386609693372195,6.614559434271968
99,1.5725200894461573,5.063810946408623,6.63633103585478
100,1.5610109730350887,5.041166889828812,6.6021778628639005
101,1.5474572490171994,5.146813414183911,6.69427066320111
102,1.543418375868378,5.236776641595727,6.780195017464105
103,1.5188986566833438,5.323315667116636,6.842214323799979
104,1.5035274435087822,5.423768969393819,6.927296412902601
105,1.475415921930461,5.659539595231696,7.134955517162156
106,1.4547914742228172,5.877696388252384,7.332487862475201
107,1.4947913726455313,5.63518365758518,7.129975030230711
108,1.5110150496280694,5.498179330757886,7.0091943803859555
109,1.5318226596601545,5.298811051210077,6.830633710870231
110,1.5558038548935165,5.182601260230403,6.7384051151239195
111,1.5590603941497916,5.120455241959791,6.679515636109582
112,1.5655652950658876,5.096618491618366,6.6621837866842535
113,1.5620708156821659,5.070269397521266,6.632340213203432
114,1.5444620199930856,5.139223289335868,6.683685309328953
115,1.5351575311315195,5.168547915419356,6.703705446550876
116,1.5198867695491123,5.222883962060871,6.742770731609983
117,1.5031068086175545,5.3185786517410705,6.8216854603586246
118,1.4924655533202014,5.442813596533696,6.935279149853898
119,1.4866120015286235,5.569035230404799,7.055647231933422
120,1.4747088729290168,5.530293830961711,7.005002703890728
121,1.492740437685613,5.407454504900901,6.900194942586515
122,1.508544635360574,5.2881570975056595,6.796701732866234
123,1.5224105238869725,5.240792131875222,6.7632026557621945
124,1.5422723685216255,5.185325719795139,6.727598088316764
125,1.560162259751947,5.190106774060502,6.750269033812449
126,1.5569704175355732,5.098046516564059,6.655016934099632
127,1.572328953341441,5.103926267827685,6.676255221169126
128,1.5344468445497734,5.221682775007086,6.75612961955686
129,1.5213249376551903,5.251620827368853,6.772945765024044
130,1.5076078102086863,5.302401558122488,6.810009368331174
131,1.4912678544401905,5.398864289286599,6.890132143726789
132,1.49655600029996,5.466349168995065,6.962905169295025
133,1.499530823012908,5.4184233139858105,6.917954136998718
134,1.50643982274193,5.370253431474187,6.876693254216117
135,1.5099885150689045,5.228976055459479,6.738964570528384
136,1.5219792112413457,5.184210791812605,6.706190003053951
137,1.539863631872523,5.176713237508734,6.716576869381257
138,1.5402452398406703,5.142949388362119,6.68319462820279
139,1.5497528569317192,5.207326517045596,6.757079373977315
140,1.4945464417058536,5.342318747981869,6.836865189687723
141,1.4777746794094606,5.438324403801079,6.91609908321054
142,1.4862693472274573,5.402458758348948,6.888728105576406
143,1.5029867192381607,5.370732009559027,6.873718728797187
144,1.5191274970638726,5.2882219609851715,6.807349458049044
145,1.5307473433337788,5.18320122474366,6.713948568077439
146,1.5307518723648277,5.122744982782261,6.653496855147089
147,1.6099654035227808,4.827607328495155,6.4375727320179355
148,1.602078223339935,4.8538453612472185,6.455923584587154
149,1.5958895071426236,4.899767600399206,6.495657107541829
150,1.5864065325926207,4.9521061202400265,6.538512652832647
151,1.5649686007479218,5.004720245967585,6.569688846715507
152,1.5335793394706054,5.089972052520112,6.623551391990718
153,1.515644313705675,5.194875453916113,6.710519767621788
154,1.506758651808606,5.337793294809196,6.844551946617802
155,1.4650083687392665,5.5623504210216455,7.027358789760912
156,1.5059185631224146,5.404806490479127,6.910725053601542
157,1.528246080156822,5.227804101709779,6.756050181866601
158,1.5676710527626834,5.029590352662666,6.59726140542535
159,1.5842859608464186,4.990659376691952,6.574945337538371
160,1.5887170829862216,4.924715428575267,6.513432511561488
161,1.5973474770550515,4.859568452002867,6.456915929057918
162,1.5971626892160895,4.892183780306203,6.489346469522292
163,1.5871354270575806,4.918619305151519,6.505754732209099
164,1.5690134991898703,4.9590234137634335,6.528036912953304
165,1.5435271269015924,4.986592133473947,6.53011926037554
166,1.5363326604016903,5.052495316148914,6.588827976550604
167,1.5233642951046675,5.155819247885241,6.679183542989909
168,1.5065711401366717,5.238537630366893,6.745108770503565
169,1.497423370696955,5.213376249834932,6.710799620531887
170,1.5169045446051357,5.128146658881182,6.645051203486317
171,1.5287209227724123,5.014307638563815,6.543028561336227
172,1.5536719244949548,4.9868998153275506,6.540571739822505
173,1.5725471944881488,4.925965050978016,6.498512245466165
174,1.5836172800527837,4.909939110601577,6.493556390654361
175,1.5946642917531826,4.8595911660217235,6.454255457774906
176,1.5981858557462816,4.887881395712026,6.486067251458308
177,1.5673885793674092,4.9587524405048,6.52614101987221
178,1.551731949480219,4.986130563887794,6.5378625133680135
179,1.5387179794834822,5.061347778748091,6.600065758231573
180,1.5184412232695896,5.099647336979663,6.6180885602492525
181,1.5310129090139402,5.17414802227659,6.70516093129053
182,1.5158412460681945,5.105239479366771,6.6210807254349655
183,1.5214051946541456,5.044004158670088,6.565409353324234
184,1.529815572767569,4.977299133473212,6.507114706240781
185,1.5524490067968695,4.94087312614375,6.493322132940619
186,1.5654063910613503,4.908273061203163,6.473679452264513
187,1.564767243122936,4.874373599555399,6.439140842678335
188,1.5815249693103053,4.956521097099292,6.538046066409597
189,1.5274231225028094,5.060523403849716,6.587946526352526
190,1.5040904727882773,5.1465929805894,6.6506834533776775
191,1.5101088410432222,5.092426578728537,6.602535419771759
192,1.5302207434195982,5.028529701246568,6.558750444666167
193,1.5500549475650076,4.974936519525814,6.524991467090821
194,1.554313623154861,4.913159016793188,6.467472639948049
195,1.5608072553392296,4.871057923904552,6.431865179243782
196,1.647327783602005,4.806895113876015,6.4542228974780205
197,1.6457006747945395,4.842182857480222,6.487883532274761
198,1.644736225967796,4.891725987410349,6.536462213378146
199,1.627501266554612,4.912913634162305,6.540414900716917
200,1.6041855920581203,4.933530273504851,6.537715865562971
201,1.5531237948699312,4.986665357926603,6.539789152796534
202,1.5307539097775897,5.112587883967359,6.643341793744949
203,1.5278220764105508,5.266098969284734,6.793921045695285
204,1.4716498852356248,5.582803597491881,7.054453482727506
205,1.5125321074877158,5.3063682012979365,6.818900308785652
206,1.5361926074913819,5.061207088398356,6.597399695889738
207,1.570311126462073,4.938987390992521,6.509298517454594
208,1.6071825597357179,4.898708018905749,6.505890578641467
209,1.6337209565254358,4.881977201301839,6.515698157827275
210,1.6450806103117543,4.845233719303301,6.490314329615055
211,1.6347716949743847,4.854228456150154,6.4890001511245385
212,1.6227045286390824,4.872342060630966,6.495046589270048
213,1.5962438993273602,4.8865322999205185,6.482776199247879
214,1.5870278989942028,4.928167322567559,6.515195221561761
215,1.567854519414704,4.971943060595462,6.539797580010166
216,1.5430653426383683,5.0604097170675715,6.603475059705939
217,1.510575342661478,5.219965110621609,6.730540453283087
218,1.5072321874192276,5.116281139176192,6.62351332659542
219,1.5276962027311878,5.052023681644655,6.579719884375843
220,1.5414669626352866,4.902530051382705,6.443997014017992
221,1.5834275463477354,4.867221480200116,6.450649026547851
222,1.6140115768914742,4.861188165020441,6.475199741911915
223,1.6232596307088605,4.840008896463561,6.4632685271724215
224,1.6269191613864755,4.786323477975113,6.413242639361589
225,1.651218564778755,4.853917052640595,6.50513561741935
226,1.594784307180814,4.880977617911419,6.4757619250922325
227,1.5798244051786614,4.89886447419427,6.478688879372932
228,1.57032561715725,4.9815337762460485,6.551859393403299
229,1.5652084133140185,5.0361674844508775,6.601375897764896
230,1.5504428889978052,5.046852444562672,6.597295333560478
231,1.5302828312730978,5.054832641062092,6.58511547233519
232,1.522589477510594,4.918431800962202,6.441021278472796
233,1.5476939612689056,4.888933792867409,6.436627754136314
234,1.5750167922754885,4.8543084832647905,6.429325275540279
235,1.601893611587429,4.825432214653751,6.42732582624118
236,1.6051367460236645,4.80174489385507,6.406881639878735
237,1.6223599578980483,4.885543779492321,6.507903737390369
238,1.5659932910127772,4.992658750669471,6.558652041682248
239,1.5402755954416065,5.0330894576261835,6.57336505306779
240,1.5370596737720499,5.00641446608271,6.54347413985476
241,1.555956964375764,4.920677904608061,6.476634868983825
242,1.5617843567702439,4.855847150275398,6.417631507045642
243,1.5816581553000972,4.834359153681522,6.416017308981619
244,1.605954206204182,4.813072503033598,6.41902670923778
245,1.693063624062022,4.831903675886753,6.524967299948775
246,1.6949514164569124,4.87735885616801,6.5723102726249225
247,1.6749228197522081,4.905626884509054,6.580549704261262
248,1.6491661395676966,4.894847489622308,6.544013629190005
249,1.5969202448691935,4.8837955779166355,6.480715822785829
250,1.5632469991940197,4.9827505373227154,6.545997536516735
251,1.5499523380660236,5.1119799765963805,6.661932314662404
252,1.5478963076879786,5.3110521798463965,6.858948487534375
253,1.479849978579492,5.7629940338861045,7.242844012465596
254,1.5294904904529147,5.286518017103513,6.816008507556428
255,1.551301621617569,5.0957343290300985,6.647035950647668
256,1.5785117223973473,4.929660978745139,6.508172701142486
257,1.612056372171616,4.859385125085268,6.471441497256884
258,1.6673272258472365,4.888294911175278,6.555622137022514
259,1.686548639072164,4.845776533628262,6.532325172700427
260,1.6793556249006323,4.857655901145666,6.537011526046298
261,1.6501254424006884,4.868301309271467,6.5184267516721555
262,1.6400033525702145,4.917364676466993,6.557368029037207
263,1.621618493061411,4.934394594602165,6.556013087663576
264,1.5672563650930484,4.973888778743295,6.541145143836344
265,1.5748078363806273,5.065666450925304,6.640474287305931
266,1.5086123142438734,5.283531909980137,6.79214422422401
267,1.5139820943289806,5.201133274246485,6.715115368575465
268,1.547171626142395,5.072476812964324,6.619648439106719
269,1.5598739041974707,4.891954124027857,6.451828028225327
270,1.603616478237047,4.863087113375668,6.466703591612715
271,1.6439667203811639,4.86452344478494,6.508490165166103
272,1.6590438196722326,4.833705139889895,6.492748959562128
273,1.6695364371656738,4.789000329475816,6.45853676664149
274,1.6978911104130416,4.864526969304263,6.562418079717305
275,1.636866671504275,4.879106513278291,6.515973184782566
276,1.6192598540587928,4.915614652769824,6.534874506828617
277,1.6198479820203042,4.9657140994114,6.585562081431704
278,1.6055856883330994,4.98117093203349,6.5867566203665895
279,1.55461575632223,5.049783753648177,6.604399509970407
280,1.5316158606780532,4.992194205199501,6.523810065877555
281,1.5454545262682795,4.971697806149023,6.517152332417302
282,1.559353299925422,4.873462505787963,6.432815805713385
283,1.5889966609402082,4.820661060000731,6.409657720940939
284,1.6397846273726364,4.848001225059049,6.487785852431685
285,1.6381792073201358,4.786296407573494,6.42447561489363
286,1.6570965283837762,4.869349009577007,6.526445537960783
287,1.617640222301417,4.98474772722437,6.602387949525787
288,1.5774866110153765,4.998709346781294,6.576195957796671
289,1.5678231183333866,4.910794346493924,6.478617464827311
290,1.5595865044824233,4.937260919054911,6.496847423537334
291,1.5823569109903894,4.8239256755721645,6.406282586562554
292,1.593072965357858,4.79607359331518,6.389146558673038
293,1.6339393013639918,4.800762503969338,6.434701805333329
294,1.720846071017222,4.843951142737273,6.564797213754495
295,1.6974114798960607,4.837994759964947,6.5354062398610075
296,1.6594373872512502,4.830706793934716,6.490144181185967
297,1.6261103140957636,4.80880258675774,6.4349129008535035
298,1.5925394125542178,4.831444086807793,6.423983499362011
299,1.5549833386681855,4.92817334012618,6.483156678794366
300,1.5421996662728565,5.097827301556253,6.64002696782911
301,1.5388691036201299,5.221219684550736,6.760088788170865
302,1.4724478481536887,5.9905903219241425,7.463038170077831
303,1.5164433797030739,5.1935637897089455,6.71000716941202
304,1.543454738552084,5.000925304158997,6.544380042711081
305,1.571545964986954,4.84709564933607,6.418641614323024
306,1.601347746929858,4.777625789039874,6.378973535969732
307,1.6426211100269614,4.786835890179402,6.429457000206364
308,1.6905514084550797,4.789797466563819,6.4803488750188984
309,1.6824788331789995,4.822807871779405,6.505286704958404
310,1.6575617468110868,4.829550438580781,6.487112185391868
311,1.635962732174818,4.848247369714305,6.484210101889123
312,1.6018162429052818,4.844550566454019,6.446366809359301
313,1.5642863036753398,4.8799974020078425,6.4442837056831825
314,1.5591048636993683,4.919872946831645,6.478977810531013
315,1.505510898914665,5.225395357192067,6.730906256106731
316,1.507631054715365,5.273353367256441,6.780984421971807
317,1.5386027142183567,4.986587210996934,6.52518992521529
318,1.5535497409678074,4.81345395174246,6.367003692710267
319,1.5976539191829084,4.771765576270756,6.3694194954536645
320,1.6283533746292378,4.76382060984636,6.392173984475598
321,1.6544880562182716,4.745486998899806,6.399975055118078
322,1.674256384073824,4.727298303824902,6.401554687898726
323,1.7025528529242233,4.810718488069259,6.513271340993483
324,1.6521493102463802,4.841242294812497,6.493391605058878
325,1.6299808423590054,4.84828430517279,6.478265147531795
326,1.600896006381802,4.842586600590972,6.443482606972775
327,1.5837376670220602,4.844080127070713,6.427817794092773
328,1.5498732069608208,4.919042535043639,6.46891574200446
329,1.5253535066491768,4.9458502565160005,6.471203763165177
330,1.5359070554613357,4.929348840404716,6.4652558958660515
331,1.5704982499653548,4.834562603290117,6.405060853255472
332,1.5839503585032542,4.772734144233448,6.3566845027367025
333,1.6156114115975795,4.733849930740513,6.349461342338093
334,1.6325984452115516,4.710817295677583,6.343415740889135
335,1.6702785781150784,4.827077775469704,6.497356353584782
336,1.6133930309653786,4.8474104725664535,6.460803503531832
337,1.5752737183116474,4.854684940929814,6.4299586592414615
338,1.5516759472792778,4.866406245283828,6.418082192563106
339,1.5606753823631299,4.881374000382673,6.442049382745802
340,1.577964585184472,4.78439691314455,6.362361498329022
341,1.5918168655308433,4.747475713916788,6.339292579447631
342,1.6154477157809952,4.713406219770545,6.32885393555154
343,1.7319461670715532,4.927087283362238,6.659033450433791
344,1.6854381003658756,4.871399303633392,6.556837403999268
345,1.6399734288118768,4.8356232926324525,6.4755967214443295
346,1.61190262612666,4.902207854497586,6.514110480624247
347,1.5711938561911976,5.003389178599894,6.574583034791091
348,1.5539306619463142,5.193978263180179,6.747908925126493
349,1.547481224865959,5.311610903670274,6.859092128536233
350,1.4718174375170872,6.051526757845632,7.52334419536272
351,1.5072608612873655,5.279771291657344,6.787032152944709
352,1.5351318618174479,5.050993908069213,6.58612576988666
353,1.56288033324853,4.8685136724978095,6.4313940057463395
354,1.5957429659863398,4.778907887125552,6.374650853111891
355,1.6408985654731405,4.7834064428945675,6.424305008367708
356,1.6744065125605492,4.740454652792293,6.414861165352842
357,1.7042156383040306,4.885976262117783,6.5901919004218135
358,1.6714110315340482,4.861261275314676,6.532672306848724
359,1.6518548138107998,4.8669368778398905,6.518791691650691
360,1.6180989826924703,4.873926030389185,6.492025013081656
361,1.5927451124115664,4.9541724837980174,6.546917596209584
362,1.5769526648250236,5.015448115347032,6.592400780172055
363,1.5148488546491898,5.292563064813437,6.807411919462627
364,1.5085358890854539,5.252548164011646,6.7610840530971
365,1.5368242735679014,4.998324870598211,6.5351491441661125
366,1.5499200934682966,4.811340487633718,6.361260581102014
367,1.5911762817515342,4.761116625515861,6.352292907267395
368,1.6275161391071433,4.760058928408721,6.387575067515865
369,1.6494136730570481,4.720538552703001,6.369952225760049
370,1.660417213740199,4.68112568022039,6.341542893960589
371,1.734966686103697,4.899993502965454,6.634960189069151
372,1.6608537252115023,4.878497548574163,6.539351273785666
373,1.6342991027572222,4.867814755581635,6.502113858338857
374,1.625545529702643,4.906663787674193,6.532209317376837
375,1.6072721725143333,4.920037098105045,6.527309270619378
376,1.5620368263093558,4.935190943115132,6.497227769424488
377,1.5292385468013239,4.971787023223471,6.501025570024795
378,1.5381770776317714,4.902240378480028,6.440417456111799
379,1.566489417136781,4.813068534780181,6.379557951916962
380,1.5786156580966795,4.7388159450584855,6.317431603155165
381,1.6142931286934996,4.722794471339117,6.337087600032616
382,1.6290021725194765,4.689103884769192,6.318106057288669
383,1.6907682849855528,4.904561776595789,6.5953300615813415
384,1.6223097995582025,4.881633185812072,6.503942985370275
385,1.5848524172219887,4.912470263614468,6.497322680836456
386,1.5545175883341762,4.901735144696623,6.4562527330308
387,1.5654628992329829,4.873383604383658,6.438846503616642
388,1.5762007364867658,4.778143448688486,6.354344185175252
389,1.5932724253276076,4.743008217555944,6.336280642883551
390,1.618843386522244,4.707023995005839,6.325867381528083
391,1.6927864502664396,4.9280072261007595,6.6207936763671995
392,1.6343156704409947,4.87492939349721,6.509245063938204
393,1.611645417997555,4.9041472909624,6.515792708959955
394,1.5623298967903403,5.015576263144825,6.577906159935166
395,1.5392509390702043,5.182135190542079,6.7213861296122825
396,1.5516078490870522,5.385926218379562,6.937534067466614
397,1.470453510336541,6.145490608887004,7.615944119223545
398,1.5017446540687596,5.381113557367012,6.882858211435772
399,1.5289077094496795,5.128691399841102,6.657599109290782
400,1.555795278892862,4.905121586713613,6.460916865606475
401,1.5906371424710706,4.817563514510352,6.408200656981423
402,1.6374913465221688,4.809410506739057,6.446901853261226
403,1.673150775435338,4.7839551792389425,6.45710595467428
404,1.7050074392839756,4.925138105172905,6.63014554445688
405,1.6686798271862164,4.910365247687352,6.5790450748735685
406,1.6438549768301978,4.911962300325261,6.555817277155459
407,1.6046474635238048,4.902591832580413,6.507239296104218
408,1.5799306420519583,4.978944581923753,6.558875223975711
409,1.5828501558529198,5.041521218234198,6.624371374087118
410,1.5072167392246683,5.400559150953507,6.907775890178176
411,1.507619418727518,5.315074274832732,6.82269369356025
412,1.5348449477814619,5.0599182681324315,6.594763215913893
413,1.5450504977389956,4.880284874084262,6.425335371823258
414,1.5860025743389738,4.8163663027276,6.402368877066573
415,1.624543440737437,4.801226822399272,6.425770263136709
416,1.6387978064828126,4.751158539753246,6.389956346236058
417,1.6537944085642953,4.714631395018929,6.368425803583225
418,1.7245093373403322,4.916956789929742,6.641466127270074
419,1.6541467977021602,4.943259379949097,6.597406177651258
420,1.6240963412039495,4.939909634761582,6.564005975965531
421,1.6072032044676092,4.979596193750894,6.586799398218504
422,1.5950306114034887,5.008006666492457,6.603037277895945
423,1.5497912182980036,5.043835813781931,6.593627032079935
424,1.522646166711268,5.051677765921758,6.574323932633026
425,1.535435124482883,4.99120835835861,6.526643482841493
426,1.5534820102020117,4.857485043131635,6.410967053333646
427,1.5748679819391584,4.793648577106836,6.368516559045995
428,1.620842297575867,4.7969158303763235,6.41775812795219
429,1.6216944693604076,4.738190486776639,6.359884956137046
430,1.6761960715894482,4.927200998933465,6.603397070522913
431,1.623386705654118,4.961927553327194,6.585314258981312
432,1.571336193057665,4.967787765768925,6.53912395882659
433,1.5434715414824716,4.957089947014975,6.500561488497446
434,1.5497369907552538,4.936332420529069,6.486069411284323
435,1.5731161068960025,4.8505663917734285,6.4236824986694305
436,1.584785365021896,4.776559679038353,6.361345044060249
437,1.6187307182924395,4.7641516997790925,6.382882418071532
438,1.6564494490028299,4.977798202938125,6.634247651940955
439,1.6102282938486043,4.955278926869354,6.565507220717958
440,1.5677274472108529,5.041472375008556,6.609199822219409
441,1.5343196500889535,5.245034013446829,6.779353663535782
442,1.532022221183544,5.651302055217302,7.183324276400846
443,1.4695148864850645,6.278096851671771,7.747611738156835
444,1.4991450788015503,5.441649894834249,6.9407949736358
445,1.5159500735794678,5.147594181191598,6.663544254771066
446,1.5430321787862213,4.93851401086386,6.481546189650081
447,1.5801272720199404,4.84371316767664,6.42384043969658
448,1.6180923563326208,4.826418778229916,6.444511134562537
449,1.6456363792002902,4.797951691723808,6.443588070924099
450,1.7064173896562704,4.971032943547897,6.677450333204167
451,1.67883778742359,4.976108825117655,6.654946612541245
452,1.645354801995829,5.005246630537594,6.650601432533423
453,1.6043279016318823,4.973887411707724,6.578215313339607
454,1.5662789164754027,5.024375399095283,6.590654315570686
455,1.5610689838674447,5.205372975707763,6.766441959575208
456,1.5031978683183531,5.565041454052082,7.068239322370435
457,1.5048114546746703,5.471100267360301,6.975911722034971
458,1.5308859208391186,5.14376540047038,6.674651321309498
459,1.5340280783802285,4.953394761538256,6.487422839918485
460,1.5744764304816863,4.864145705450281,6.4386221359319675
461,1.60062171829731,4.821286755819737,6.421908474117047
462,1.613234326205626,4.771837343654611,6.3850716698602366
463,1.6317773453725049,4.731015620431098,6.362792965803603
464,1.7024388103358674,4.930477057401582,6.63291586773745
465,1.647718204355055,4.972234351193753,6.6199525555488075
466,1.6254193280600022,5.007620388387727,6.633039716447729
467,1.606499601680968,5.0837177057396765,6.690217307420644
468,1.5734624303680775,5.114990122777898,6.688452553145975
469,1.5403533668751936,5.185028678791614,6.725382045666808
470,1.5214734308614277,5.166955383184809,6.688428814046237
471,1.5289482629867786,5.073282148241831,6.60223041122861
472,1.5479415888368706,4.943867663714378,6.491809252551248
473,1.5802058881018148,4.864938205517311,6.445144093619126
474,1.6134979040291104,4.852800866800079,6.466298770829189
475,1.6030692267357656,4.773562711557904,6.37663193829367
476,1.6810675629687504,4.979737771801975,6.660805334770726
477,1.6112573417380291,5.136070572640372,6.747327914378401
478,1.5744620719059323,5.143158161550393,6.7176202334563255
479,1.5448444893725084,5.076605772082218,6.621450261454727
480,1.5452412214998463,5.035730491584924,6.58097171308477
481,1.5690507860748468,4.9334866462422315,6.502537432317078
482,1.5858969982027782,4.852649486689644,6.438546484892422
483,1.614383801328407,4.808951369859453,6.42333517118786
484,1.6143543064219048,5.017718333328166,6.632072639750071
485,1.5653560770254982,5.055973890123796,6.621329967149294
486,1.5387643880374657,5.258591005667539,6.797355393705005
487,1.5126301780547533,5.607147483546216,7.119777661600969
488,1.4699704539095093,5.981292154519807,7.451262608429316
489,1.504798436394795,5.494753736920362,6.999552173315157
490,1.5113063558090065,5.215869410196408,6.727175766005415
491,1.5377053303093289,4.999311521095397,6.537016851404726
492,1.5678481985331276,4.883008608515828,6.450856807048956
493,1.59537137795865,4.838806888119279,6.43417826607793
494,1.6204903289750632,4.81590799831946,6.4363983272945235
495,1.6544503440566478,4.93995042356148,6.5944007676181275
496,1.6486983283070293,4.978665093315006,6.627363421622035
497,1.6382031900058853,5.028139534937542,6.666342724943427
498,1.6095637330263697,5.028579738630417,6.638143471656787
499,1.5587400551558384,5.074324299397108,6.633064354552946
500,1.5368013071573254,5.158039696874161,6.6948410040314865
501,1.4986854116255475,5.5717037359840065,7.0703891476095535
502,1.496661152870423,5.496006320903272,6.992667473773695
503,1.52168415846706,5.175944627285033,6.697628785752093
504,1.5355694440452365,4.990463218952987,6.526032662998224
505,1.5592656002691807,4.915099707751011,6.474365308020192
506,1.5727804932572915,4.848939204779398,6.42171969803669
507,1.587130838608553,4.797957895249127,6.38508873385768
508,1.610297667480094,4.777342553364255,6.387640220844348
509,1.6576185990489214,4.895713651192676,6.553332250241597
510,1.6248988055007165,4.985824249865809,6.610723055366526
511,1.605073148488237,5.021600375122909,6.626673523611146
512,1.5939956810719205,5.126622667496467,6.7206183485683875
513,1.557662269619043,5.180478732166225,6.7381410017852685
514,1.5263775134127515,5.318241507860289,6.844619021273041
515,1.5164242262623924,5.2566693230167685,6.773093549279161
516,1.5169929495973302,5.110854305524667,6.627847255121997
517,1.5347589837084286,4.988204227533147,6.522963211241575
518,1.5721949877031076,4.916620813353678,6.488815801056785
519,1.5853890773487687,4.837329644781606,6.422718722130375
520,1.5805940750028367,4.791062865691835,6.371656940694671
521,1.6442889150390612,4.978589839949631,6.622878754988692
522,1.571495811060895,5.196070774075962,6.767566585136857
523,1.5443189674645428,5.2683835408571165,6.812702508321659
524,1.5367217687481112,5.141194658517687,6.6779164272657985
525,1.539629124847962,5.0932187013947665,6.632847826242728
526,1.5573739278411038,4.9983408659947095,6.555714793835813
527,1.5659508718867365,4.89518304679386,6.461133918680597
528,1.582058418687408,4.822409411453607,6.404467830141015
529,1.5778561552006518,5.1994853352243755,6.7773414904250275
530,1.5393996983515332,5.317630192998851,6.857029891350384
531,1.5012197782519685,5.643813991704193,7.145033769956162
532,1.4624388002876012,5.970248438353857,7.432687238641458
533,1.4809918591765456,5.6308865032942235,7.111878362470769
534,1.4927971674138054,5.334738036181809,6.827535203595614
535,1.5260979843483686,5.098713805171108,6.624811789519477
536,1.5423945477946497,4.966927137268424,6.509321685063074
537,1.564879514671432,4.905128971986569,6.470008486658001
538,1.582397067327728,4.85634955467627,6.438746622003998
539,1.6313472501545425,4.974585487911345,6.605932738065888
540,1.6162917649497486,5.002567352067327,6.618859117017076
541,1.6093233166576493,5.04580864449919,6.655131961156839
542,1.590997851321256,5.08772576620233,6.678723617523586
543,1.5652771981606324,5.166408753279198,6.731685951439831
544,1.5300821966772904,5.277720322866914,6.807802519544205
545,1.500285048359522,5.622696478799037,7.12298152715856
546,1.4918443435509883,5.515087188192712,7.0069315317437
547,1.505748591378037,5.330218947770697,6.835967539148734
548,1.5050723987497787,5.102840093697827,6.607912492447605
549,1.5298296259189954,4.983541250081666,6.5133708760006614
550,1.5496815533881303,4.935119509035852,6.4848010624239825
551,1.561698540315144,4.872468158220682,6.434166698535826
552,1.5753418083119686,4.817289717672264,6.392631525984233
553,1.6577109420033131,4.925713756768821,6.583424698772134
554,1.6032846838982724,5.046695198035766,6.649979881934039
555,1.5867431558996559,5.046117363153887,6.632860519053543
556,1.5657263259080405,5.207659482254009,6.7733858081620495
557,1.5379756484107143,5.420757825459122,6.958733473869836
558,1.5272931891636634,5.410931414560755,6.938224603724419
559,1.5083954902988006,5.390875181719415,6.899270672018216
560,1.5040192672214945,5.246957204454999,6.750976471676493
561,1.5203086030934398,5.093193461884166,6.613502064977606
562,1.540472754580767,4.997498527722279,6.5379712823030465
563,1.556541882934775,4.951353320615207,6.507895203549983
564,1.548334930311108,4.857376528684758,6.4057114589958655
565,1.620955200143921,5.050444726755447,6.671399926899367
566,1.5435619093024924,5.261986051805612,6.805547961108104
567,1.5105733404610173,5.474075532668647,6.9846488731296645
568,1.5158773577680766,5.4500892658977635,6.965966623665841
569,1.5361110630189503,5.31205348283824,6.84816454585719
570,1.538225628741865,5.085845127785145,6.62407075652701
571,1.542150887626425,4.976540609076691,6.518691496703116
572,1.5614304673832518,4.904024427597475,6.465454894980727
573,1.553757189118825,5.429008113457821,6.982765302576647
574,1.4998455930565582,5.833442596959107,7.333288190015665
575,1.4572082662579233,6.135917865502384,7.593126131760307
576,1.4678729365721304,5.8364317232107945,7.304304659782925
577,1.4747882753586297,5.486259358552821,6.96104763391145
578,1.5013747588495836,5.2476552511133985,6.749030009962982
579,1.522528895983681,5.139061753534923,6.661590649518605
580,1.5339658867990786,5.063538536177951,6.59750442297703
581,1.546722781497255,4.971117195761848,6.517839977259103
582,1.593190520346219,5.154746219099492,6.747936739445711
583,1.6024016939002497,4.979214670048614,6.581616363948863
584,1.583301493435224,5.108496950752554,6.691798444187778
585,1.5659279183954333,5.18818178176423,6.754109700159663
586,1.546950916459344,5.278077807635125,6.8250287240944685
587,1.5144167719524624,5.451861542040122,6.966278313992585
588,1.4880107638706626,5.8314116842081045,7.319422448078767
589,1.4864889101637966,5.711461249633461,7.197950159797258
590,1.4833792319458254,5.470413398060631,6.953792630006457
591,1.4814447358755192,5.313965614175561,6.79541035005108
592,1.5072406392780389,5.198171624064744,6.705412263342783
593,1.518603474695427,5.0766837991167355,6.595287273812162
594,1.5345915317585743,5.053503200210889,6.588094731969463
595,1.5395478442540278,4.963074718157748,6.502622562411776
596,1.5856997842476481,5.0632031718719945,6.648902956119643
597,1.5743549668970869,5.131992266769472,6.706347233666559
598,1.5520078003990767,5.160242425462925,6.712250225862001
599,1.5380944874127969,5.296145141544002,6.8342396289568
600,1.5114011904407074,5.524685379647165,7.036086570087873
601,1.505196341433544,5.734970144856869,7.240166486290414
602,1.498249482469206,5.725656821351928,7.223906303821134
603,1.4919829098548292,5.438153952985736,6.930136862840565
604,1.502115647385729,5.345723736607295,6.847839383993024
605,1.51884150872015,5.229750965594893,6.748592474315043
606,1.5298356007768055,5.137119873689719,6.6669554744665245
607,1.525620608168678,5.06499873442432,6.590619342592998
608,1.5899063141935337,5.159707860409297,6.74961417460283
609,1.5249541262263995,5.406586892197591,6.9315410184239905
610,1.4918610467634001,5.802093393846356,7.293954440609756
611,1.4950452209098417,5.815050820157637,7.310096041067479
612,1.5132778246537202,5.584135081788022,7.097412906441742
613,1.518054352320639,5.345131019406621,6.863185371727259
614,1.5231799136716944,5.1900121767501055,6.7131920904218
615,1.5306416625454748,5.161890704843834,6.692532367389308
616,1.4888975638807882,6.641657959593087,8.130555523473875
617,1.4533570160837503,6.371854374846794,7.825211390930544
618,1.4513218370761989,6.224186547713892,7.67550838479009
619,1.457468580645239,5.731696425771622,7.189165006416861
620,1.4728887302040212,5.467824436630467,6.940713166834488
621,1.501252427736741,5.414063153108433,6.915315580845174
622,1.5155314475296195,5.279817703509115,6.795349151038735
623,1.5218731682383209,5.157774432522168,6.6796476007604895
624,1.5574170831819842,5.264167452546765,6.821584535728749
625,1.5545915965102959,5.296072401077291,6.850663997587587
626,1.5622436867369494,5.37813700466089,6.94038069139784
627,1.5867411141510706,5.242010001706553,6.8287511158576235
628,1.5507952247646009,5.524957475431004,7.075752700195604
629,1.5175521170119801,5.656471861628354,7.174023978640334
630,1.4757304350755516,6.924253890802305,8.399984325877856
631,1.4589118556021397,6.428092786237976,7.887004641840116
632,1.4699233472444595,5.899268065738321,7.36919141298278
633,1.4676499561313896,5.632638298297578,7.100288254428968
634,1.490835511857239,5.500696619603951,6.99153213146119
635,1.5014517584396434,5.362890803035139,6.864342561474782
636,1.5133554756847005,5.2597359062652975,6.773091381949998
637,1.5123209883399134,5.1668908539617915,6.679211842301704
638,1.5618618046804957,5.264406256515028,6.826268061195524
639,1.5854627274846746,5.24895630006266,6.834419027547335
640,1.5626751557227723,5.403090006624568,6.96576516234734
641,1.5333999194341008,5.503172240195871,7.036572159629972
642,1.5145253759090203,5.804602938330335,7.3191283142393555
643,1.49858229331788,6.465529755154648,7.964112048472528
644,1.4838975564345396,6.180433743721582,7.664331300156121
645,1.4894161717467107,6.045971012415409,7.535387184162119
646,1.4908906266048574,5.832785073502065,7.323675700106922
647,1.5013277905932811,5.5948935915883,7.096221382181581
648,1.5066455724921217,5.444165745266539,6.950811317758661
649,1.5010958998207682,5.330232057762166,6.831327957582935
650,1.577022637467901,5.384829832987207,6.961852470455108
651,1.5208888544957555,5.714404105856128,7.235292960351884
652,1.4889320749555583,6.474030848917758,7.962962923873317
653,1.4815498859836491,6.579345149753444,8.060895035737094
654,1.4988432544482422,6.1684342793917635,7.667277533840005
655,1.501565192145562,5.865119413105209,7.366684605250771
656,1.5006998641280314,5.689546301854334,7.190246165982366
657,1.5024928447359753,5.558293276637519,7.060786121373495
658,1.4857646877398998,6.499936470235683,7.985701157975583
659,1.4551714300213263,6.623387917410251,8.078559347431577
660,1.473707527781718,5.8452808661168545,7.3189883938985725
661,1.4801025918768849,5.688843528974427,7.168946120851312
662,1.5056706598596847,5.699801709173976,7.205472369033661
663,1.5297874423040214,5.463823485634535,6.9936109279385565
664,1.5306293310373291,5.30882064489854,6.839449975935869
665,1.558537581855807,5.5453804995730955,7.103918081428903
666,1.5325600509708155,5.48577099488181,7.018331045852626
667,1.5221482152262917,5.481723227973788,7.0038714432000795
668,1.520860395146352,5.626333207700966,7.1471936028473175
669,1.5392845812130083,5.858103418791187,7.397388000004195
670,1.609513482936981,5.533754871897102,7.143268354834083
671,1.5185247411969705,6.918070626622599,8.436595367819569
672,1.472392187493083,7.20662582235901,8.679018009852093
673,1.4797612926020092,6.205772495531979,7.685533788133988
674,1.4761703315156764,5.8054408752356945,7.281611206751371
675,1.49796193205572,5.608025489682953,7.105987421738673
676,1.5253342338292593,5.507403376406087,7.032737610235346
677,1.5292340131384343,5.434690542774633,6.963924555913067
678,1.5287746799442106,5.316760152002682,6.8455348319468925
679,1.5744352170021683,5.351036399244277,6.925471616246446
680,1.5310692349861388,5.554660220703193,7.085729455689331
681,1.5287791276300253,5.6791291280363945,7.207908255666419
682,1.548094222339535,5.846412980568928,7.394507202908463
683,1.6047330057188594,5.493233218012755,7.097966223731615
684,1.5448269966044452,6.23016457206895,7.774991568673395
685,1.5122362560413316,6.209546023559652,7.721782279600983
686,1.497290589835224,6.624671401450214,8.121961991285438
687,1.49079844732979,6.183821088926774,7.674619536256564
688,1.504884648101222,5.8308172974104995,7.335701945511722
689,1.5308734370978567,5.782312861009119,7.3131862981069755
690,1.5296082584581625,5.501451950162219,7.0310602086203815
691,1.5441656117381177,5.570935916186083,7.1151015279242005
692,1.607181609532461,5.519763944314778,7.126945553847238
693,1.5442439284461007,6.322459126374507,7.866703054820608
694,1.5144447997931503,6.6236015818047225,8.138046381597873
695,1.5104018379903488,6.416059524417197,7.926461362407546
696,1.5082843781671227,6.043888861519341,7.552173239686464
697,1.5186454013568278,6.128453821810554,7.647099223167382
698,1.5324402517462115,5.878688496256497,7.411128748002708
699,1.4615953451754404,7.049903776645658,8.511499121821098
700,1.454897942612263,6.880898699931881,8.335796642544144
701,1.4584241140700478,6.516400965431271,7.9748250795013185
702,1.4667273670789351,6.475267947429249,7.941995314508184
703,1.4670974646741797,6.190812256640142,7.657909721314322
704,1.4728327018278629,6.087242326365245,7.560075028193108
705,1.47704700664803,6.371410914232944,7.848457920880973
706,1.4715374788955524,6.573756020511194,8.045293499406746
707,1.4602853560116804,6.7276837482149565,8.187969104226637
708,1.4490482535780842,7.195185005362669,8.644233258940753
709,1.4453331651399084,7.458625503467127,8.903958668607036
710,1.4603928539623148,8.212960068887357,9.673352922849672
711,1.4870097984799362,7.389517211107118,8.876527009587054
712,1.5156086970480374,6.046142702745881,7.561751399793918
713,1.4715603278233427,6.545313937111317,8.016874264934659
714,1.4602693478198912,6.473820770250433,7.9340901180703245
715,1.466408798009923,6.4870016050666015,7.953410403076525
716,1.4701673670839808,6.329516747365375,7.799684114449356
717,1.474623377442935,6.369769071013742,7.844392448456677
718,1.4778715012660784,6.222072568003159,7.699944069269238
719,1.4807109910792264,6.244848914579924,7.72555990565915
720,1.4687409942520633,6.843196814796719,8.311937809048782
721,1.4580646869704412,7.1623090850243045,8.620373771994746
722,1.4493730295622627,7.651533481053162,9.100906510615426
723,1.4439716753816185,7.963929735005733,9.407901410387352
724,1.4712503828196393,7.633369692483635,9.104620075303274
725,1.5054113493282457,6.506672462456679,8.012083811784924
726,1.5204310660426388,6.036538720699214,7.556969786741853
727,1.4927721764299977,6.356144967657243,7.84891714408724
728,1.480270937067397,6.114200721156115,7.594471658223512
729,1.47820834037679,6.204885098930277,7.683093439307068
730,1.4754302948143883,6.225466828932175,7.7008971237465635
731,1.4736910310741218,6.632160199604895,8.105851230679017
732,1.4549256266909754,7.997507734527983,9.452433361218958
733,1.4498264226747108,8.276394958418576,9.726221381093287
734,1.4855161562292025,6.800725902797731,8.286242059026932
735,1.5081031239090197,6.295365986605587,7.803469110514607
736,1.5216241317884174,5.90558822551115,7.427212357299568
737,1.5038910247449637,6.304443755731845,7.808334780476809
738,1.4886584217452379,6.064789235957007,7.553447657702245
739,1.5426373811588259,6.147820976476995,7.690458357635821
740,1.509535041620486,5.815526252336622,7.325061293957108
741,1.5214681313287417,5.741975307934655,7.263443439263396
742,1.544821904914588,5.594664121307665,7.139486026222253
743,1.520129753696288,5.596531885025775,7.116661638722063
744,1.4827985052222583,5.497046627706407,6.9798451329286655
745,1.476527159137311,5.629316135791248,7.105843294928559
746,1.469764112879422,5.766663109660629,7.236427222540051
747,1.4690245568965046,5.861056293456752,7.330080850353257
748,1.4573903239743302,6.03903236411231,7.49642268808664
749,1.4565597577328246,6.29181825027955,7.7483780080123745
750,1.457471077062272,6.262392306823358,7.71986338388563
751,1.4666442558926973,6.206031089177941,7.672675345070639
752,1.5113478079468592,6.045777560070588,7.557125368017448
753,1.559458628550185,5.9268667676722115,7.486325396222396
754,1.5683794010806258,6.048023477401541,7.616402878482167
755,1.554479866187643,5.733159185716907,7.28763905190455
756,1.5484963917946852,5.844513446290283,7.393009838084968
757,1.5676321332258905,5.602075580986546,7.169707714212437
758,1.4928853739592567,5.521714685287421,7.0146000592466775
759,1.465844717336236,5.743960404925774,7.20980512226201
760,1.4616923124095442,5.878788641098028,7.340480953507573
761,1.4617534128612857,6.05263567216485,7.514389085026136
762,1.4585407745425094,6.057957467469793,7.516498242012302
763,1.4630547532611262,6.152322398558659,7.615377151819785
764,1.473662034845039,6.10545814047583,7.579120175320869
765,1.4860021952355726,6.0142060087395155,7.500208203975088
766,1.4959976966986708,5.824792008563087,7.320789705261758
767,1.5252953447477955,5.785428919789185,7.31072426453698
768,1.599635292222355,5.737496633222847,7.337131925445202
769,1.5673853097081027,5.988710729559772,7.556096039267874
770,1.4761128214285912,5.730680174777703,7.206792996206294
771,1.4611288667708582,6.153027665203325,7.614156531974183
772,1.4631711031491739,6.270395611399327,7.733566714548501
773,1.4791958908533154,6.087389953029248,7.566585843882564
774,1.4812026335230661,5.938507437291876,7.419710070814942
775,1.4940045335675254,5.901282299031466,7.395286832598992
776,1.4960754256869524,5.773002352388832,7.2690777780757845
777,1.506195347380514,5.576501765883734,7.082697113264247
778,1.596292403852718,5.376896717084913,6.973189120937631
779,1.5975098697585652,5.306127366704061,6.903637236462626
780,1.5925381742569555,5.252958491629995,6.845496665886951
781,1.5817679083794367,5.139030945299771,6.720798853679208
782,1.521119585201108,5.200299722424492,6.7214193076256
783,1.5065113541589472,5.230744595269803,6.73725594942875
784,1.4970168970995295,5.326734430736664,6.823751327836193
785,1.4922657289653898,5.43726620450157,6.92953193346696
786,1.4808737565235355,5.529200765160753,7.010074521684288
787,1.4818122557087585,5.6417185581842,7.123530813892959
788,1.486168936907422,5.631150778606011,7.117319715513433
789,1.4887300212323409,5.691099954475863,7.179829975708204
790,1.5203239829786108,5.57688859317159,7.097212576150201
791,1.557369997026415,5.498533438854792,7.0559034358812065
792,1.6004748905912174,5.399944277141386,7.000419167732604
793,1.6342446868633664,5.2281583445047755,6.862403031368142
794,1.6165335568405939,5.3903135466663015,7.006847103506895
795,1.608931436567817,5.222608939282308,6.831540375850125
796,1.531001515927527,5.151819105873981,6.6828206218015085
797,1.4975217938143248,5.3345167297444975,6.832038523558822
798,1.490170966846055,5.431067631671477,6.921238598517532
799,1.4822670645203935,5.50946133508372,6.9917283996041135
800,1.4808886581750846,5.5745251821966315,7.055413840371716
801,1.4909821564977692,5.666842430068568,7.1578245865663375
802,1.489964014974903,5.543655563671671,7.033619578646574
803,1.5183635463722633,5.524762087888123,7.043125634260386
804,1.5189406032115924,5.345852468470073,6.864793071681666
805,1.547744211749422,5.318307368760513,6.866051580509935
806,1.580091234256225,5.4008274391477435,6.980918673403968
807,1.6055316480344004,5.4441867633440655,7.049718411378466
808,1.513111841912005,5.3344036793957565,6.847515521307762
809,1.4803057412514307,5.581790961245893,7.062096702497324
810,1.4741113924075058,5.6008905465281895,7.075001938935696
811,1.4919019003225786,5.539364918032062,7.0312668183546405
812,1.5040419877199995,5.4345397286441255,6.938581716364125
813,1.5200145864755243,5.381269986979726,6.90128457345525
814,1.5321320478754628,5.277293616220923,6.809425664096386
815,1.533345836149716,5.173463376269267,6.7068092124189835
816,1.6280144046300915,5.135745089931231,6.763759494561323
817,1.615301369328263,5.054388626264042,6.669689995592305
818,1.6122910853769659,4.956614621447372,6.568905706824338
819,1.54383163477699,4.93559007720122,6.47942171197821
820,1.5334113486752925,4.963123492650255,6.4965348413255475
821,1.521088918539667,5.0056855293550315,6.526774447894699
822,1.5165073268570317,5.099121194870939,6.615628521727971
823,1.503825514752244,5.192494547875732,6.696320062627976
824,1.4997665312334008,5.2622207474321145,6.761987278665515
825,1.5044759989287626,5.277801374410477,6.782277373339239
826,1.501944561706676,5.227305662049576,6.729250223756252
827,1.5337502919744146,5.179012860578603,6.712763152553018
828,1.5590718122762983,5.163239562393898,6.722311374670196
829,1.601543846302111,5.155183881061774,6.756727727363884
830,1.623703125999446,5.112182212959163,6.735885338958609
831,1.6383804164559537,5.087118992239042,6.725499408694996
832,1.6459143842767572,4.994993772970545,6.640908157247303
833,1.5548898736167756,4.8920061403465125,6.446896013963288
834,1.5229034956515861,4.9903239475868535,6.513227443238439
835,1.509201143742572,5.017336976816053,6.526538120558625
836,1.5020534914024677,5.094638338953065,6.5966918303555335
837,1.500800456267478,5.155722184524766,6.656522640792244
838,1.5086577927459799,5.214180789999073,6.722838582745053
839,1.5093078783218525,5.179926203976684,6.689234082298536
840,1.5342311953648597,5.142605823814508,6.676837019179367
841,1.5421066171273825,5.075089919025234,6.617196536152616
842,1.5587628986252837,5.05282404773392,6.611586946359203
843,1.584460490346653,5.045399610100149,6.629860100446802
844,1.6017959546437643,5.065969016597148,6.667764971240912
845,1.5390189125389317,4.969965437060815,6.508984349599747
846,1.499262977526073,5.131507129145449,6.630770106671522
847,1.4901226648377808,5.1685244481087445,6.658647112946525
848,1.5086049295452257,5.1225122621986205,6.631117191743846
849,1.5201332012968742,5.065985967500582,6.586119168797456
850,1.5340782158833142,5.025576197260299,6.559654413143613
851,1.5536582941438613,5.0143747489304005,6.568033043074262
852,1.5615911455291023,4.970345432942563,6.531936578471665
853,1.643909340534149,4.983370371833586,6.627279712367735
854,1.6335267740100299,4.913161995936457,6.5466887699464875
855,1.581552632976354,4.8311456113813795,6.412698244357734
856,1.5643773295719068,4.834621373221671,6.398998702793578
857,1.5545392207140782,4.884897370242939,6.439436590957017
858,1.547017226545326,4.922372339396146,6.469389565941472
859,1.5323270475696016,4.997712530457297,6.530039578026898
860,1.5289203758350436,5.085499150887472,6.614419526722515
861,1.5327973263392436,5.126027350349322,6.658824676688566
862,1.5133435974595435,5.07421709497643,6.587560692435973
863,1.5375164142165871,5.029822401176459,6.567338815393047
864,1.5645764322601035,4.988102518733249,6.552678950993352
865,1.618232304061449,5.005556760723847,6.623789064785296
866,1.6431579683994448,4.994716564407305,6.63787453280675
867,1.6523085221496823,4.989249734496612,6.641558256646294
868,1.6491460041575674,4.941285292102027,6.590431296259594
869,1.596452144429178,4.822732750045317,6.419184894474495
870,1.5499759212907223,4.853332853385276,6.403308774675999
871,1.5341881324198674,4.872379797591077,6.406567930010945
872,1.528417994740939,4.93167168895063,6.460089683691569
873,1.530208830104036,4.985858469372274,6.51606729947631
874,1.536762132054778,5.031358678564737,6.568120810619515
875,1.5346176842952408,5.02342492840049,6.558042612695731
876,1.5514725535362142,4.979585211162951,6.531057764699165
877,1.5502126903403994,4.9223844380805595,6.472597128420959
878,1.58221870034225,4.920159402603769,6.502378102946019
879,1.6089565629724936,4.920245744714293,6.529202307686787
880,1.6170459802070771,4.916283908783972,6.533329888991049
881,1.580816988653106,4.886264521686059,6.467081510339165
882,1.5322327287212127,4.9632377267599335,6.495470455481146
883,1.5191426240245776,5.005569058047706,6.524711682072283
884,1.526574552578546,4.972915817157252,6.499490369735797
885,1.5424275654786714,4.912579873763589,6.4550074392422605
886,1.560155273329251,4.905345321395669,6.46550059472492
887,1.58281704829476,4.897536668227482,6.480353716522242
888,1.5945535712315801,4.866569931587528,6.461123502819108
889,1.6752833272782157,4.900631957403241,6.575915284681456
890,1.6225964829226054,4.800144220833746,6.422740703756352
891,1.5979230812363996,4.803981157378578,6.401904238614978
892,1.5834131490303844,4.83574371224221,6.419156861272595
893,1.5834067861429555,4.877720170260844,6.461126956403799
894,1.5770529635149255,4.943370987023088,6.520423950538014
895,1.5627827956151075,5.003423677160108,6.566206472775216
896,1.5300497962705,5.100914538564475,6.630964334834975
897,1.5245284628235365,4.989935698445118,6.514464161268654
898,1.542201334142651,4.983576317629818,6.525777651772469
899,1.5668841512178233,4.906850154155093,6.473734305372916
900,1.620995016307981,4.911061105039539,6.5320561213475195
901,1.6680623595030433,4.951559884158925,6.6196222436619685
902,1.6810057790448405,4.938885073312847,6.619890852357688
903,1.6684201496794486,4.865981892436053,6.534402042115501
904,1.6368329221769773,4.796379615100191,6.433212537277169
905,1.5893191646180564,4.831666653716172,6.420985818334229
906,1.5661987690887251,4.8434415390989125,6.409640308187638
907,1.5636181942283847,4.90269057731856,6.466308771546944
908,1.5769265279353983,4.933057821253464,6.509984349188862
909,1.565938406358022,4.974683977035551,6.540622383393573
910,1.5519624259680367,4.938720610336551,6.4906830363045875
911,1.5466748482750343,4.890938055491691,6.437612903766725
912,1.5693394730425947,4.872434697584917,6.441774170627512
913,1.5958348135489457,4.8547729928828085,6.450607806431754
914,1.6366710848772439,4.872121238823831,6.5087923237010745
915,1.6434891554338011,4.855512660076454,6.499001815510255
916,1.6036821934780399,4.820091630755139,6.423773824233179
917,1.5747485898013565,4.895112126356446,6.469860716157803
918,1.545967884817618,4.951927594725456,6.4978954795430734
919,1.5433482429042389,4.914491165934074,6.457839408838313
920,1.5719531857443618,4.889928930666496,6.461882116410858
921,1.5720503259324339,4.8330039548286905,6.405054280761124
922,1.5938098665367555,4.809590248714359,6.403400115251115
923,1.6245846676442195,4.820463200771084,6.445047868415304
924,1.6533865730689432,4.764475096078365,6.4178616691473085
925,1.6344225661489316,4.7807360594913515,6.415158625640283
926,1.6263250080621527,4.8215555795645955,6.447880587626749
927,1.6227551473053883,4.856921193131249,6.479676340436637
928,1.595650914665613,4.889972344728831,6.485623259394444
929,1.5593390057572984,4.920044128978025,6.479383134735323
930,1.524069828993503,5.088512944135994,6.612582773129497
931,1.532384623362481,5.049608525303944,6.581993148666426
932,1.5569809339628289,5.016590059904459,6.573570993867288
933,1.571720499753131,4.870291270502028,6.442011770255159
934,1.6293047874921858,4.858084206398974,6.48738899389116
935,1.664170503936955,4.866120454184577,6.530290958121531
936,1.6913756930714934,4.871925444725757,6.56330113779725
937,1.7071010960951436,4.853554407316232,6.560655503411375
938,1.6759403689305499,4.764730093971484,6.440670462902034
939,1.6111065301739473,4.7802937286683145,6.391400258842262
940,1.5941267950789153,4.805175534126031,6.3993023292049465
941,1.5973497960397491,4.854679705776252,6.452029501816001
942,1.5956179370125256,4.876802095693804,6.47242003270633
943,1.5899220510337038,4.889935515758895,6.479857566792599
944,1.5445916491477258,4.893054714636327,6.437646363784053
945,1.56036519070334,4.924912253449854,6.485277444153194
946,1.5845392547746837,4.842206217073118,6.426745471847801
947,1.6038000838442281,4.814320020792601,6.418120104636829
948,1.6370635283209054,4.802104390163184,6.43916791848409
949,1.657684680428675,4.802784216043441,6.460468896472116
950,1.6423371909347682,4.790489588941569,6.432826779876337
951,1.598256125175681,4.859902204479034,6.458158329654715
952,1.5675675091433394,4.891032513115372,6.458600022258711
953,1.5739153382857585,4.878866635872956,6.4527819741587145
954,1.5922072803103162,4.892427067799601,6.484634348109918
955,1.598805151854561,4.809456900532663,6.408262052387224
956,1.6046253987306638,4.76965835256308,6.374283751293744
957,1.63311304568674,4.763219801648424,6.396332847335165
958,1.6964238159081235,5.00416220893979,6.700586024847913
959,1.6643829879043683,4.995708610229619,6.660091598133988
960,1.620294650575959,4.955944926349195,6.576239576925154
961,1.5813536506653443,5.026963511896163,6.608317162561507
962,1.5776463968662233,5.193452745649952,6.771099142516175
963,1.509002447822132,5.644533183968531,7.153535631790663
964,1.5042372409336784,5.46105139257859,6.965288633512269
965,1.53120264372544,5.10874382475424,6.63994646847968
966,1.5354214993569801,4.911880398437568,6.447301897794548
967,1.578839771408127,4.853076437719601,6.431916209127728
968,1.6170530844879216,4.837629109276956,6.454682193764878
969,1.627189048932758,4.7589927068595665,6.386181755792324
970,1.6449134882200946,4.718213366096498,6.363126854316593
971,1.7354320097571636,4.998610696771285,6.734042706528449
972,1.6708314011196572,5.0175786729629746,6.688410074082632
973,1.6386231455304294,4.988510707672604,6.627133853203033
974,1.625848753693689,5.033456469472964,6.659305223166653
975,1.599787910978623,5.102407593144165,6.7021955041227885
976,1.5582026874897474,5.200358877816389,6.758561565306136
977,1.529492962601251,5.188095217407393,6.717588180008644
978,1.5357616244555967,5.067338798314458,6.603100422770055
979,1.5556114956889622,4.931145817698558,6.486757313387519
980,1.576081582339155,4.852772430084661,6.428854012423816
981,1.606654551858635,4.80975093800144,6.416405489860075
982,1.6085156683846795,4.741292683859982,6.349808352244661
983,1.7071062736903846,5.033262589065323,6.740368862755708
984,1.6192537274271293,5.1452289318931115,6.76448265932024
985,1.5888817716417118,5.193218924636925,6.782100696278637
986,1.5528571700775977,5.1170503003131795,6.669907470390777
987,1.5594157432839841,5.021488736892009,6.5809044801759935
988,1.5797187516297249,4.930956586241154,6.510675337870879
989,1.593410745613042,4.827347352872257,6.420758098485299
990,1.618098222104004,4.794247975834017,6.412346197938021
991,1.677070208898424,5.075888804214482,6.752959013112905
992,1.6168926551002558,5.0239197318678634,6.640812386968119
993,1.5717924185310712,5.059074369249297,6.630866787780368
994,1.5524318863798312,5.17697155129414,6.729403437673971
995,1.4987852509576272,5.726619342068693,7.22540459302632
996,1.4983173587150973,5.551942106741286,7.050259465456383
997,1.5165566169989748,5.144147482251111,6.660704099250086
998,1.5276121845674209,4.961878645826949,6.48949083039437
999,1.5656988529279054,4.902687608849166,6.468386461777071
1000,1.5869948378364753,4.8363707435662855,6.423365581402761
1001,1.5951544815065346,4.747356211536884,6.342510693043419
1002,1.6229718451187372,4.724218853713381,6.347190698832119
1003,1.6891133726957024,4.9484953512392185,6.637608723934921
1004,1.6686307690259035,5.053082476151686,6.72171324517759
1005,1.6353408415377166,5.051618805929973,6.68695964746769
1006,1.6102888894833929,5.093421067300535,6.7037099567839284
1007,1.57622279908974,5.1053693528730895,6.681592151962829
1008,1.5438091239573775,5.315297734718512,6.859106858675889
1009,1.5174786089317782,5.345448616360265,6.862927225292044
1010,1.525895032457325,5.151824567420911,6.677719599878236
1011,1.5429652982378343,4.997792185454161,6.540757483691995
1012,1.5749253614927103,4.915711367812737,6.4906367293054466
1013,1.590891355298315,4.852016252276863,6.4429076075751786
1014,1.5864984220741472,4.7607030451254735,6.34720146719962
1015,1.6992236979436834,5.0532569081485565,6.75248060609224
1016,1.5981961531624098,5.220329851964414,6.818526005126824
1017,1.5638854573439833,5.298618585012765,6.862504042356748
1018,1.5397079879795585,5.2849238967145835,6.824631884694142
1019,1.5471389093253176,5.176958055300291,6.724096964625609
1020,1.571165956956086,4.983729441520957,6.5548953984770435
1021,1.5817947449572374,4.890006338033415,6.471801082990653
1022,1.587442145849887,4.787946565280762,6.375388711130649
1023,1.6353685784182623,5.113946564293005,6.749315142711267
1024,1.573795645554242,5.12239849144538,6.696194136999622
1025,1.5393201785169837,5.226349901309004,6.765670079825988
1026,1.4926090739176643,5.970871746061901,7.463480819979566
1027,1.4881975112973636,5.655458792821379,7.143656304118743
1028,1.5178365069188704,5.36168813770586,6.8795246446247305
1029,1.5183960472224043,5.061804394469276,6.58020044169168
1030,1.5490790735440148,4.957653788852336,6.506732862396351
1031,1.5713869120620436,4.869034279019017,6.440421191081061
1032,1.5815443864981595,4.774794415084886,6.356338801583045
1033,1.6021434746982988,4.744024193498133,6.346167668196431
1034,1.6697450637722997,4.949370417812015,6.6191154815843145
1035,1.6712579038400102,5.090670296823982,6.761928200663991
1036,1.6449135717300822,5.112625789365628,6.757539361095711
1037,1.618624025874985,5.259316005146002,6.877940031020987
1038,1.5655271422645123,5.1717073929389725,6.737234535203485
1039,1.5313781216994007,5.4032601696897,6.934638291389101
1040,1.5099474072236894,5.484402276420395,6.994349683644085
1041,1.511502364101062,5.285306203965996,6.796808568067059
1042,1.5388092395929311,5.1055627940751815,6.6443720336681125
1043,1.570805393360587,4.9872067858421465,6.558012179202733
1044,1.579621241356086,4.92863063428889,6.508251875644976
1045,1.5743860042514501,4.801141582680981,6.3755275869324315
1046,1.6802968903806508,5.060489607166127,6.740786497546777
1047,1.5895041601562276,5.324069444719914,6.913573604876142
1048,1.5477914206147318,5.4380025053481615,6.985793925962893
1049,1.5301273333593357,5.435725148920637,6.965852482279973
1050,1.5434034625921835,5.3480366076951436,6.891440070287327
1051,1.5530539370877985,5.090995836209017,6.644049773296816
1052,1.5571970350904762,4.9484345580352365,6.505631593125713
1053,1.5780789216838782,4.8606756256885895,6.438754547372468
1054,1.5946430760630737,5.212494330513571,6.807137406576644
1055,1.5389851247170632,5.31544708814228,6.854432212859344
1056,1.4911771447269635,6.113878766084134,7.605055910811097
1057,1.4814187047920495,5.758182394582785,7.239601099374834
1058,1.5026942953455589,5.3566420520951645,6.859336347440723
1059,1.5105112404626484,5.12470330830612,6.635214548768769
1060,1.5368010668049106,5.014235836772999,6.551036903577909
1061,1.5422738129128237,4.942531256526866,6.48480506943969
1062,1.5580077979706237,4.836029319266739,6.394037117237363
1063,1.577120580928238,4.789738910620611,6.366859491548849
1064,1.630874910950318,4.977584121092692,6.60845903204301
1065,1.640000014406527,5.067363018347496,6.7073630327540235
1066,1.6287755803723694,5.141398893083559,6.770174473455928
1067,1.6067524321887188,5.234199630078092,6.840952062266811
1068,1.5644700138566732,5.341198773519003,6.905668787375676
1069,1.5306527335889142,5.638891290749168,7.169544024338082
1070,1.5070243880627738,5.618738415217481,7.125762803280255
1071,1.5060052989538033,5.403499363320885,6.9095046622746885
1072,1.5250824370795084,5.183810856815469,6.7088932938949775
1073,1.5482059422440198,5.039174409171441,6.587380351415461
1074,1.5558750036099382,4.952360258625176,6.5082352622351145
1075,1.5535657529168325,4.872358789292998,6.425924542209831
1076,1.6437978234885455,5.047767339187754,6.6915651626763
1077,1.5694586403545017,5.326583824007291,6.896042464361793
1078,1.5334493745467306,5.7313825479964615,7.264831922543192
1079,1.529243161293309,5.492098523718847,7.021341685012157
1080,1.5269267579551482,5.492917467780728,7.019844225735876
1081,1.529362348082267,5.240120294130719,6.769482642212986
1082,1.5341320558152332,5.00686038210385,6.540992437919083
1083,1.5496234531714668,4.9465561670389535,6.4961796202104205
1084,1.572098749633762,5.498897417280507,7.070996166914269
1085,1.5095347694236356,5.705846119916183,7.215380889339818
1086,1.485728417485547,5.7175408997587,7.2032693172442475
1087,1.4896057800798943,5.452327801435892,6.941933581515786
1088,1.4915781192346307,5.247362965178001,6.738941084412632
1089,1.5082587286727183,5.110596546069599,6.618855274742317
1090,1.527475078238532,5.024265725583657,6.551740803822189
1091,1.534069704269108,4.937482165046242,6.47155186931535
1092,1.543160250123439,4.87742180495893,6.4205820550823685
1093,1.6011978963262377,5.031509328140946,6.632707224467184
1094,1.5981725413999348,5.1287922710866125,6.726964812486547
1095,1.604138702420856,5.159632154048987,6.7637708564698436
1096,1.608843121089136,5.291908238056406,6.900751359145542
1097,1.5641952263277819,5.489521116027346,7.053716342355128
1098,1.5336524769335973,6.1493489101063705,7.683001387039968
1099,1.5140837261183622,5.88019878816295,7.394282514281312
1100,1.4982681104930096,5.4966381028434315,6.994906213336441
1101,1.5099743032838202,5.322512198601014,6.832486501884834
1102,1.5151252628078293,5.129179334071569,6.644304596879398
1103,1.5317136742364676,5.053132346373551,6.584846020610018
1104,1.528635799563415,4.9396270721493165,6.4682628717127315
1105,1.601303735967409,5.104823997213242,6.706127733180651
1106,1.5708733388444793,5.4911402737861,7.0620136126305795
1107,1.526375145530336,5.801245036937902,7.327620182468238
1108,1.508784782262541,5.934726211496067,7.443510993758609
1109,1.5191572895536718,5.658454609703772,7.177611899257443
1110,1.512624604738494,5.441713094504851,6.954337699243345
1111,1.5154731057874806,5.191826669185378,6.707299774972858
1112,1.5305514332149979,5.063392748732399,6.593944181947397
1113,1.5396203285029924,5.88565083446986,7.4252711629728525
1114,1.5012312601618574,6.423715456321434,7.924946716483291
1115,1.4891569154765034,5.623792636850838,7.112949552327342
1116,1.4910327890274027,5.383509556258833,6.874542345286235
1117,1.5182491553740827,5.233836058737679,6.752085214111761
1118,1.5480662146219955,5.144596367495208,6.692662582117204
1119,1.551668966807064,5.080627482317547,6.632296449124611
1120,1.5574101177954731,4.987993600597556,6.545403718393029
1121,1.6002168699819015,5.095450194323387,6.6956670643052885
1122,1.563553714438567,5.268669663195472,6.832223377634039
1123,1.5536812545666752,5.284094334037382,6.837775588604058
1124,1.5713251871661735,5.4597501778227775,7.031075364988951
1125,1.6191702817615896,5.324874049235828,6.944044330997418
1126,1.5699462664477417,5.760650072634594,7.330596339082336
1127,1.5281316726921277,5.837440866707013,7.365572539399141
1128,1.5081615601587497,5.668861764333203,7.177023324491953
1129,1.5118128585980615,5.496507382305275,7.008320240903336
1130,1.5226734283100458,5.2663515812484745,6.78902500955852
1131,1.5537905587751586,5.216620773675106,6.770411332450265
1132,1.5483984041964591,5.052069065139332,6.600467469335791
1133,1.5751739995976057,5.253739546905203,6.828913546502809
1134,1.6529513044338375,5.244408146878676,6.897359451312514
1135,1.5596912201653073,5.956158834589275,7.515850054754583
1136,1.5206852808126632,6.234651001042985,7.755336281855648
1137,1.5276365143027362,5.76788137587496,7.295517890177695
1138,1.5292814298732857,5.592042464722596,7.121323894595881
1139,1.5283829789509489,5.360620024778432,6.88900300372938
1140,1.558102319966961,5.204416322926057,6.762518642893018
1141,1.5132256700415991,6.250371878796953,7.763597548838552
1142,1.4908368455315284,5.899443632056686,7.390280477588214
1143,1.4812294973787015,5.627330533779789,7.108560031158491
1144,1.4962134433080037,5.479693596575049,6.975907039883053
1145,1.5013508328886962,5.4278656745908265,6.929216507479523
1146,1.5074915476331365,5.379189079250042,6.886680626883178
1147,1.5129110116078734,5.225356011236175,6.738267022844049
1148,1.5210844487811117,5.4229717061572975,6.944056154938409
1149,1.508278129324439,5.962082763145178,7.470360892469617
1150,1.5063162044278016,6.154115898873508,7.66043210330131
1151,1.499807695286577,6.590163787586756,8.089971482873333
1152,1.5032860694271213,7.036818550834433,8.540104620261555
1153,1.5518004899150712,5.7537178128603115,7.305518302775383
1154,1.5554517738463118,5.629613065556736,7.185064839403048
1155,1.5233855154849283,5.6782853984561985,7.201670913941127
1156,1.5043141797656259,5.72720058084693,7.231514760612557
1157,1.5089405968133618,5.487764399777782,6.996704996591143
1158,1.5111209728514663,5.490123741770532,7.001244714621998
1159,1.5091043079305835,5.2651472840286,6.7742515919591835
1160,1.520936967495199,5.916769576168712,7.437706543663911
1161,1.5133928722670378,6.324778503090056,7.838171375357094
1162,1.5360541515185577,6.121770745221214,7.657824896739772
1163,1.593763217975826,5.349401797982023,6.943165015957849
1164,1.5573530105923998,5.563930416332681,7.121283426925081
1165,1.5383252585948621,5.581637872950728,7.119963131545591
1166,1.5219861974617732,5.6131540083090785,7.135140205770852
1167,1.5185682074846962,5.498356858279388,7.0169250657640845
1168,1.5119493767885466,5.703951799785079,7.215901176573626
1169,1.4901082315432008,5.568059226747195,7.058167458290396
1170,1.5051043569657132,5.452478022664533,6.957582379630246
1171,1.505749199126745,5.382344050921658,6.888093250048403
1172,1.51244116303301,5.350759681034139,6.8632008440671495
1173,1.5167872225220462,5.2849199770762425,6.8017071995982885
1174,1.5078381069473459,5.353841272181747,6.861679379129093
1175,1.498318404442962,5.732869564286412,7.231187968729374
1176,1.4874549443110485,5.874552499488906,7.362007443799954
1177,1.4753719552329592,6.198185295401659,7.673557250634619
1178,1.4716302533936674,6.290284195248081,7.761914448641748
1179,1.5058801561067068,6.280495785381937,7.786375941488644
1180,1.5360950941897598,5.671099576958857,7.207194671148616
1181,1.5502785386503177,5.499992227539475,7.050270766189793
1182,1.5241078517511712,5.464911111270107,6.9890189630212785
1183,1.5174291967782947,5.336507756529303,6.853936953307598
1184,1.5132985747269958,5.358246096919191,6.871544671646187
1185,1.5145752722249524,5.30294002654333,6.817515298768282
1186,1.5077950680477696,5.605945043243424,7.113740111291194
1187,1.4734747742788263,6.297730442777827,7.771205217056654
1188,1.4722763236880296,6.451928706717849,7.924205030405879
1189,1.5168195324079163,5.891199326063873,7.40801885847179
1190,1.5483500279367455,5.517224382902624,7.065574410839369
1191,1.5679553015946897,5.254030959056552,6.821986260651242
1192,1.5451725454483902,5.487389851660305,7.032562397108696
1193,1.525438302472174,5.321038461177093,6.8464767636492665
1194,1.5210877697952654,5.366626251192721,6.887714020987986
1195,1.5273848391291385,5.274487956384161,6.801872795513299
1196,1.5351252609066903,5.204773583132132,6.739898844038823
1197,1.5365623709542149,5.235566407828497,6.772128778782712
1198,1.5472135565241882,5.159239716935693,6.706453273459882
1199,1.5269272681739268,5.158466730763038,6.685393998936965
1200,1.4998648070411944,5.294161774106862,6.7940265811480565
1201,1.4941050855390738,5.370146548489572,6.864251634028646
1202,1.4948223334111717,5.45127436528839,6.946096698699562
1203,1.488017834419489,5.501958742071708,6.989976576491197
1204,1.4966494153634116,5.508558145341831,7.005207560705243
1205,1.5079468868183517,5.458267259648424,6.9662141464667755
1206,1.528600698326751,5.442949210525296,6.971549908852047
1207,1.532461555410806,5.278647424117021,6.811108979527827
1208,1.5317291281155843,5.191658208681315,6.7233873367968995
1209,1.5451943389576197,5.204992414399753,6.750186753357372
1210,1.5596846550921017,5.247847592407655,6.807532247499756
1211,1.5085207536581844,5.1629798636366635,6.671500617294848
1212,1.4939276796684342,5.471959877178929,6.965887556847363
1213,1.4918657331267586,5.548207732114609,7.040073465241367
1214,1.5047637114310841,5.411116996596188,6.915880708027272
1215,1.5150232880986922,5.368491877344508,6.8835151654432
1216,1.5294825657372824,5.340367535659274,6.8698501013965565
1217,1.540063217243146,5.1906086007590995,6.730671818002246
1218,1.562232207894474,5.0541972355474245,6.616429443441898
1219,1.595839461588261,5.262532986135017,6.858372447723278
1220,1.58575339689598,5.130947120981716,6.716700517877696
1221,1.582853612457152,5.096548008809719,6.67940162126687
1222,1.5786434078834688,5.016525105057857,6.595168512941326
1223,1.5484005185464216,4.885413181663853,6.433813700210274
1224,1.5157690304807092,5.045399852462946,6.561168882943655
1225,1.5089612822640208,5.085363194187854,6.594324476451876
1226,1.508824249783092,5.224856182680428,6.73368043246352
1227,1.5019262966714357,5.147981243696524,6.64990754036796
1228,1.5121957886129083,5.218220617118233,6.730416405731141
1229,1.5163032247252135,5.206785847281479,6.723089072006692
1230,1.542725049638574,5.198534303113366,6.74125935275194
1231,1.5472010533523588,5.10172829919292,6.648929352545279
1232,1.5699887519680826,5.097138574905201,6.667127326873284
1233,1.5915723128604538,5.176480731067831,6.768053043928285
1234,1.6036201628125435,5.176902879886305,6.7805230426988485
1235,1.5340499705144583,5.011814843265412,6.545864813779871
1236,1.5111407190266155,5.2094407118711645,6.72058143089778
1237,1.5067287967225598,5.241088473578139,6.747817270300699
1238,1.5236285270009586,5.185179518015001,6.70880804501596
1239,1.5394187973428253,5.158848395619428,6.698267192962253
1240,1.5390294542982244,5.093820699840464,6.632850154138688
1241,1.5595547679541575,5.070791350249927,6.630346118204084
1242,1.5684773474270937,5.00761354386204,6.576090891289134
1243,1.66839205179818,5.101572121502929,6.7699641733011084
1244,1.6600672489590214,5.0348560247546255,6.694923273713647
1245,1.647911099173882,4.919040008870197,6.566951108044079
1246,1.5958776020165995,4.839893962771464,6.435771564788064
1247,1.5532554735757071,4.961806709910267,6.515062183485973
1248,1.5352879997691518,4.983286282394404,6.518574282163556
1249,1.5320552061147519,5.0380987035453435,6.570153909660095
1250,1.534758436294758,5.082904958931426,6.617663395226184
1251,1.542232263184464,5.1354316045352535,6.677663867719717
1252,1.5427821253692249,5.131360676137622,6.674142801506847
1253,1.5692429118079885,5.095169514258353,6.664412426066341
1254,1.5736638178508444,5.032649289327484,6.6063131071783285
1255,1.598336201632729,5.005855374769675,6.604191576402404
1256,1.6526330445326445,5.108600171177962,6.761233215710606
1257,1.6733166067523855,5.082736552729193,6.756053159481578
1258,1.5783001614932572,4.948479336821432,6.526779498314689
1259,1.5391669997293884,5.100523360135965,6.639690359865353
1260,1.52544665518465,5.100770647768383,6.626217302953033
1261,1.5423624543252727,5.071330105765943,6.613692560091216
1262,1.556193889389126,5.021765116934749,6.5779590063238755
1263,1.567699546115217,4.979320108784094,6.547019654899311
1264,1.598024624893316,5.008750088098412,6.6067747129917285
1265,1.6021283178105348,4.924690730689348,6.526819048499883
1266,1.7035705990742942,5.02320897689828,6.726779575972574
1267,1.6861565131028484,4.924318596536462,6.610475109639311
1268,1.635899391491943,4.82313547212592,6.459034863617863
1269,1.5739141638164162,4.865022822699287,6.438936986515703
1270,1.5538567123484335,4.872447294745411,6.426304007093845
1271,1.5518853578394713,4.941857932064256,6.493743289903727
1272,1.5681936477870386,4.998281764475143,6.566475412262182
1273,1.562442489116882,5.056474838877615,6.618917327994497
1274,1.5486876094711104,5.011934285985502,6.560621895456612
1275,1.5778430424319554,4.992969981332247,6.570813023764202
1276,1.5731638024745194,4.916411251951537,6.489575054426057
1277,1.611372446573605,4.927850235110336,6.539222681683941
1278,1.664960519091776,4.986294566897593,6.651255085989369
1279,1.6858309998765186,4.995462367929125,6.681293367805644
1280,1.5996180769250656,4.869901589121063,6.4695196660461285
1281,1.5685191636956035,4.992369973654338,6.560889137349941
1282,1.540030750617684,5.031717428526418,6.571748179144103
1283,1.547370865052664,4.986485166945986,6.53385603199865
1284,1.5691706490271522,4.925560234776889,6.494730883804042
1285,1.5826988409545693,4.898861626212114,6.481560467166684
1286,1.618367831923992,4.916086127751905,6.534453959675897
1287,1.6380434645945834,4.885758403767996,6.523801868362579
1288,1.7140837394348138,4.9247777476544625,6.638861487089276
1289,1.6531525899780675,4.768686720167621,6.421839310145689
1290,1.578796166921835,4.75598668717883,6.334782854100665
1291,1.5636938755335468,4.768643056788731,6.332336932322278
1292,1.5653010091584305,4.839271495381801,6.404572504540231
1293,1.5810816998576067,4.89216514382914,6.473246843686747
1294,1.5711788895362806,4.930615223861068,6.501794113397349
1295,1.5624919204086944,4.9113517266939315,6.473843647102626
1296,1.5782393619665047,4.8818677425628145,6.460107104529319
1297,1.5785888522679787,4.846983238654481,6.42557209092246
1298,1.6143982095643166,4.8633026572303875,6.477700866794704
1299,1.6600135793402122,4.893511157493647,6.553524736833859
1300,1.6886616522879572,4.905703933988296,6.594365586276254
1301,1.6104582804856602,4.784277795121157,6.394736075606817
1302,1.5760219988024333,4.869907377749776,6.445929376552209
1303,1.5476040874488681,4.888458508021827,6.436062595470696
1304,1.555249081305909,4.876147596710479,6.431396678016387
1305,1.580640727443246,4.86588097150391,6.446521698947156
1306,1.601048791303299,4.841965842969584,6.443014634272883
1307,1.615183756175964,4.797745359435584,6.412929115611549
1308,1.6382879383415672,4.801069324085273,6.4393572624268405
1309,1.6549658877490048,4.696495008888429,6.351460896637434
1310,1.606293123672593,4.74465777210879,6.350950895781383
1311,1.5872061222194753,4.743612473855322,6.330818596074797
1312,1.5849866714408398,4.8007655186350355,6.385752190075875
1313,1.5877572855709152,4.823782461330568,6.411539746901483
1314,1.5904575469233395,4.839672232178322,6.430129779101661
1315,1.5655441177447722,4.8504256798020915,6.415969797546864
1316,1.5725475584149609,4.850179140906536,6.422726699321497
1317,1.5804152626090442,4.796621305444985,6.377036568054029
1318,1.6139765580532086,4.809323009514587,6.4232995675677955
1319,1.652750882522957,4.807738607537582,6.460489490060539
1320,1.676676091233943,4.814606384795085,6.491282476029028
1321,1.6243521339451974,4.726475711451494,6.350827845396691
1322,1.5856675181406314,4.790204954447953,6.3758724725885845
1323,1.5630386938421348,4.8197114050083245,6.382750098850459
1324,1.5691406983254004,4.8065466433866515,6.375687341712052
1325,1.5922800577329415,4.804735011556897,6.397015069289838
1326,1.6174892256994529,4.7804037750571915,6.397893000756644
1327,1.61899143625065,4.74393616405811,6.36292760030876
1328,1.6319559351594861,4.726355565597326,6.3583115007568125
1329,1.675470085183191,4.972796882161996,6.648266967345187
1330,1.65148709013723,4.962422258249061,6.613909348386292
1331,1.6491781477079783,5.022702601745319,6.6718807494532975
1332,1.6336925716900539,5.026411600346423,6.660104172036476
1333,1.5785378689192662,5.108916176763591,6.687454045682857
1334,1.540650061988636,5.098655049477776,6.6393051114664114
1335,1.5382533506271976,5.025849912353733,6.564103262980931
1336,1.5612763198222928,4.892893773252892,6.454170093075184
1337,1.5803703003285685,4.821786590441443,6.402156890770011
1338,1.62668802398385,4.791005906899063,6.417693930882913
1339,1.6375529340560706,4.744299798283993,6.3818527323400644
1340,1.7069071368238278,4.9929265575733,6.699833694397128
1341,1.6585245664698953,5.033476286007472,6.692000852477367
1342,1.6125435044829683,5.13567399334093,6.748217497823898
1343,1.5645830300081884,4.970802273244932,6.535385303253121
1344,1.562854552582321,4.957700173888674,6.520554726470995
1345,1.585419300326853,4.839299008016119,6.424718308342972
1346,1.5946510604400665,4.80071194855576,6.395363008995826
1347,1.6319499352165134,4.782681624057591,6.414631559274104
1348,1.6799252990501905,5.151522314471862,6.8314476135220525
1349,1.6429585730661191,5.204988922301375,6.847947495367494
1350,1.5853903134369418,5.194247288320806,6.779637601757748
1351,1.5529087060335158,5.400124504626432,6.953033210659948
1352,1.5170232177618506,5.514684959059591,7.031708176821441
1353,1.5214528502318228,5.2462767240623265,6.767729574294149
1354,1.543839711972817,5.07361493652268,6.617454648495497
1355,1.5567735741225404,4.922302586406581,6.479076160529122
1356,1.5715413304823056,4.880293431270124,6.451834761752429
1357,1.5754472084697004,4.794283012963222,6.369730221432922
1358,1.7232413389805261,5.162865518801921,6.886106857782447
1359,1.6195618263249696,5.320552704066281,6.94011453039125
1360,1.5784591050437757,5.436374234516316,7.014833339560092
1361,1.5452164865543088,5.365943946411212,6.911160432965521
1362,1.5534922489199539,5.311421423691022,6.864913672610976
1363,1.5566186251552314,5.085906625045562,6.6425252502007925
1364,1.559713439275458,4.934284006686223,6.493997445961681
1365,1.5694070844493822,4.828395972661072,6.397803057110455
1366,1.6557364205495257,5.272446828270567,6.928183248820093
1367,1.5775332901901626,5.2329720706322185,6.810505360822381
1368,1.5424802905199646,5.504108570731153,7.046588861251117
1369,1.5139711955116764,5.65295631618127,7.166927511692947
1370,1.5050989405515818,5.377460297438813,6.882559237990395
1371,1.518896938902728,5.12016288431197,6.639059823214698
1372,1.5383702255446068,4.967431427218951,6.505801652763558
1373,1.5528296559879793,4.896059625613671,6.448889281601651
1374,1.5613357854586907,4.81840560907459,6.379741394533281
1375,1.6771592866867298,5.1152578999405485,6.7924171866272784
1376,1.6062275737746154,5.554721660845456,7.160949234620071
1377,1.5592818333546856,5.608248560870222,7.167530394224908
1378,1.5363855282477559,5.486137640594133,7.0225231688418885
1379,1.5277012729669375,5.39024953951594,6.917950812482878
1380,1.5270563590169017,5.172889092301232,6.699945451318134
1381,1.5374580603583938,4.975301221483167,6.512759281841561
1382,1.5538764566163592,4.848753040798508,6.402629497414868
1383,1.6071236390034969,5.415259954622797,7.0223835936262935
1384,1.550052711935007,5.658941811910337,7.208994523845344
1385,1.5113077995428934,5.9672127745090275,7.478520574051921
1386,1.4969300158602015,5.502401795245359,6.999331811105561
1387,1.509434253327916,5.213850568352065,6.7232848216799805
1388,1.5435569544748002,5.028050353289189,6.57160730776399
1389,1.5516336004991154,5.008163566009463,6.559797166508578
1390,1.5568108659013642,4.870815375347019,6.427626241248383
1391,1.655524312118974,5.173425982520394,6.828950294639368
1392,1.6182135224938647,5.578480113597862,7.196693636091727
1393,1.5548552487297973,6.522455159101511,8.077310407831309
1394,1.5297239226571808,5.937202707359143,7.4669266300163235
1395,1.5191802679005704,5.588230661157725,7.107410929058296
1396,1.5177335285463924,5.293861352040736,6.811594880587128
1397,1.5272087826454386,5.075325406867622,6.60253418951306
1398,1.5568435325817842,4.958177206910404,6.515020739492188
1399,1.574847857269159,5.667888650198785,7.242736507467944
1400,1.5241248661954305,5.8615319162041075,7.385656782399538
1401,1.496530491457588,5.688728121497274,7.185258612954862
1402,1.5100038861553184,5.265784965526758,6.775788851682076
1403,1.5352581123828852,5.033486830614443,6.568744942997328
1404,1.5710854512478587,5.0073950472175515,6.57848049846541
1405,1.564122216965795,4.9145668275474055,6.4786890445132
1406,1.6081132830284428,5.178267472244836,6.786380755273279
1407,1.6386000837902397,5.3269215925080475,6.9655216762982874
1408,1.5713260741695458,5.997256080274417,7.568582154443963
1409,1.5222715857393598,6.6987910665747075,8.221062652314068
1410,1.522347417313474,5.74212162519174,7.264469042505214
1411,1.5212006346661644,5.3625691414347765,6.883769776100941
1412,1.5310652079676514,5.164611593935129,6.695676801902781
1413,1.5750382537821326,5.033937675998458,6.60897592978059
1414,1.568830410106659,5.542530328715303,7.111360738821962
1415,1.5261144190760534,5.490625011416663,7.016739430492716
1416,1.519455781573945,5.261193656486142,6.780649438060087
1417,1.5321560991961223,5.108626734580055,6.640782833776177
1418,1.5416872001885653,5.119732939414242,6.661420139602807
1419,1.5444347759624202,4.995808711088239,6.54024348705066
1420,1.5704486264979076,5.303486818046044,6.873935444543951
1421,1.5750746302797205,5.618514344288286,7.193588974568007
1422,1.5974674473157997,5.594431754306624,7.191899201622424
1423,1.5784567294516818,5.592621029308098,7.171077758759779
1424,1.5554542602952586,6.035649472581494,7.5911037328767526
1425,1.5444498479076736,5.346267215382813,6.890717063290486
1426,1.5377757498184415,5.177892919693076,6.715668669511517
1427,1.5579029702199139,5.09790386904859,6.655806839268504
1428,1.5602964284451615,5.295684288712647,6.855980717157808
1429,1.5384704293744147,5.200451544427314,6.7389219738017285
1430,1.5283485087130737,5.082952826158615,6.611301334871689
1431,1.5375366029556077,5.095997293594683,6.633533896550291
1432,1.5347120835984416,5.001319953836288,6.53603203743473
1433,1.5272311532764826,5.426371949598289,6.953603102874772
1434,1.5142861929614206,6.293716519240422,7.8080027122018425
1435,1.5346230052683025,5.952688562760807,7.48731156802911
1436,1.5773929095976227,5.349149355452622,6.926542265050244
1437,1.5931935014643284,5.247932258828613,6.841125760292941
1438,1.5800720777988753,5.227894636386855,6.8079667141857305
1439,1.5535865150165156,5.1478049488677815,6.701391463884297
1440,1.5478705136539108,5.0031929044614465,6.5510634181153575
1441,1.5540446475928331,5.192471514752623,6.746516162345456
1442,1.5380482020645303,5.053683664215988,6.591731866280519
1443,1.5398848276833013,5.0222131911445755,6.562098018827877
1444,1.5433242668901326,4.986152043936853,6.529476310826985
1445,1.5335076002967891,5.180539388196156,6.714046988492945
1446,1.4967019044216858,5.765521291175288,7.262223195596974
1447,1.4953876684793084,5.766812501638842,7.262200170118151
1448,1.5358149224868247,5.459590371602308,6.995405294089133
1449,1.5692256994977112,5.2178544451972,6.787080144694912
1450,1.5840686800211687,5.181193024973002,6.76526170499417
1451,1.5657927203192785,5.076018952703586,6.641811673022865
1452,1.5581961287462687,4.996874537608324,6.555070666354593
1453,1.5767948212608907,5.043160942495357,6.619955763756248
1454,1.5631569033638746,4.989540724610927,6.552697627974801
1455,1.5652669852531438,4.945926406142818,6.511193391395961
1456,1.5623662850527558,5.040709807805161,6.603076092857917
1457,1.5096040376082953,5.284141119170462,6.7937451567787575
1458,1.501872480360246,5.32552803447419,6.827400514834435
1459,1.5274123979116023,5.193343247261898,6.7207556451735
1460,1.5544132851579868,5.129934518014134,6.6843478031721215
1461,1.567491674045917,5.097075095924151,6.664566769970068
1462,1.5840295270840499,5.054268327263219,6.638297854347268
1463,1.5708671854658875,4.946446311873325,6.517313497339213
1464,1.614114594353146,4.971281924415002,6.585396518768148
1465,1.60159749045287,4.9042105189692355,6.505808009422106
1466,1.5769342595794078,4.920671498679905,6.497605758259313
1467,1.539906387871865,5.081069826620699,6.620976214492565
1468,1.5357519463848748,5.176330190778017,6.712082137162891
1469,1.5456820017276567,5.05491852746643,6.600600529194087
1470,1.560756065363305,5.002334926537429,6.563090991900735
1471,1.5816577804004364,4.983801846954917,6.565459627355353
1472,1.5969263241871399,4.940648593156859,6.537574917343999
1473,1.6025059930681151,4.884026806347177,6.486532799415292
1474,1.6766624919414252,4.986867906602921,6.663530398544346
1475,1.5923490614206133,4.847602729010909,6.439951790431522
1476,1.5746639767743076,4.999528819488286,6.574192796262594
1477,1.558628314356955,5.057684605096066,6.616312919453021
1478,1.5611175516892943,4.993737642590495,6.5548551942797895
1479,1.5750597073454953,4.934674391237233,6.509734098582729
1480,1.5905577749042705,4.912334395923178,6.502892170827449
1481,1.6109718389833756,4.87370932815591,6.484681167139286
1482,1.6374941400643026,4.870801465251426,6.508295605315729
1483,1.6030072463282594,4.793908037839756,6.396915284168015
1484,1.5786597706993037,4.914091985208879,6.492751755908182
1485,1.5502235290265483,4.928704985350493,6.478928514377042
1486,1.5590672973549717,4.900432140609633,6.459499437964604
1487,1.5724000482971838,4.872763702330757,6.445163750627941
1488,1.5928270170865322,4.85112230389861,6.443949320985142
1489,1.6214613031669354,4.838271027547631,6.459732330714566
1490,1.6378154784938845,4.820059157240879,6.457874635734763
1491,1.6549355426076853,5.20044652122871,6.855382063836395
1492,1.6118727371989368,5.321744069498418,6.933616806697355
1493,1.5616882291225611,5.2728409745683384,6.8345292036909
1494,1.566212231301879,5.160200631640494,6.726412862942373
1495,1.5835545462210159,5.02126033592082,6.604814882141836
1496,1.5888908962397947,4.914754653872098,6.503645550111893
1497,1.591229461672375,4.8035347326163755,6.394764194288751
1498,1.640788410504454,5.7356731513086245,7.376461561813079
1499,1.5536596988062215,5.683494415175135,7.237154113981356
1500,1.5235791173027677,5.658226263607648,7.181805380910415
1501,1.526671531025247,5.408774349878175,6.935445880903422
1502,1.5349277873665954,5.098486491631576,6.633414278998171
1503,1.581191292255094,4.94441895367368,6.525610245928775
1504,1.5885922449201302,5.641051354731204,7.229643599651334
1505,1.5431738591511541,5.69291951736193,7.236093376513084
1506,1.5238356604377883,5.402519956702961,6.926355617140749
1507,1.52837714362026,5.158440690053905,6.686817833674166
1508,1.5627953849112655,5.075197421010526,6.637992805921792
1509,1.600318926392895,5.313465968170882,6.913784894563777
1510,1.5680250178599826,5.230267967538344,6.7982929853983265
1511,1.5480430096795177,5.057753409723602,6.605796419403119
1512,1.5577308219903574,4.962584509779558,6.520315331769915
1513,1.616377636035916,5.1763078887521035,6.79268552478802
1514,1.580053488128866,5.0179496367405605,6.598003124869426
1515,1.5741785533979613,4.90922474012792,6.483403293525881
1516,1.6086453209515705,4.986440337125773,6.595085658077343
1517,1.5890264365151918,4.877480813119265,6.466507249634456
1518,1.6172539895403255,4.886377330959463,6.503631320499789
