0,1.4885254231928127,10.175593896855952,11.664119320048766
1,1.4244444501016502,11.755546526007615,13.179990976109265
2,1.3866317867870803,12.520898585323017,13.907530372110099
3,1.3202533046668483,11.64641117826297,12.966664482929819
4,1.4055327049806368,10.823922925482705,12.229455630463342
5,1.395093583445052,10.970544208039678,12.36563779148473
6,1.4973270898459732,9.143405695704079,10.640732785550052
7,1.51594256833387,8.850708484029752,10.366651052363622
8,1.5938851029702672,8.434580595863094,10.028465698833362
9,1.5178483467475063,8.695292040248681,10.213140386996187
10,1.6330662897220822,8.39141180892001,10.024478098642092
11,1.6135498430468065,8.557694671354218,10.171244514401025
12,1.588650682187048,8.706026557440193,10.29467723962724
13,1.5561404082745813,9.39073272332654,10.946873131601121
14,1.5155146728511162,9.938043986235154,11.453558659086271
15,1.4261451499641442,11.85612052188854,13.282265671852684
16,1.3904554869249506,11.580767779029184,12.971223265954135
17,1.3675661478261252,10.315274113837013,11.682840261663138
18,1.373376252315472,9.88595671016014,11.259332962475613
19,1.3424644222950055,10.209271065568014,11.55173548786302
20,1.4520705994132332,9.277290295309964,10.729360894723197
21,1.5248179698691613,9.177743666311475,10.702561636180636
22,1.5423680239751147,8.81492769644468,10.357295720419796
23,1.5785227109221396,9.331610591473199,10.910133302395339
24,1.5489862955097775,9.817764924952453,11.36675122046223
25,1.4975902351633,10.806201193643378,12.303791428806678
26,1.449577545859269,11.365007808275735,12.814585354135003
27,1.4147459545476413,11.703090180121993,13.117836134669634
28,1.4149603451549189,9.982381618195326,11.397341963350245
29,1.4065114483436685,9.45538256878406,10.861894017127728
30,1.409470457783955,9.124318492435233,10.533788950219188
31,1.3629055235105807,9.295683420998742,10.658588944509322
32,1.5472740307037756,10.727166891004885,12.27444092170866
33,1.5050446791038319,11.21028106836069,12.715325747464522
34,1.467901339679701,11.519224362659758,12.987125702339458
35,1.4424931527712985,11.71767659406195,13.16016974683325
36,1.4173993102892275,11.810852553691836,13.228251863981063
37,1.409213680513734,11.6549409512649,13.064154631778633
38,1.4750421760407362,7.517418983570969,8.992461159611706
39,1.4374700945672119,8.226569518290875,9.664039612858087
40,1.3760682526109367,8.471611283165743,9.84767953577668
41,1.3314809619156678,8.36366469038246,9.695145652298129
42,1.3764565910755753,7.860292182428879,9.236748773504456
43,1.4018883605637593,7.466303798043165,8.868192158606924
44,1.4551536517875419,6.972929334496814,8.428082986284355
45,1.5828535105989732,6.628636355634439,8.211489866233412
46,1.5187909648857156,6.614437917599707,8.133228882485422
47,1.534065337903615,6.392930542473123,7.926995880376738
48,1.618949807084396,6.473579092385347,8.092528899469743
49,1.6021187214371295,6.593179618960311,8.19529834039744
50,1.5810975827302969,6.656716594440813,8.23781417717111
51,1.5516890213513386,6.89441369543209,8.446102716783429
52,1.514966061027845,7.221360396408954,8.7363264574368
53,1.3939745546687083,7.926545177960831,9.320519732629538
54,1.4049927757320264,8.163192346740937,9.568185122472963
55,1.3978502625754368,7.650902756859389,9.048753019434825
56,1.3307037904077264,7.119920641509113,8.45062443191684
57,1.366900500236036,6.997463432483997,8.364363932720032
58,1.3820385898266396,6.980552490356801,8.36259108018344
59,1.4935554614209907,6.583942215867867,8.077497677288857
60,1.5303478838311697,6.599000009574772,8.129347893405942
61,1.559511942195891,6.8084737238612245,8.367985666057116
62,1.5291778487534438,7.0716153549304375,8.600793203683882
63,1.4866086280507074,7.4391367504291575,8.925745378479865
64,1.4435671747939522,7.608854988379928,9.05242216317388
65,1.4149681767926308,7.848601645580654,9.263569822373285
66,1.3797141333559937,7.220867569071114,8.600581702427107
67,1.4038981318493104,6.898804885662123,8.302703017511433
68,1.3868120453645107,6.702123513760486,8.088935559124996
69,1.3738280461481513,6.609591982152525,7.983420028300676
70,1.5290155447886675,7.307627952747039,8.836643497535706
71,1.4883257581538314,7.493900268563914,8.982226026717745
72,1.4572875739197575,7.637341586183355,9.094629160103112
73,1.432596284923813,7.746209532174147,9.17880581709796
74,1.4050590622522754,7.748125123355126,9.153184185607401
75,1.3836793621874337,7.576986457006399,8.960665819193832
76,1.4895903818801755,6.550941556801365,8.040531938681541
77,1.4387335896475286,6.992074259596752,8.43080784924428
78,1.385226168924057,7.027184402794186,8.412410571718242
79,1.359705086163356,7.199663584501433,8.559368670664789
80,1.3908578190611431,6.6976915680517335,8.088549387112877
81,1.4347250195042933,6.395080466321349,7.829805485825642
82,1.4718733575432978,6.030518827978205,7.5023921855215026
83,1.5378539568038991,5.9246428752299884,7.462496832033888
84,1.5475853048134807,5.757405864086274,7.304991168899755
85,1.561858917803014,5.639422923196219,7.201281840999233
86,1.6119599542928467,5.705122252649621,7.317082206942468
87,1.6021544472830433,5.786959474446272,7.389113921729315
88,1.5813225175402572,5.821728642705283,7.40305116024554
89,1.5587547850759593,6.007830746959764,7.566585532035723
90,1.531430417017829,6.32731525358297,7.858745670600799
91,1.4091913753852845,6.650288234395219,8.059479609780503
92,1.4087410079178504,6.916144690765395,8.324885698683246
93,1.3619235402640926,6.4497679240974986,7.811691464361591
94,1.3707423381231387,6.098082502833876,7.468824840957014
95,1.4173125818821182,5.997070028277374,7.4143826101594925
96,1.415940828807981,5.803983280731181,7.219924109539162
97,1.468946114770021,5.737176911816503,7.206123026586524
98,1.561587080376069,5.753838664348316,7.315425744724385
99,1.5608047304430095,5.875884631223737,7.436689361666747
100,1.5379479794195121,6.062061637136196,7.600009616555708
101,1.510822949425331,6.350144998135972,7.860967947561303
102,1.4740833151365018,6.4692465650483,7.943329880184802
103,1.4328627527601157,6.563522442916726,7.996385195676842
104,1.395523606609484,6.243822550057618,7.639346156667102
105,1.4307260910547364,6.111441586846678,7.542167677901414
106,1.4003595367646542,5.836711248372163,7.237070785136817
107,1.4044509316323117,5.72618869455354,7.130639626185851
108,1.531835331391529,6.167182146727788,7.699017478119316
109,1.501342249620896,6.308971634547199,7.810313884168095
110,1.482320945779094,6.405990003776444,7.888310949555538
111,1.452055114272727,6.4764319797146985,7.9284870939874255
112,1.4239209566477766,6.476524640617827,7.900445597265604
113,1.4011849851042384,6.418169780634002,7.81935476573824
114,1.498448557563168,5.965093798329869,7.463542355893037
115,1.445190893582428,6.248823380224635,7.6940142738070625
116,1.412273799361238,6.3806406240192555,7.792914423380493
117,1.4013065966888045,6.801897905944551,8.203204502633355
118,1.4480195744849993,6.162381836859415,7.610401411344415
119,1.466563571453264,5.85746719940964,7.324030770862904
120,1.5141382062974464,5.6081607707090635,7.12229897700651
121,1.5825964893848241,5.585438068651278,7.168034558036102
122,1.5954780405702493,5.416171204887918,7.011649245458167
123,1.6031620039986372,5.238024920886469,6.841186924885106
124,1.6508914535768635,5.3288539879206756,6.979745441497539
125,1.6309485830604347,5.38932912222335,7.020277705283784
126,1.6149989749585818,5.486979586518562,7.101978561477145
127,1.5911443705905026,5.6088803521011865,7.200024722691689
128,1.5475480561970607,5.759186681481224,7.306734737678285
129,1.4249538666376214,5.934572500773483,7.359526367411105
130,1.3977083837308184,6.0970482349834905,7.494756618714309
131,1.395565125035626,5.9637651049862965,7.359330230021922
132,1.4165688287213243,5.6019242347497995,7.018493063471124
133,1.4834215131313244,5.523492101418856,7.0069136145501805
134,1.467385356770808,5.377815363708114,6.845200720478922
135,1.505670161142368,5.326946870295876,6.832617031438244
136,1.571100074047114,5.332732879540269,6.903832953587383
137,1.5978591634170551,5.505217810477682,7.103076973894737
138,1.5582854996602322,5.505470042521003,7.063755542181235
139,1.5277103607497793,5.671157614466178,7.198867975215958
140,1.4766065129358001,5.787622750935701,7.264229263871501
141,1.4597981933677158,5.907685583334594,7.36748377670231
142,1.4337082973293183,5.7450391394201885,7.178747436749507
143,1.4401980617235342,5.593862791584739,7.034060853308273
144,1.4437795980881136,5.412894897738527,6.85667449582664
145,1.4503659475428825,5.240405783596994,6.690771731139877
146,1.5487642199253715,5.5470964261966795,7.095860646122051
147,1.5211567564742645,5.625007033340084,7.146163789814349
148,1.5056937772341847,5.701659141485312,7.207352918719496
149,1.4699752906197505,5.743930730417904,7.213906021037654
150,1.4448134553354002,5.725185033076807,7.169998488412207
151,1.4228187889414952,5.793362565327681,7.216181354269176
152,1.5030884743074304,5.642640598439746,7.1457290727471765
153,1.463574607238727,5.850761152486244,7.314335759724972
154,1.4364916009125628,6.007962219806992,7.444453820719555
155,1.4471346786300394,6.299859764280296,7.746994442910335
156,1.4873187184220478,5.792006762106073,7.2793254805281205
157,1.5112233667539878,5.473468349986096,6.984691716740084
158,1.5258419499865297,5.293768014321697,6.819609964308226
159,1.6365720108162785,5.337904431142462,6.974476441958741
160,1.6746431221981215,5.251409554054492,6.926052676252613
161,1.6767861699268263,5.127183842484517,6.803970012411344
162,1.7279584330284175,5.169159808286621,6.897118241315039
163,1.7097036612337504,5.2297660752334005,6.939469736467151
164,1.6909294330269713,5.310359245148408,7.00128867817538
165,1.646697859459491,5.40861357219724,7.0553114316567305
166,1.5838488533358805,5.494931787394412,7.078780640730293
167,1.4359312116993044,5.515604596056817,6.951535807756121
168,1.4133111761167878,5.7744170709289495,7.1877282470457375
169,1.420254666840263,5.727791904426813,7.148046571267076
170,1.4798493845175433,5.354581398369444,6.834430782886987
171,1.5175896485839746,5.197913300722513,6.715502949306488
172,1.5228778922602197,5.11755601076886,6.64043390302908
173,1.5591650518204074,5.076531592891266,6.635696644711674
174,1.6205679226187735,5.077160321846434,6.697728244465208
175,1.6498081148239807,5.198926567383535,6.848734682207516
176,1.6057611025851126,5.249644318164371,6.855405420749484
177,1.5645189147423597,5.379464665137785,6.943983579880145
178,1.5223362300752108,5.488393083577943,7.010729313653154
179,1.4829310893170933,5.54755824072393,7.030489330041023
180,1.447208152733633,5.425653374637572,6.872861527371205
181,1.4906118670951658,5.284249213858979,6.774861080954145
182,1.4750943545168402,5.090403758404687,6.565498112921527
183,1.5135707688046733,5.048444852046363,6.562015620851037
184,1.5977123984352979,5.191641903524989,6.789354301960286
185,1.56569983513567,5.277986079722265,6.843685914857934
186,1.561005063587901,5.345739376217996,6.906744439805897
187,1.5100723277045174,5.371968404529496,6.882040732234014
188,1.4849068885706989,5.383101453016732,6.86800834158743
189,1.4604358193148679,5.455489288423259,6.9159251077381265
190,1.5312020436258433,5.469762228954866,7.00096427258071
191,1.4943373445016788,5.727119584999816,7.221456929501494
192,1.469256543269284,5.737370957998551,7.206627501267835
193,1.4444919969747227,6.10300485143212,7.547496848406842
194,1.4939682274295176,5.710340891366313,7.20430911879583
195,1.5299476894374777,5.313340141687864,6.843287831125342
196,1.5631315593221944,5.200417701586352,6.763549260908547
197,1.6400592645906047,5.168467994144519,6.808527258735124
198,1.7164091196811186,5.14089576996259,6.857304889643709
199,1.7896628346725902,5.104322653703487,6.893985488376077
200,1.834444023191243,5.140116625084239,6.9745606482754825
201,1.81679834669961,5.218362758115972,7.0351611048155815
202,1.7632848642336008,5.246706490801467,7.009991355035067
203,1.6755627055624696,5.240714080448803,6.916276786011272
204,1.5949646247736815,5.2861498397788305,6.881114464552512
205,1.4665129861950856,5.3102716890303725,6.776784675225458
206,1.4219245734927577,5.616608777432248,7.038533350925006
207,1.4413070018278957,5.512691994372186,6.953998996200081
208,1.5209204461750043,5.246892801543104,6.767813247718108
209,1.5780749373311855,5.105458149325254,6.683533086656439
210,1.5789424670490892,4.983368449482591,6.562310916531681
211,1.6359564113123655,4.96101937827055,6.596975789582916
212,1.6638059515789256,4.907871908930317,6.571677860509243
213,1.7344499748554663,5.1059737633773565,6.840423738232823
214,1.681636415970164,5.164338982995511,6.845975398965675
215,1.6574003294770125,5.32195706974982,6.979357399226833
216,1.587270021040929,5.293395197692214,6.880665218733143
217,1.5033108293295483,5.269222992884718,6.772533822214266
218,1.4751900996292087,5.262658228784257,6.737848328413466
219,1.5144602041374267,5.16917397619257,6.683634180329997
220,1.5320704706438895,4.960757204511897,6.4928276751557865
221,1.5534866105682226,4.8593421503085485,6.412828760876771
222,1.685784707519422,5.102421556428696,6.788206263948117
223,1.6639382332459494,5.177690996028538,6.841629229274488
224,1.6127476656333153,5.164706653207291,6.777454318840606
225,1.5683218085523745,5.1631777292923156,6.73149953784469
226,1.5261510497589983,5.217996541581754,6.744147591340752
227,1.4798737429978093,5.229783186589943,6.709656929587752
228,1.578171530212806,5.3076114762912665,6.885783006504073
229,1.5245717016598617,5.571860965046586,7.0964326667064475
230,1.512331859346726,5.6206677501228794,7.132999609469605
231,1.4769729402408713,6.307473075931558,7.78444601617243
232,1.529120807143183,5.542022570631291,7.071143377774474
233,1.55461473474861,5.229295456313718,6.783910191062327
234,1.5903657078800502,5.048344490138315,6.638710198018365
235,1.6615656702510775,5.032130628246084,6.693696298497161
236,1.7282573383544915,5.012625333034913,6.740882671389405
237,1.821833314453747,5.013710574319186,6.835543888772933
238,1.9125987828983377,5.138407695393901,7.051006478292239
239,1.8724248640762615,5.165579806092002,7.038004670168264
240,1.7839236869414794,5.136400299322908,6.920323986264387
241,1.7028012144406959,5.112274622790089,6.8150758372307845
242,1.6301331480130632,5.204372336027172,6.834505484040235
243,1.4845304662849297,5.16302459883228,6.64755506511721
244,1.4386153904835481,5.476334555456512,6.9149499459400605
245,1.4929214055211928,5.487675830516766,6.9805972360379585
246,1.556865883871547,5.212668699888188,6.769534583759735
247,1.6171768669173052,4.996918362860359,6.614095229777664
248,1.6120673178846745,4.855651648309698,6.467718966194373
249,1.6580691415723798,4.827462678199864,6.485531819772244
250,1.6997842868001354,4.807214333958651,6.506998620758786
251,1.8124347627171757,5.084682215093981,6.897116977811157
252,1.773050364036445,5.198124723438278,6.971175087474723
253,1.6762095695927555,5.1201494798085605,6.796359049401316
254,1.6037167709833053,5.139072981252612,6.742789752235917
255,1.5213713478454192,5.085962144891959,6.607333492737379
256,1.5105488632555744,5.12473759504934,6.635286458304915
257,1.5499121730695786,5.070704889836946,6.620617062906524
258,1.5770624120746861,4.890944066748051,6.468006478822737
259,1.5880161117507914,4.766724223528893,6.3547403352796845
260,1.7528746351367888,5.028210128564394,6.781084763701183
261,1.6958148803069566,5.044066057598105,6.7398809379050615
262,1.6444386674101674,5.039838923112787,6.684277590522954
263,1.608150041366535,5.028227654394907,6.636377695761443
264,1.5547933123499262,5.037978369149581,6.592771681499507
265,1.500882732874667,5.075200115928704,6.57608284880337
266,1.715905358154056,7.631845754995174,9.34775111314923
267,1.466043662329396,10.050343201989095,11.516386864318491
268,1.3674071927768638,8.88087149963912,10.248278692415983
269,1.3745210969741686,7.2834161559893875,8.657937252963556
270,1.3813271877254305,6.562946273347874,7.944273461073305
271,1.386724000383667,6.052170989569687,7.438894989953354
272,1.4300803382548555,5.804769005999743,7.234849344254599
273,1.464370825452126,5.576166616847402,7.040537442299528
274,1.4527702872196715,5.281566050406578,6.7343363376262495
275,1.666363569799186,5.65368554600719,7.320049115806376
276,1.6669673190097873,5.833929583015349,7.500896902025136
277,1.660887915072824,5.897965764601184,7.558853679674009
278,1.6814179497732964,6.187609509676075,7.869027459449371
279,1.729879972959508,6.60417851183673,8.334058484796238
280,1.534043288351085,8.677866559488754,10.21190984783984
281,1.401393602772961,8.240568400244639,9.6419620030176
282,1.371584192450587,7.272598147557164,8.64418234000775
283,1.3854424516967507,6.549859896528488,7.935302348225239
284,1.415925395691526,6.2709978327536655,7.686923228445192
285,1.4176424986145655,5.887330434668707,7.304972933283272
286,1.4259623131015564,5.639971495663705,7.065933808765261
287,1.487690497969751,5.506377655327336,6.994068153297087
288,1.7842569586005532,6.344823044403169,8.129080003003722
289,1.8293315012124158,6.099223042134133,7.928554543346548
290,1.7775353512891123,6.583874457073144,8.361409808362255
291,1.7333894889602812,6.885808125994717,8.619197614954999
292,1.6809560138673278,7.353162457961124,9.034118471828453
293,1.426114707712234,7.2227601318928905,8.648874839605124
294,1.4120937647748832,6.598645883854899,8.010739648629782
295,1.4025835212026831,6.145739680899785,7.548323202102468
296,1.4275378448900922,5.820260107806708,7.2477979526968
297,1.7730288567562507,6.4258003996776925,8.198829256433942
298,1.7517788970357318,6.7141331406542655,8.465912037689996
299,1.7236677107473293,7.029371684006158,8.753039394753486
300,1.6499839914137293,8.08197873119773,9.731962722611458
301,1.5262148517320722,8.122974929168167,9.64918978090024
302,1.4457741101662158,7.773435817269088,9.219209927435305
303,1.5352351003252611,15.682476331769479,17.217711432094738
304,1.3753507118163013,11.120408231748115,12.495758943564416
305,1.3823760993971115,8.52674841001408,9.90912450941119
306,1.3920945806577987,7.333103050987507,8.725197631645306
307,1.3901624093334466,6.586712192031754,7.976874601365201
308,1.4172522844207,6.123389302966839,7.5406415873875385
309,1.4232424548787619,5.834958775154398,7.25820123003316
310,1.4326929142523577,5.516757190421565,6.9494501046739225
311,1.6065179779967633,6.211265891100675,7.817783869097438
312,1.5897601607799325,6.384966794747325,7.974726955527258
313,1.5775051841599823,6.383631744511903,7.961136928671886
314,1.5944315593468923,6.655434979896553,8.249866539243445
315,1.6374439044436144,7.092587433629795,8.73003133807341
316,1.6792011644923086,12.222299251893958,13.901500416386266
317,1.4158581920977604,10.978618314419526,12.394476506517286
318,1.3655809781170896,8.36203615734362,9.72761713546071
319,1.3815524763464528,7.2693821277324595,8.650934604078913
320,1.4033179817173609,6.913194707730529,8.31651268944789
321,1.4203812395470563,6.482345384378835,7.902726623925892
322,1.436845440417446,6.1421117107868275,7.578957151204273
323,1.4553843390266492,5.934618160961978,7.390002499988627
324,1.706253491284296,6.38715138162252,8.093404872906815
325,1.7356202294651062,6.666897571588098,8.402517801053204
326,1.782360911955123,7.058577764403006,8.84093867635813
327,1.8588382985728371,7.01291339446642,8.871751693039258
328,1.8058464951464082,8.009360311183267,9.815206806329675
329,1.4108779445227364,8.592994232785589,10.003872177308326
330,1.415994913671784,7.567779258207262,8.983774171879045
331,1.4054247081370776,6.74899371986083,8.154418427997907
332,1.4138764899891674,6.518016080217372,7.931892570206539
333,1.79635316417718,6.773719460626223,8.570072624803403
334,1.8395796766707928,6.663363945076976,8.502943621747768
335,1.8251551249087976,7.573047424101759,9.398202549010556
336,1.8010156906701553,8.342153209541612,10.143168900211768
337,1.6388849633711404,11.795172297821608,13.434057261192748
338,1.4662666386209182,10.21256812480399,11.67883476342491
339,1.398349646579664,14.54948566947255,15.947835316052213
340,1.381278150913015,10.07746189301064,11.458740043923655
341,1.3914380055580893,8.034599124873655,9.426037130431745
342,1.4056796002747165,6.941692915376757,8.347372515651474
343,1.4111959597127868,6.2468866292440035,7.65808258895679
344,1.4238834868146064,5.9868970532991765,7.410780540113783
345,1.440465477757512,5.7907520614572885,7.231217539214801
346,1.5116048577157069,6.27195613380018,7.783560991515887
347,1.4920362109913181,6.5840356183376345,8.076071829328953
348,1.4634993938205043,6.814423744761099,8.277923138581603
349,1.4567567528408505,7.346378835297575,8.803135588138424
350,1.4704026807433346,8.38549284431847,9.855895525061804
351,2.0249648954143513,7.135551094141304,9.160515989555655
352,1.5547794169460931,18.583362572459837,20.13814198940593
353,1.4205079654959052,9.702489835855511,11.122997801351417
354,1.3918145527619807,7.799600229666507,9.191414782428488
355,1.3863895065903136,6.602648412429977,7.989037919020291
356,1.3994825427634214,6.1725900840188075,7.572072626782229
357,1.450016886491685,6.131865446194206,7.5818823326858915
358,1.4900818862891185,5.9488250062185655,7.438906892507684
359,1.5825810593598821,7.828329273237152,9.410910332597034
360,1.596218687390056,8.362968984080029,9.959187671470085
361,1.6371128888619755,9.129671712776029,10.766784601638005
362,1.7270449743927434,9.645211127571887,11.37225610196463
363,1.8837417743518463,8.552726959875374,10.436468734227219
364,1.4649628342559404,12.003143312907154,13.468106147163095
365,1.4651799653071267,8.940469840346108,10.405649805653233
366,1.434313956599356,7.411845724299614,8.84615968089897
367,1.4181395552043954,7.066300072395338,8.484439627599734
368,1.6773101060843887,9.202386581323925,10.879696687408313
369,1.7273295906543105,9.548051691231928,11.275381281886238
370,1.8132849715850115,8.721713214184414,10.534998185769425
371,1.9236972441341562,7.692102078804957,9.615799322939115
372,1.9969363254429493,7.2266505760137525,9.223586901456702
373,1.7652942469876267,18.10695067425557,19.872244921243198
374,1.5021866031109716,9.954494964040363,11.456681567151334
375,1.4848541890900089,7.965030819858013,9.449885008948023
376,1.4030262546905765,7.426413223815929,8.829439478506504
377,1.4114562735280536,7.071219588711646,8.482675862239699
378,1.4038853683697174,6.824101549596898,8.227986917966616
379,1.3895375961950611,6.54916134335622,7.938698939551281
380,1.4258910303960886,7.283816607479661,8.70970763787575
381,1.411575325464776,7.278418674961436,8.689994000426212
382,1.3804725218179053,7.356646285673696,8.737118807491601
383,1.364968688953536,7.765396967637914,9.130365656591449
384,1.3676297313669985,8.933022784251055,10.300652515618053
385,1.3989825490167354,12.27422138638257,13.673203935399304
386,1.4711681595354442,11.940519027742084,13.41168718727753
387,1.573453274871346,8.086805862989177,9.660259137860523
388,1.4972154704543597,9.27415123744665,10.77136670790101
389,1.4096577523555704,8.731174721926594,10.140832474282165
390,1.4080872791215875,7.7309079541041275,9.138995233225716
391,1.4219936134484426,7.056767739468308,8.47876135291675
392,1.4356835586736114,6.738613553116709,8.17429711179032
393,1.4224819532669566,8.184942069254785,9.60742402252174
394,1.4008615783643266,8.337871811174848,9.738733389539174
395,1.390914504067777,9.010684778604546,10.401599282672322
396,1.3847887680347135,10.058338514794317,11.44312728282903
397,1.3797228905897325,10.991455208986599,12.371178099576332
398,1.5273202461043789,11.040804502820809,12.568124748925188
399,1.6615910655528916,6.8079225559003245,8.469513621453217
400,1.551426320188908,8.223649112871074,9.775075433059982
401,1.537199259949787,8.38940536664932,9.926604626599108
402,1.4273969857130775,8.899749631678555,10.327146617391632
403,1.4151200250632587,9.316648282706828,10.731768307770086
404,1.4093581043962942,10.213825182260905,11.623183286657198
405,1.3984565039365513,10.95036011907525,12.348816623011801
406,1.386412997874145,11.50040248256942,12.886815480443566
407,1.387558192594196,11.977255572347708,13.364813764941903
408,1.5997879258134144,7.35979657302377,8.959584498837184
409,1.4273414518243603,6.684394232570972,8.111735684395333
410,1.3975276968345194,6.521376060555419,7.918903757389939
411,1.4105931644543543,6.330586187437917,7.741179351892272
412,1.4036916674518596,6.15597472536095,7.559666392812809
413,1.475809060083146,6.19167811965633,7.667487179739476
414,1.4523817889397215,6.255470226584781,7.7078520155245025
415,1.4175320729336511,6.243535226429524,7.661067299363175
416,1.394093683578693,6.56648787715455,7.960581560733243
417,1.375656680102252,6.771639960257926,8.147296640360178
418,1.404656781839385,7.586433126595231,8.991089908434615
419,1.4014870207086387,7.715874810891884,9.117361831600522
420,1.4555102933911215,7.434096046878624,8.889606340269745
421,1.5244760625705467,7.107394435263167,8.631870497833713
422,99999.0,99999.0,99999.0
423,1.6243507060069537,6.739937044488588,8.364287750495542
424,1.4878962107179448,6.5149407353442585,8.002836946062203
425,1.4410540032674866,6.503623838145639,7.944677841413126
426,1.4505179127812955,6.5281458971142134,7.978663809895509
427,1.4254658982558241,6.641398179367005,8.06686407762283
428,1.399569372358983,6.879998448832097,8.27956782119108
429,1.3976770146072175,7.23476180129618,8.632438815903399
430,1.3950138348343113,7.441975386894041,8.836989221728352
431,1.4182037781432149,7.285782655921217,8.703986434064433
432,1.4441244222562972,6.925563326285601,8.369687748541898
433,1.5307970769272001,6.867691326131556,8.398488403058757
434,1.665113521615755,6.989865444156351,8.654978965772106
435,1.4668335680182454,6.927305378421292,8.394138946439538
436,1.435566954110788,6.990868219474141,8.42643517358493
437,1.4206622444119406,7.172558959432655,8.593221203844596
438,1.4138603579414493,7.388973156168324,8.802833514109773
439,1.4109678112689041,7.520496486096515,8.93146429736542
440,1.4041989862206707,7.535114613001685,8.939313599222356
441,1.679105009306506,6.475837246785953,8.15494225609246
442,1.5742676859347917,5.959822793974659,7.534090479909451
443,1.534226978387798,5.670589670894313,7.204816649282111
444,1.5130583901821477,5.532867973645977,7.045926363828125
445,1.5079993249693004,5.493136819063439,7.001136144032739
446,1.473382283984783,5.500037327058356,6.9734196110431395
447,1.445412265252757,5.6185016758671615,7.063913941119918
448,1.424830720290629,5.8395012673297435,7.2643319876203725
449,1.393532366777177,6.1064923634414985,7.5000247302186756
450,1.3947681200431346,6.61177529183264,8.006543411875775
451,1.3910997901102102,6.677789543353617,8.068889333463828
452,1.3984060957860134,6.430279263016079,7.828685358802092
453,1.4704143776284193,6.195387798061432,7.665802175689851
454,1.5310318821623505,6.146424919762322,7.677456801924673
455,1.6267691304422758,6.161110918091238,7.787880048533514
456,1.7921481161018458,5.889297394885853,7.6814455109876985
457,1.6925065170856184,6.172205537289768,7.864712054375387
458,1.4913727671737957,5.816852545384547,7.308225312558343
459,1.4494299537366113,5.862013129705488,7.3114430834421
460,1.430405889057408,6.028986380574493,7.459392269631902
461,1.4151134499392506,6.264943808021271,7.680057257960522
462,1.4057943251798624,6.470170050237499,7.875964375417361
463,1.4157366014803419,6.3554010829739145,7.771137684454256
464,1.4669830023122221,6.134357070970959,7.601340073283182
465,1.4988544937016166,5.893304402735923,7.3921588964375395
466,1.554517510892342,5.943071174564607,7.4975886854569485
467,1.495098004066936,6.018064338858051,7.5131623429249865
468,1.4686431030627871,6.112104208077165,7.580747311139952
469,1.4518156804458744,6.2203183318198105,7.672134012265685
470,1.4402483577236933,6.337818537416297,7.77806689513999
471,1.4172634091212146,6.330711942608414,7.747975351729629
472,1.3920969463578572,6.281204278581647,7.673301224939505
473,1.6994730764555406,5.91062055912342,7.610093635578961
474,1.6415263666223756,5.597968154105437,7.2394945207278125
475,1.6179506608931873,5.369773503445151,6.9877241643383385
476,1.5450922425339184,5.136304565131753,6.681396807665672
477,1.5085606655067774,5.183401776277936,6.691962441784714
478,1.4690763787339298,5.215800725516586,6.684877104250516
479,1.4488274886724406,5.441676955667664,6.890504444340105
480,1.4201941139907441,5.674678067657469,7.094872181648213
481,1.395968421308458,5.974896411380147,7.370864832688605
482,1.4108314932585369,6.281302315408529,7.692133808667066
483,1.4345466062364627,6.171173693133499,7.6057202993699615
484,1.4502518639357544,5.736725816804419,7.186977680740173
485,1.5362723770173088,5.73797686784663,7.274249244863938
486,1.6425055304826388,5.7597580332868485,7.402263563769488
487,1.7006497202815634,5.890007417899671,7.590657138181235
488,1.7942995545304616,5.909601026537263,7.703900581067725
489,1.5038530956061924,5.286789243772853,6.790642339379046
490,1.4683273591826238,5.399478976773551,6.867806335956175
491,1.4436364218257558,5.535502070391264,6.97913849221702
492,1.4187211818854948,5.699753730268461,7.118474912153956
493,1.4007999389432446,5.857367960202732,7.2581678991459775
494,1.4150861177768566,5.790618849401768,7.205704967178624
495,1.4630549513437485,5.719452866352789,7.182507817696537
496,1.5047861989605782,5.602541378575606,7.107327577536184
497,1.5031556111667623,5.356826585434152,6.859982196600914
498,1.5091485636493651,5.4517783434975335,6.960926907146899
499,1.480475744095612,5.529531694611676,7.010007438707288
500,1.4534497064292018,5.638514282207738,7.091963988636939
501,1.4304216987427067,5.687110775088965,7.117532473831671
502,1.4159045326808581,5.767634414427972,7.18353894710883
503,1.3971056660421004,5.781378828223377,7.1784844942654775
504,1.7915381931218581,5.637380278143325,7.428918471265183
505,1.7219124636931114,5.334311649614089,7.0562241133072
506,1.6124589563092038,5.008720430892781,6.621179387201985
507,1.5775542059964556,5.062853351580953,6.640407557577409
508,1.5373508080609701,5.10000257385362,6.63735338191459
509,1.5045469200374215,5.267752626928276,6.772299546965698
510,1.46813005929191,5.473410352505216,6.941540411797126
511,1.4225377142953592,5.650718422413828,7.073256136709187
512,1.4418031010381478,5.922170787038456,7.363973888076604
513,1.457298285474298,5.877133663115319,7.334431948589617
514,1.4961324577142998,5.5539040957987655,7.050036553513065
515,1.5727394358562483,5.507853469361451,7.080592905217699
516,1.6400674746615969,5.488594946074489,7.128662420736086
517,1.6970991535659863,5.535361478051986,7.232460631617973
518,1.7774232280652345,5.6179937586834985,7.395416986748733
519,1.5626579919824348,5.119248113661331,6.681906105643765
520,1.5195721026787985,5.157273000300897,6.676845102979696
521,1.483084900420451,5.292350107251427,6.775435007671878
522,1.4548810283282179,5.416466449109323,6.87134747743754
523,1.4296476253941128,5.546189781873714,6.975837407267827
524,1.460409761119671,5.587344452404279,7.04775421352395
525,1.5183811205451245,5.478136946148069,6.996518066693194
526,1.5065709497748476,5.2676976140802925,6.77426856385514
527,1.536071694708145,5.189141813492804,6.725213508200949
528,1.5652551331919167,5.230067648487247,6.795322781679164
529,1.5293962800380403,5.297249033774935,6.826645313812975
530,1.5003550849350724,5.361902512987811,6.862257597922883
531,1.4710440208874884,5.4022982661752925,6.873342287062781
532,1.4575438732444155,5.470663312935694,6.92820718618011
533,1.4429372286814581,5.559716241970225,7.002653470651683
534,1.8287623594977995,5.34640712959903,7.17516948909683
535,1.6881762875231245,4.899066578120154,6.587242865643279
536,1.6507891362107419,4.957671266776253,6.608460402986995
537,1.5982392314159044,4.998064224374116,6.596303455790021
538,1.5507629619133096,5.123372338837386,6.674135300750696
539,1.544515473133775,5.353625012749352,6.898140485883127
540,1.4661243780366684,5.372145745132192,6.8382701231688605
541,1.4422489570352037,5.6348143681577945,7.077063325192999
542,1.4740631635805097,5.649842499513059,7.123905663093568
543,1.5449484412385572,5.419554411966793,6.96450285320535
544,1.628927349854986,5.3396897910567835,6.968617140911769
545,1.641145353142229,5.2273973127231015,6.868542665865331
546,1.7143997756385605,5.26284722709807,6.977247002736631
547,1.7907787509239625,5.326969312004115,7.117748062928078
548,1.6323274553254954,4.979102071804632,6.611429527130127
549,1.584454687720324,5.033017471320479,6.617472159040803
550,1.5319729280244594,5.108557778623928,6.640530706648388
551,1.4987960133091691,5.19523950135852,6.694035514667689
552,1.4651382980691625,5.269460860883031,6.734599158952194
553,1.5050779238276057,5.340743638527768,6.845821562355374
554,1.551362722358981,5.270843042288889,6.82220576464787
555,1.5650395177452712,5.100502105083147,6.665541622828418
556,1.5611497428991221,4.980943085535045,6.542092828434167
557,1.6018510144061344,4.998711509341342,6.600562523747476
558,1.576395368960557,5.066817980181309,6.643213349141866
559,1.5439476414360302,5.102291934525557,6.646239575961587
560,1.5167743020953797,5.174945706702061,6.691720008797441
561,1.5084177279109605,5.252604497926181,6.7610222258371415
562,1.4761886119942123,5.344839960338353,6.821028572332565
563,1.7412027887733865,4.782274677496956,6.523477466270342
564,1.710022689724533,4.8651072038727925,6.5751298935973255
565,1.6586021208721717,4.93308797608499,6.591690096957162
566,1.6400405281653534,5.132908399603172,6.7729489277685255
567,1.5520104582250744,5.1333924378820175,6.685402896107092
568,1.4676264385132018,5.120275691937191,6.587902130450392
569,1.4461448518332112,5.32263306438887,6.768777916222081
570,1.4736156920470895,5.3437185149628394,6.817334207009929
571,1.572356104074408,5.213812506391451,6.786168610465859
572,1.6329036397597534,5.086850335243728,6.719753975003481
573,1.6592563609101938,5.018576246668047,6.677832607578241
574,1.7213138479748804,5.056786147904944,6.778099995879824
575,1.809349377021625,5.108728784368798,6.918078161390422
576,1.6829342561083331,4.86585202521911,6.548786281327443
577,1.6118274088597435,4.8702997201114275,6.482127128971171
578,1.5713818125431311,4.90783670810237,6.479218520645501
579,1.532984762750246,5.0364637156941265,6.5694484784443725
580,1.4758969570246672,5.071365929510788,6.547262886535455
581,1.5270757710888108,5.12873693346362,6.655812704552431
582,1.5659777426021715,5.0310865872978505,6.597064329900022
583,1.565045291941508,4.926731875713006,6.491777167654514
584,1.592799035223905,4.806386676425289,6.399185711649194
585,1.6537262144450056,4.870911610919722,6.524637825364728
586,1.6151938735317684,4.895698804617636,6.510892678149404
587,1.5686348479264873,4.90946484374004,6.478099691666528
588,1.5513694268919664,4.987383844267271,6.538753271159237
589,1.525362483172147,5.031552718163071,6.556915201335218
590,1.4918857057870123,5.074551923116363,6.566437628903376
591,1.9774944471035416,5.452272101066951,7.429766548170493
592,1.8655028240274383,5.3506532207877955,7.216156044815234
593,1.807405050260074,5.363364335172031,7.170769385432106
594,1.7576592404995215,5.4703982139869485,7.2280574544864695
595,1.5337054411243038,5.401571358540361,6.935276799664664
596,1.4663680680660258,5.83566165309079,7.302029721156816
597,1.5193525512000932,5.641414611592495,7.160767162792588
598,1.5863644239512178,5.244970540381159,6.831334964332377
599,1.6223489213045317,5.005209196146668,6.6275581174511995
600,1.6183025434723297,4.8580431383008795,6.476345681773209
601,1.6633721177486804,4.789473275181079,6.45284539292976
602,1.7005486721691592,4.750031984756005,6.450580656925164
603,1.9345399819325577,5.372638031271922,7.30717801320448
604,1.8221586028298384,5.290137207534059,7.112295810363897
605,1.7556798677736833,5.30558054763905,7.0612604154127325
606,1.6908585883442926,5.334383033817897,7.02524162216219
607,1.6234365850317238,5.359457331299871,6.982893916331594
608,1.5411606537070133,5.370365668981983,6.911526322688997
609,1.5923139490545595,5.199918845936957,6.792232794991516
610,1.6072782332784465,4.943372891433772,6.5506511247122186
611,1.6062461886949568,4.767905915023715,6.374152103718672
612,1.917159443439452,5.429079739604205,7.346239183043657
613,1.7971675143621888,5.280142675519748,7.077310189881937
614,1.7189026575198991,5.195447917652226,6.914350575172125
615,1.665582175218247,5.190795583913085,6.856377759131331
616,1.608557103339294,5.239365761381935,6.8479228647212285
617,1.536896921150999,5.251718097198384,6.7886150183493825
618,1.9001293784379412,5.566193802840107,7.466323181278048
619,1.8138015564255483,5.512693489472075,7.326495045897623
620,1.7521400734065875,5.601731093593538,7.3538711670001256
621,1.5338935326036611,5.628711417269611,7.162604949873272
622,1.4470533861138624,5.865243850438033,7.3122972365518955
623,1.4861344091442383,5.728502105703552,7.214636514847791
624,1.5427505048208654,5.356765381286513,6.899515886107379
625,1.5992033888468848,5.126689862543229,6.725893251390113
626,1.5679343333861453,4.916355491298393,6.484289824684539
627,1.6149962912649767,4.855390427123569,6.470386718388546
628,1.646128368656484,4.783293087863226,6.42942145651971
629,1.915750648852245,5.496625488001069,7.412376136853314
630,1.8215623060643245,5.455329894609042,7.276892200673366
631,1.7467675775412055,5.458905039460273,7.205672617001478
632,1.6692803884351937,5.497106063699074,7.166386452134268
633,1.5981226234269565,5.5829558150021965,7.181078438429153
634,1.494625919769905,5.443355340882536,6.937981260652441
635,1.541289594721099,5.25518418278726,6.796473777508359
636,1.5531537984481394,5.010297712914498,6.563451511362637
637,1.5693438551027357,4.861799225886202,6.431143080988937
638,1.823918201675073,5.413542446779123,7.237460648454196
639,1.7934600784371242,5.515111471886418,7.308571550323542
640,1.7238611574420395,5.472010082396724,7.195871239838763
641,1.647768182864205,5.406001270089365,7.05376945295357
642,1.5847609781039036,5.417070590985065,7.001831569088969
643,1.505391592103296,5.434497977811597,6.939889569914893
644,1.8392214677334908,5.7250151319811655,7.564236599714656
645,1.7528515859692173,5.748523310673941,7.501374896643158
646,1.499346518229591,5.879680592905616,7.379027111135207
647,1.4385958447694442,6.123811103595705,7.562406948365149
648,1.4282530533547235,5.868297573312416,7.296550626667139
649,1.493199856067583,5.487201915846614,6.980401771914197
650,1.5439731884456354,5.204605798864216,6.748578987309851
651,1.5271474280457367,5.020458394287952,6.547605822333689
652,1.5605495163436096,4.935523481490217,6.496072997833827
653,1.59548263553405,4.855800954849315,6.4512835903833645
654,1.8566960101286485,5.560800349592492,7.417496359721141
655,1.8169796524380513,5.62730671966734,7.444286372105391
656,1.7521512314124823,5.664551322052714,7.416702553465196
657,1.6603684040519033,5.683520394232037,7.34388879828394
658,1.574842863948335,5.775005348232016,7.349848212180351
659,1.46639615598848,5.583352946494299,7.049749102482778
660,1.492929026375486,5.327830220993978,6.820759247369464
661,1.5113295756236047,5.139556025584852,6.650885601208457
662,1.5273255070897105,4.979200616969439,6.50652612405915
663,1.7710380832642454,5.514890407375619,7.285928490639864
664,1.7357169789547424,5.605933624639472,7.341650603594214
665,1.7354565076634767,5.830230590519913,7.56568709818339
666,1.6534400857258515,5.765857175018259,7.419297260744111
667,1.5551704460544342,5.735038785164845,7.290209231219279
668,1.484662699065126,5.686489976501511,7.171152675566637
669,1.7822331410848702,6.0388276803553875,7.821060821440257
670,1.4901329109145898,6.280049237569755,7.770182148484345
671,1.4166665217477792,6.507861456980549,7.924527978728328
672,1.411871643854797,6.206620591108232,7.618492234963028
673,1.4470491697087458,5.651380189312473,7.098429359021218
674,1.5051200204144792,5.414010778078776,6.919130798493255
675,1.4800407698228584,5.183260279422413,6.663301049245272
676,1.515491149149943,5.086559428074368,6.602050577224311
677,1.5454881390233057,4.984961064391088,6.530449203414394
678,1.8076090093545194,5.662759831366033,7.470368840720552
679,1.7825669907422388,5.776308577111188,7.558875567853427
680,1.7458369666481623,5.913449270808198,7.65928623745636
681,1.6699844154120462,6.009464238964369,7.679448654376415
682,1.5946504287690584,6.25828989099506,7.8529403197641185
683,1.443861087740439,5.852254569087,7.296115656827439
684,1.4595570614865219,5.584992278224166,7.044549339710688
685,1.475877712154863,5.342046268169798,6.817923980324661
686,1.4824801580932414,5.116271191889477,6.598751349982718
687,1.7517296517942564,5.7168016837244515,7.468531335518708
688,1.709392550773332,5.840972112466316,7.550364663239648
689,1.6736278607030006,6.068880749088804,7.742508609791805
690,1.6165863891390233,6.214105000574164,7.830691389713187
691,1.530452635901958,6.152360082371724,7.6828127182736825
692,1.4621790121511768,6.109491167438569,7.571670179589746
693,1.4974741164569205,6.9443873239943885,8.441861440451309
694,1.4122008473984997,6.951771789955418,8.363972637353918
695,1.3891352665493344,6.593626204552877,7.9827614711022115
696,1.4391416149096896,6.07897237709665,7.51811399200634
697,1.4606985039208429,5.742856414258512,7.203554918179354
698,1.438140646104403,5.432358782008709,6.870499428113112
699,1.4638915480192995,5.319939576536805,6.783831124556104
700,1.5158541268586472,5.246211643581426,6.762065770440073
701,1.8171330809594077,5.859058026477094,7.676191107436502
702,1.7665951609841593,5.989936013966339,7.756531174950498
703,1.7417825237469498,6.227337534407779,7.969120058154728
704,1.6890804455208186,6.366163291433217,8.055243736954036
705,1.6308977927688348,6.881027492607703,8.511925285376538
706,1.41952885259607,6.288780344560331,7.708309197156401
707,1.4302126154305215,6.001844846306093,7.432057461736615
708,1.4300999450937055,5.643321761016757,7.073421706110463
709,1.4421814441333314,5.405489038922067,6.847670483055398
710,1.7434505368781898,5.977179161461369,7.720629698339559
711,1.709983914547716,6.235686168808732,7.945670083356448
712,1.668432255720399,6.484600864875692,8.153033120596092
713,1.5979263838675215,6.8310625234796944,8.428988907347216
714,1.5208752086273283,6.880061157574177,8.400936366201506
715,1.4464178820428866,6.730390241613207,8.176808123656093
716,1.5163820645739565,14.946043010670815,16.46242507524477
717,1.4046185883245348,8.61533848471632,10.019957073040855
718,1.4185343137740831,6.9974504812298255,8.415984795003908
719,1.444546277686728,6.2240165382350785,7.668562815921806
720,1.4337994294194523,5.7598410474455894,7.193640476865042
721,1.4647027817541547,5.550653328486213,7.015356110240368
722,1.4871387413982968,5.383691821142252,6.870830562540549
723,1.587806991218982,6.432636452545877,8.020443443764858
724,1.6086608418733055,6.889047201807573,8.497708043680879
725,1.6446012268397616,7.8190990745255675,9.463700301365328
726,1.7229651064190834,8.918589960061748,10.641555066480832
727,1.915532022553175,8.412214088354304,10.327746110907478
728,1.452003248263394,10.25556560108121,11.707568849344604
729,1.435915948329252,7.3396865645673275,8.77560251289658
730,1.419036731709663,6.205364182830362,7.624400914540025
731,1.453281507958261,5.933823982167418,7.387105490125679
732,1.6961105302616308,7.275031252850949,8.97114178311258
733,1.7475395948070234,7.714749881107041,9.462289475914064
734,1.8619061568073185,7.792721883918562,9.65462804072588
735,1.980792299536819,7.160562608423788,9.141354907960608
736,2.055439173813003,6.826959873607748,8.882399047420751
737,1.7476490928875124,15.326555507155023,17.074204600042535
738,1.4334626878067,8.678200203922282,10.111662891728983
739,1.3983270037328812,7.237113045905284,8.635440049638165
740,1.3945106198909611,6.7711123192834295,8.16562293917439
741,1.389667058748916,6.352072563079187,7.741739621828104
742,1.4108207250556708,6.0924834618117965,7.503304186867467
743,1.4718950596945115,5.839157253409491,7.311052313104002
744,1.4571880660879981,6.709789581359919,8.166977647447917
745,1.4465536061217636,7.141603751335355,8.588157357457119
746,1.4458202903676762,7.731984950086146,9.177805240453823
747,1.4480797905261737,8.709274587775589,10.157354378301763
748,1.4684488749528246,10.383842746190567,11.852291621143392
749,1.6912111349529564,8.952339924312259,10.643551059265215
750,1.505878905334381,7.733191561773714,9.239070467108096
751,1.411807470544825,6.409499271564276,7.821306742109101
752,1.4137660335161752,6.216083816460317,7.629849849976493
753,1.4799062983261724,7.460248912533098,8.94015521085927
754,1.4793764106490286,8.06403196087039,9.543408371519417
755,1.4873632075041199,8.936352617053375,10.423715824557494
756,1.4976422307378399,10.362053452678989,11.85969568341683
757,1.5103718596359226,13.082920128175827,14.59329198781175
758,1.7702933169861992,10.88959138374619,12.65988470073239
759,1.4866162670387284,7.055935651826175,8.542551918864904
760,1.4547904415621729,6.760771085636839,8.215561527199013
761,1.4404285297755397,6.195739331094728,7.636167860870268
762,1.4736269135348863,5.978588777770209,7.452215691305096
763,1.4839476670317597,5.716253445244272,7.200201112276032
764,1.4386693543388047,6.229125478393057,7.667794832731862
765,1.4184800624705614,6.447989342733863,7.866469405204425
766,1.402879413531517,6.71745015029015,8.120329563821667
767,1.390982795228708,7.161758149607679,8.552740944836387
768,1.3910281719765851,7.622163486206367,9.013191658182953
769,1.4722641375800867,7.672281151685268,9.144545289265354
770,1.6428508498705354,6.430149096830418,8.072999946700953
771,1.5218858239039885,6.536686630644243,8.058572454548232
772,1.475757820554805,6.518452422219638,7.994210242774443
773,1.4469188805506699,6.579963020428505,8.026881900979175
774,1.424746831088777,6.802348126520879,8.227094957609657
775,1.420054285209272,7.183892097367131,8.603946382576403
776,1.4122645510890532,7.5147972483727985,8.927061799461852
777,1.408831268912241,7.828283562910988,9.237114831823229
778,1.409992722033499,7.900406242792497,9.310398964825996
779,1.6687300073170959,6.102795406174097,7.771525413491194
780,1.61751148165186,5.7539700183315565,7.371481499983417
781,1.5625770013946176,5.478706056535328,7.041283057929946
782,1.5401385142275805,5.296110113330574,6.836248627558154
783,1.5070724707354135,5.629190458893626,7.136262929629039
784,1.4699057614464548,5.73876065855959,7.208666420006045
785,1.4494895864295072,5.972285464737461,7.421775051166969
786,1.4283258125361795,6.23441869578073,7.6627445083169095
787,1.4223824883310998,6.473386982698386,7.895769471029486
788,1.4799867740560095,6.475604044394699,7.955590818450709
789,1.5411258946823552,6.325844943727004,7.866970838409359
790,1.6624464217101256,5.946271724997887,7.6087181467080125
791,1.705084689460612,5.77574579990641,7.4808304893670226
792,1.4964832012584874,5.869834466220933,7.366317667479421
793,1.473001420860714,6.094629285465078,7.567630706325792
794,1.466039702904242,6.37474168705161,7.840781389955851
795,1.4595082204927954,6.545659503062151,8.005167723554946
796,1.455690572152673,6.634986898272522,8.090677470425195
797,1.4505453345785073,6.553900376209668,8.004445710788175
798,1.7816571591847126,5.692042151257368,7.473699310442081
799,1.6377796624256011,5.350677519906943,6.988457182332544
800,1.6083225461533461,5.241011065987524,6.84933361214087
801,1.5694916310204392,5.294083976202333,6.8635756072227725
802,1.540163689654124,5.382084593920871,6.922248283574994
803,1.5035261934171718,5.4975231954554395,7.0010493888726115
804,1.4911679361664483,5.667749582696968,7.158917518863416
805,1.470184073672193,5.837725333641425,7.307909407313618
806,1.504375862009354,5.73686195152905,7.241237813538405
807,1.5494446115883111,5.666223855086065,7.215668466674376
808,1.6277681253979628,5.534646224500292,7.162414349898254
809,1.7553224666554035,5.641242230529581,7.396564697184985
810,1.58590810799507,5.430431493368826,7.016339601363896
811,1.5430604119537938,5.473319862739149,7.016380274692942
812,1.527391472438503,5.592618827969818,7.120010300408321
813,1.5163765060673051,5.725143802115824,7.241520308183128
814,1.5146488808217504,5.715514247291222,7.230163128112972
815,1.4892488962608943,5.740696482305935,7.22994537856683
816,1.8679330284952291,5.664302500439514,7.532235528934743
817,1.7557758619723913,5.312039336173212,7.067815198145603
818,1.6033393738694368,5.099902466404449,6.703241840273886
819,1.5426565482083952,5.114975957519971,6.657632505728366
820,1.5034365398785892,5.228577626871053,6.732014166749643
821,1.4891387861352177,5.355796949138524,6.844935735273742
822,1.4586018131117748,5.469335619431669,6.927937432543444
823,1.4818304045319866,5.5055083648289385,6.987338769360925
824,1.5381869600900577,5.338270553305799,6.876457513395857
825,1.6094778647563546,5.23173162144487,6.841209486201224
826,1.6869970560783172,5.252529583122452,6.939526639200769
827,1.6109167755716554,5.229222293808166,6.840139069379822
828,1.5703189687317587,5.242140978416374,6.812459947148133
829,1.5297556524869556,5.285722832771552,6.815478485258508
830,1.5106863022029016,5.328978261304567,6.839664563507468
831,1.4974808960210528,5.32037989553951,6.8178607915605625
832,1.4773632817479725,5.308315516348414,6.785678798096386
833,1.9367890753175667,5.641633038312214,7.578422113629781
834,1.6294719816483485,4.963142914394333,6.592614896042681
835,1.5671507255708836,4.959114490441351,6.526265216012234
836,1.5308234530549976,5.0452131877402415,6.576036640795239
837,1.5116131948216482,5.2281430920765155,6.739756286898164
838,1.4652415426590295,5.296934276921665,6.762175819580695
839,1.498001681616842,5.24130741722247,6.739309098839312
840,1.563836839667996,5.245612025903059,6.8094488655710546
841,1.6076278284153884,5.172462293433855,6.780090121849244
842,1.661230647158942,5.030127393061117,6.691358040220059
843,1.6231878355850218,5.034554685169405,6.657742520754427
844,1.5781895667819152,5.028931455359562,6.607121022141477
845,1.544080338022607,5.080513934953965,6.624594272976571
846,1.5310439300380503,5.1226343977529964,6.653678327791047
847,1.5062231578785696,5.16605516605937,6.67227832393794
848,1.4783487658299326,5.20455993909381,6.682908704923743
849,1.667849931453426,4.869614743612302,6.537464675065728
850,1.6126607205035073,4.903172157024808,6.515832877528315
851,1.5770544217685996,4.965672626765781,6.542727048534381
852,1.5268916525581773,5.092206949805146,6.619098602363323
853,1.491395342561484,5.195525960103728,6.686921302665212
854,1.5157310362211533,5.209553506180873,6.725284542402026
855,1.5875709352964233,5.133901049995992,6.721471985292416
856,1.6236189688192266,5.060630244907128,6.684249213726355
857,1.6665038159699008,4.9793323802543705,6.645836196224272
858,1.6492792164560672,4.881502950238122,6.530782166694189
859,1.5975367186380327,4.893767646909834,6.491304365547866
860,1.572939725522462,4.947871771810571,6.520811497333034
861,1.5514665043920597,5.031054504156969,6.582521008549028
862,1.532490114564796,5.072968604538221,6.605458719103017
863,1.5018798901904773,5.12334874386347,6.625228634053948
864,1.922094439503743,5.804368632913372,7.726463072417115
865,1.8321778052215691,5.774076929516571,7.60625473473814
866,1.7760522295240617,5.792443013026538,7.5684952425506
867,1.7289894813165005,6.040535483158808,7.769524964475309
868,1.529738633529945,5.780204108245892,7.309942741775837
869,1.528513088590985,5.4207162957958674,6.949229384386852
870,1.5464235014015306,5.144922936316079,6.69134643771761
871,1.5648444529329648,4.96250570409648,6.527350157029445
872,1.942959104979785,5.763551872323492,7.706510977303277
873,1.8710912558208368,5.772816007618133,7.643907263438971
874,1.8033671908515578,5.7669980444843985,7.570365235335956
875,1.7488542859738183,5.902792362356114,7.651646648329932
876,1.647168109719244,5.992612769057023,7.639780878776267
877,1.5420627743095818,5.980466004048004,7.522528778357586
878,1.8785825594449141,6.047637711535328,7.9262202709802425
879,1.7987303665294605,6.042945396706148,7.841675763235608
880,1.7368952214633984,6.13063851815408,7.867533739617478
881,1.5020054407834862,6.0641616479487475,7.566167088732234
882,1.4919926174223535,5.572688096899658,7.064680714322012
883,1.504496469715165,5.2740096428699035,6.7785061125850685
884,1.5359175297501775,5.100651940377346,6.636569470127523
885,1.8906796001690207,5.845447102844188,7.736126703013209
886,1.8678316234142107,5.9572278519751345,7.825059475389345
887,1.8389635173581906,6.027677957165941,7.8666414745241315
888,1.76636761821235,6.163270373173504,7.929637991385855
889,1.6485814912066645,6.448747132445258,8.097328623651922
890,1.5358520156798334,6.346964880361207,7.8828168960410405
891,1.860570121999115,6.425455290907904,8.28602541290702
892,1.7893145594340127,6.439581268440284,8.228895827874297
893,1.4718162214900492,6.454212912220483,7.926029133710532
894,1.4779985644968607,5.946854762820956,7.424853327317816
895,1.4858621327331591,5.520290252560393,7.006152385293552
896,1.5215797440513419,5.286145599653651,6.807725343704993
897,1.8944073296022292,6.0041483673834115,7.898555696985641
898,1.8802099904787677,6.1408160648251915,8.02102605530396
899,1.8846569264534214,6.345767984328259,8.23042491078168
900,1.8406989772119169,6.63109452198727,8.471793499199187
901,1.6877132712963572,7.271008254265768,8.958721525562124
902,1.53077572098787,6.935032178842732,8.465807899830603
903,1.8640309549406902,6.86467888992615,8.72870984486684
904,1.4555805496136796,6.9378972620403205,8.393477811654
905,1.4533830774876018,6.289246646888692,7.742629724376294
906,1.4732034827243845,5.828362286239119,7.301565768963504
907,1.4942959805590565,5.569319677716438,7.063615658275494
908,1.8739847399172465,6.118954310384311,7.992939050301557
909,1.8958160177472803,6.197737687416102,8.093553705163382
910,1.900366973311918,6.5549244823631145,8.455291455675033
911,1.8952672876475658,6.917225056478196,8.812492344125761
912,1.7331233769391707,8.653094185941935,10.386217562881106
913,1.5388013407814214,7.841446052190484,9.380247392971906
914,1.451100124504804,7.865885700917785,9.316985825422588
915,1.440659924228126,6.880238492540213,8.320898416768339
916,1.4323157278540182,6.1234902024550015,7.5558059303090195
917,1.4582587528001143,5.7935392410967435,7.251797993896858
918,1.8247065656947588,6.1456497242188375,7.970356289913596
919,1.8650763302680746,6.314186301990826,8.1792626322589
920,1.9730172746457963,6.693341259622018,8.666358534267815
921,2.0084393010321304,6.914434461972363,8.922873763004494
922,1.9298898899056165,8.187740647677849,10.117630537583466
923,1.543438005442494,10.111572848690507,11.655010854133002
924,1.585478825255832,6.943723019207681,8.529201844463513
925,1.483193948111822,5.936818156018525,7.420012104130347
926,1.4708890336532234,5.725937637669121,7.196826671322345
927,1.5044663700868168,6.140623414443671,7.645089784530488
928,1.4935094934156967,6.444585183190404,7.9380946766061005
929,1.505473709274636,6.998888828414181,8.504362537688817
930,1.503247174217944,7.541087695770464,9.044334869988408
931,1.522251345563669,8.414856911000618,9.937108256564287
932,1.641074551697372,9.93136677823004,11.572441329927411
933,1.5803193453208568,5.910790673705161,7.491110019026018
934,1.5183182309470769,5.58150703167802,7.099825262625098
935,1.5105613818172572,5.691152209117669,7.201713590934926
936,1.5149034443022555,5.881687624653889,7.396591068956145
937,1.507777603344178,6.1658310213098435,7.673608624654022
938,1.4793707145012434,6.3336762420773765,7.81304695657862
939,1.4796087018526887,6.584950866927376,8.064559568780066
940,1.4966140818061007,6.7264513643419725,8.223065446148073
941,1.6888587188931188,5.474608110555976,7.163466829449095
942,1.5764404773345928,5.3793321749044285,6.9557726522390215
943,1.539483551344659,5.504989008803159,7.044472560147819
944,1.5018685807365784,5.613758328069936,7.115626908806515
945,1.4888875994937822,5.758564046653308,7.2474516461470895
946,1.4843820182737997,5.894874677198643,7.379256695472442
947,1.4793867405164505,5.892376555785266,7.371763296301717
948,1.600024457002299,5.097142957224479,6.697167414226778
949,1.5622566653784669,5.1998809043597465,6.762137569738213
950,1.5238237928769294,5.326515342358785,6.850339135235715
951,1.524100786323699,5.382268439838008,6.906369226161707
952,1.5077644877504657,5.426545796483646,6.934310284234112
953,1.5041217797567148,5.445160998585629,6.949282778342344
954,1.9925238503884382,6.088133704537428,8.080657554925867
955,1.907644059763552,6.055292481753042,7.962936541516593
956,1.8607536248635348,6.179627434494449,8.040381059357983
957,1.734446250233828,6.723562826442915,8.458009076676744
958,1.5744441395272228,6.559707162831214,8.134151302358436
959,1.9614224871700134,6.283492409891157,8.244914897061172
960,1.9012207420548874,6.3738901639695165,8.275110906024404
961,1.7837987895702008,7.13223875099728,8.916037540567482
962,1.575661296970141,7.1030922939615815,8.678753590931722
963,2.0275161179242334,6.698349226408211,8.725865344332444
964,1.8992405283352354,7.419535089240271,9.318775617575506
965,1.6140745935904082,8.047913021099179,9.661987614689586
966,2.071049488927503,7.354720549654896,9.4257700385824
967,1.6791933900495049,9.665748068732924,11.34494145878243
968,1.8545479925673103,11.768543292451424,13.623091285018734
