0,40
0,78
0,1560
0,1562
1,41
1,79
1,1561
1,1563
2,42
2,40
2,1562
2,1564
3,43
3,41
3,1563
3,1565
4,44
4,42
4,1564
4,1566
5,45
5,43
5,1565
5,1567
6,46
6,44
6,1566
6,1568
7,47
7,45
7,1567
7,1569
8,48
8,46
8,1568
8,1570
9,49
9,47
9,1569
9,1571
10,50
10,48
10,1570
10,1572
11,51
11,49
11,1571
11,1573
12,52
12,50
12,1572
12,1574
13,53
13,51
13,1573
13,1575
14,54
14,52
14,1574
14,1576
15,55
15,53
15,1575
15,1577
16,56
16,54
16,1576
16,1578
17,57
17,55
17,1577
17,1579
18,58
18,56
18,1578
18,1580
19,59
19,57
19,1579
19,1581
20,60
20,58
20,1580
20,1582
21,61
21,59
21,1581
21,1583
22,62
22,60
22,1582
22,1584
23,63
23,61
23,1583
23,1585
24,64
24,62
24,1584
24,1586
25,65
25,63
25,1585
25,1587
26,66
26,64
26,1586
26,1588
27,67
27,65
27,1587
27,1589
28,68
28,66
28,1588
28,1590
29,69
29,67
29,1589
29,1591
30,70
30,68
30,1590
30,1592
31,71
31,69
31,1591
31,1593
32,72
32,70
32,1592
32,1594
33,73
33,71
33,1593
33,1595
34,74
34,72
34,1594
34,1596
35,75
35,73
35,1595
35,1597
36,76
36,74
36,1596
36,1598
37,77
37,75
37,1597
37,1599
38,78
38,76
38,1560
38,1598
39,79
39,77
39,1561
39,1599
40,80
40,118
41,81
41,119
42,82
42,80
43,83
43,81
44,84
44,82
45,85
45,83
46,86
46,84
47,87
47,85
48,88
48,86
49,89
49,87
50,90
50,88
51,91
51,89
52,92
52,90
53,93
53,91
54,94
54,92
55,95
55,93
56,96
56,94
57,97
57,95
58,98
58,96
59,99
59,97
60,100
60,98
61,101
61,99
62,102
62,100
63,103
63,101
64,104
64,102
65,105
65,103
66,106
66,104
67,107
67,105
68,108
68,106
69,109
69,107
70,110
70,108
71,111
71,109
72,112
72,110
73,113
73,111
74,114
74,112
75,115
75,113
76,116
76,114
77,117
77,115
78,118
78,116
79,119
79,117
80,120
80,158
81,121
81,159
82,122
82,120
83,123
83,121
84,124
84,122
85,125
85,123
86,126
86,124
87,127
87,125
88,128
88,126
89,129
89,127
90,130
90,128
91,131
91,129
92,132
92,130
93,133
93,131
94,134
94,132
95,135
95,133
96,136
96,134
97,137
97,135
98,138
98,136
99,139
99,137
100,140
100,138
101,141
101,139
102,142
102,140
103,143
103,141
104,144
104,142
105,145
105,143
106,146
106,144
107,147
107,145
108,148
108,146
109,149
109,147
110,150
110,148
111,151
111,149
112,152
112,150
113,153
113,151
114,154
114,152
115,155
115,153
116,156
116,154
117,157
117,155
118,158
118,156
119,159
119,157
120,160
120,198
121,161
121,199
122,162
122,160
123,163
123,161
124,164
124,162
125,165
125,163
126,166
126,164
127,167
127,165
128,168
128,166
129,169
129,167
130,170
130,168
131,171
131,169
132,172
132,170
133,173
133,171
134,174
134,172
135,175
135,173
136,176
136,174
137,177
137,175
138,178
138,176
139,179
139,177
140,180
140,178
141,181
141,179
142,182
142,180
143,183
143,181
144,184
144,182
145,185
145,183
146,186
146,184
147,187
147,185
148,188
148,186
149,189
149,187
150,190
150,188
151,191
151,189
152,192
152,190
153,193
153,191
154,194
154,192
155,195
155,193
156,196
156,194
157,197
157,195
158,198
158,196
159,199
159,197
160,200
160,238
161,201
161,239
162,202
162,200
163,203
163,201
164,204
164,202
165,205
165,203
166,206
166,204
167,207
167,205
168,208
168,206
169,209
169,207
170,210
170,208
171,211
171,209
172,212
172,210
173,213
173,211
174,214
174,212
175,215
175,213
176,216
176,214
177,217
177,215
178,218
178,216
179,219
179,217
180,220
180,218
181,221
181,219
182,222
182,220
183,223
183,221
184,224
184,222
185,225
185,223
186,226
186,224
187,227
187,225
188,228
188,226
189,229
189,227
190,230
190,228
191,231
191,229
192,232
192,230
193,233
193,231
194,234
194,232
195,235
195,233
196,236
196,234
197,237
197,235
198,238
198,236
199,239
199,237
200,240
200,278
201,241
201,279
202,242
202,240
203,243
203,241
204,244
204,242
205,245
205,243
206,246
206,244
207,247
207,245
208,248
208,246
209,249
209,247
210,250
210,248
211,251
211,249
212,252
212,250
213,253
213,251
214,254
214,252
215,255
215,253
216,256
216,254
217,257
217,255
218,258
218,256
219,259
219,257
220,260
220,258
221,261
221,259
222,262
222,260
223,263
223,261
224,264
224,262
225,265
225,263
226,266
226,264
227,267
227,265
228,268
228,266
229,269
229,267
230,270
230,268
231,271
231,269
232,272
232,270
233,273
233,271
234,274
234,272
235,275
235,273
236,276
236,274
237,277
237,275
238,278
238,276
239,279
239,277
240,280
240,318
241,281
241,319
242,282
242,280
243,283
243,281
244,284
244,282
245,285
245,283
246,286
246,284
247,287
247,285
248,288
248,286
249,289
249,287
250,290
250,288
251,291
251,289
252,292
252,290
253,293
253,291
254,294
254,292
255,295
255,293
256,296
256,294
257,297
257,295
258,298
258,296
259,299
259,297
260,300
260,298
261,301
261,299
262,302
262,300
263,303
263,301
264,304
264,302
265,305
265,303
266,306
266,304
267,307
267,305
268,308
268,306
269,309
269,307
270,310
270,308
271,311
271,309
272,312
272,310
273,313
273,311
274,314
274,312
275,315
275,313
276,316
276,314
277,317
277,315
278,318
278,316
279,319
279,317
280,320
280,358
281,321
281,359
282,322
282,320
283,323
283,321
284,324
284,322
285,325
285,323
286,326
286,324
287,327
287,325
288,328
288,326
289,329
289,327
290,330
290,328
291,331
291,329
292,332
292,330
293,333
293,331
294,334
294,332
295,335
295,333
296,336
296,334
297,337
297,335
298,338
298,336
299,339
299,337
300,340
300,338
301,341
301,339
302,342
302,340
303,343
303,341
304,344
304,342
305,345
305,343
306,346
306,344
307,347
307,345
308,348
308,346
309,349
309,347
310,350
310,348
311,351
311,349
312,352
312,350
313,353
313,351
314,354
314,352
315,355
315,353
316,356
316,354
317,357
317,355
318,358
318,356
319,359
319,357
320,360
320,398
321,361
321,399
322,362
322,360
323,363
323,361
324,364
324,362
325,365
325,363
326,366
326,364
327,367
327,365
328,368
328,366
329,369
329,367
330,370
330,368
331,371
331,369
332,372
332,370
333,373
333,371
334,374
334,372
335,375
335,373
336,376
336,374
337,377
337,375
338,378
338,376
339,379
339,377
340,380
340,378
341,381
341,379
342,382
342,380
343,383
343,381
344,384
344,382
345,385
345,383
346,386
346,384
347,387
347,385
348,388
348,386
349,389
349,387
350,390
350,388
351,391
351,389
352,392
352,390
353,393
353,391
354,394
354,392
355,395
355,393
356,396
356,394
357,397
357,395
358,398
358,396
359,399
359,397
360,400
360,438
361,401
361,439
362,402
362,400
363,403
363,401
364,404
364,402
365,405
365,403
366,406
366,404
367,407
367,405
368,408
368,406
369,409
369,407
370,410
370,408
371,411
371,409
372,412
372,410
373,413
373,411
374,414
374,412
375,415
375,413
376,416
376,414
377,417
377,415
378,418
378,416
379,419
379,417
380,420
380,418
381,421
381,419
382,422
382,420
383,423
383,421
384,424
384,422
385,425
385,423
386,426
386,424
387,427
387,425
388,428
388,426
389,429
389,427
390,430
390,428
391,431
391,429
392,432
392,430
393,433
393,431
394,434
394,432
395,435
395,433
396,436
396,434
397,437
397,435
398,438
398,436
399,439
399,437
400,440
400,478
401,441
401,479
402,442
402,440
403,443
403,441
404,444
404,442
405,445
405,443
406,446
406,444
407,447
407,445
408,448
408,446
409,449
409,447
410,450
410,448
411,451
411,449
412,452
412,450
413,453
413,451
414,454
414,452
415,455
415,453
416,456
416,454
417,457
417,455
418,458
418,456
419,459
419,457
420,460
420,458
421,461
421,459
422,462
422,460
423,463
423,461
424,464
424,462
425,465
425,463
426,466
426,464
427,467
427,465
428,468
428,466
429,469
429,467
430,470
430,468
431,471
431,469
432,472
432,470
433,473
433,471
434,474
434,472
435,475
435,473
436,476
436,474
437,477
437,475
438,478
438,476
439,479
439,477
440,480
440,518
441,481
441,519
442,482
442,480
443,483
443,481
444,484
444,482
445,485
445,483
446,486
446,484
447,487
447,485
448,488
448,486
449,489
449,487
450,490
450,488
451,491
451,489
452,492
452,490
453,493
453,491
454,494
454,492
455,495
455,493
456,496
456,494
457,497
457,495
458,498
458,496
459,499
459,497
460,500
460,498
461,501
461,499
462,502
462,500
463,503
463,501
464,504
464,502
465,505
465,503
466,506
466,504
467,507
467,505
468,508
468,506
469,509
469,507
470,510
470,508
471,511
471,509
472,512
472,510
473,513
473,511
474,514
474,512
475,515
475,513
476,516
476,514
477,517
477,515
478,518
478,516
479,519
479,517
480,520
480,558
481,521
481,559
482,522
482,520
483,523
483,521
484,524
484,522
485,525
485,523
486,526
486,524
487,527
487,525
488,528
488,526
489,529
489,527
490,530
490,528
491,531
491,529
492,532
492,530
493,533
493,531
494,534
494,532
495,535
495,533
496,536
496,534
497,537
497,535
498,538
498,536
499,539
499,537
500,540
500,538
501,541
501,539
502,542
502,540
503,543
503,541
504,544
504,542
505,545
505,543
506,546
506,544
507,547
507,545
508,548
508,546
509,549
509,547
510,550
510,548
511,551
511,549
512,552
512,550
513,553
513,551
514,554
514,552
515,555
515,553
516,556
516,554
517,557
517,555
518,558
518,556
519,559
519,557
520,560
520,598
521,561
521,599
522,562
522,560
523,563
523,561
524,564
524,562
525,565
525,563
526,566
526,564
527,567
527,565
528,568
528,566
529,569
529,567
530,570
530,568
531,571
531,569
532,572
532,570
533,573
533,571
534,574
534,572
535,575
535,573
536,576
536,574
537,577
537,575
538,578
538,576
539,579
539,577
540,580
540,578
541,581
541,579
542,582
542,580
543,583
543,581
544,584
544,582
545,585
545,583
546,586
546,584
547,587
547,585
548,588
548,586
549,589
549,587
550,590
550,588
551,591
551,589
552,592
552,590
553,593
553,591
554,594
554,592
555,595
555,593
556,596
556,594
557,597
557,595
558,598
558,596
559,599
559,597
560,600
560,638
561,601
561,639
562,602
562,600
563,603
563,601
564,604
564,602
565,605
565,603
566,606
566,604
567,607
567,605
568,608
568,606
569,609
569,607
570,610
570,608
571,611
571,609
572,612
572,610
573,613
573,611
574,614
574,612
575,615
575,613
576,616
576,614
577,617
577,615
578,618
578,616
579,619
579,617
580,620
580,618
581,621
581,619
582,622
582,620
583,623
583,621
584,624
584,622
585,625
585,623
586,626
586,624
587,627
587,625
588,628
588,626
589,629
589,627
590,630
590,628
591,631
591,629
592,632
592,630
593,633
593,631
594,634
594,632
595,635
595,633
596,636
596,634
597,637
597,635
598,638
598,636
599,639
599,637
600,640
600,678
601,641
601,679
602,642
602,640
603,643
603,641
604,644
604,642
605,645
605,643
606,646
606,644
607,647
607,645
608,648
608,646
609,649
609,647
610,650
610,648
611,651
611,649
612,652
612,650
613,653
613,651
614,654
614,652
615,655
615,653
616,656
616,654
617,657
617,655
618,658
618,656
619,659
619,657
620,660
620,658
621,661
621,659
622,662
622,660
623,663
623,661
624,664
624,662
625,665
625,663
626,666
626,664
627,667
627,665
628,668
628,666
629,669
629,667
630,670
630,668
631,671
631,669
632,672
632,670
633,673
633,671
634,674
634,672
635,675
635,673
636,676
636,674
637,677
637,675
638,678
638,676
639,679
639,677
640,680
640,718
641,681
641,719
642,682
642,680
643,683
643,681
644,684
644,682
645,685
645,683
646,686
646,684
647,687
647,685
648,688
648,686
649,689
649,687
650,690
650,688
651,691
651,689
652,692
652,690
653,693
653,691
654,694
654,692
655,695
655,693
656,696
656,694
657,697
657,695
658,698
658,696
659,699
659,697
660,700
660,698
661,701
661,699
662,702
662,700
663,703
663,701
664,704
664,702
665,705
665,703
666,706
666,704
667,707
667,705
668,708
668,706
669,709
669,707
670,710
670,708
671,711
671,709
672,712
672,710
673,713
673,711
674,714
674,712
675,715
675,713
676,716
676,714
677,717
677,715
678,718
678,716
679,719
679,717
680,720
680,758
681,721
681,759
682,722
682,720
683,723
683,721
684,724
684,722
685,725
685,723
686,726
686,724
687,727
687,725
688,728
688,726
689,729
689,727
690,730
690,728
691,731
691,729
692,732
692,730
693,733
693,731
694,734
694,732
695,735
695,733
696,736
696,734
697,737
697,735
698,738
698,736
699,739
699,737
700,740
700,738
701,741
701,739
702,742
702,740
703,743
703,741
704,744
704,742
705,745
705,743
706,746
706,744
707,747
707,745
708,748
708,746
709,749
709,747
710,750
710,748
711,751
711,749
712,752
712,750
713,753
713,751
714,754
714,752
715,755
715,753
716,756
716,754
717,757
717,755
718,758
718,756
719,759
719,757
720,760
720,798
721,761
721,799
722,762
722,760
723,763
723,761
724,764
724,762
725,765
725,763
726,766
726,764
727,767
727,765
728,768
728,766
729,769
729,767
730,770
730,768
731,771
731,769
732,772
732,770
733,773
733,771
734,774
734,772
735,775
735,773
736,776
736,774
737,777
737,775
738,778
738,776
739,779
739,777
740,780
740,778
741,781
741,779
742,782
742,780
743,783
743,781
744,784
744,782
745,785
745,783
746,786
746,784
747,787
747,785
748,788
748,786
749,789
749,787
750,790
750,788
751,791
751,789
752,792
752,790
753,793
753,791
754,794
754,792
755,795
755,793
756,796
756,794
757,797
757,795
758,798
758,796
759,799
759,797
760,800
760,838
761,801
761,839
762,802
762,800
763,803
763,801
764,804
764,802
765,805
765,803
766,806
766,804
767,807
767,805
768,808
768,806
769,809
769,807
770,810
770,808
771,811
771,809
772,812
772,810
773,813
773,811
774,814
774,812
775,815
775,813
776,816
776,814
777,817
777,815
778,818
778,816
779,819
779,817
780,820
780,818
781,821
781,819
782,822
782,820
783,823
783,821
784,824
784,822
785,825
785,823
786,826
786,824
787,827
787,825
788,828
788,826
789,829
789,827
790,830
790,828
791,831
791,829
792,832
792,830
793,833
793,831
794,834
794,832
795,835
795,833
796,836
796,834
797,837
797,835
798,838
798,836
799,839
799,837
800,840
800,878
801,841
801,879
802,842
802,840
803,843
803,841
804,844
804,842
805,845
805,843
806,846
806,844
807,847
807,845
808,848
808,846
809,849
809,847
810,850
810,848
811,851
811,849
812,852
812,850
813,853
813,851
814,854
814,852
815,855
815,853
816,856
816,854
817,857
817,855
818,858
818,856
819,859
819,857
820,860
820,858
821,861
821,859
822,862
822,860
823,863
823,861
824,864
824,862
825,865
825,863
826,866
826,864
827,867
827,865
828,868
828,866
829,869
829,867
830,870
830,868
831,871
831,869
832,872
832,870
833,873
833,871
834,874
834,872
835,875
835,873
836,876
836,874
837,877
837,875
838,878
838,876
839,879
839,877
840,880
840,918
841,881
841,919
842,882
842,880
843,883
843,881
844,884
844,882
845,885
845,883
846,886
846,884
847,887
847,885
848,888
848,886
849,889
849,887
850,890
850,888
851,891
851,889
852,892
852,890
853,893
853,891
854,894
854,892
855,895
855,893
856,896
856,894
857,897
857,895
858,898
858,896
859,899
859,897
860,900
860,898
861,901
861,899
862,902
862,900
863,903
863,901
864,904
864,902
865,905
865,903
866,906
866,904
867,907
867,905
868,908
868,906
869,909
869,907
870,910
870,908
871,911
871,909
872,912
872,910
873,913
873,911
874,914
874,912
875,915
875,913
876,916
876,914
877,917
877,915
878,918
878,916
879,919
879,917
880,920
880,958
881,921
881,959
882,922
882,920
883,923
883,921
884,924
884,922
885,925
885,923
886,926
886,924
887,927
887,925
888,928
888,926
889,929
889,927
890,930
890,928
891,931
891,929
892,932
892,930
893,933
893,931
894,934
894,932
895,935
895,933
896,936
896,934
897,937
897,935
898,938
898,936
899,939
899,937
900,940
900,938
901,941
901,939
902,942
902,940
903,943
903,941
904,944
904,942
905,945
905,943
906,946
906,944
907,947
907,945
908,948
908,946
909,949
909,947
910,950
910,948
911,951
911,949
912,952
912,950
913,953
913,951
914,954
914,952
915,955
915,953
916,956
916,954
917,957
917,955
918,958
918,956
919,959
919,957
920,960
920,998
921,961
921,999
922,962
922,960
923,963
923,961
924,964
924,962
925,965
925,963
926,966
926,964
927,967
927,965
928,968
928,966
929,969
929,967
930,970
930,968
931,971
931,969
932,972
932,970
933,973
933,971
934,974
934,972
935,975
935,973
936,976
936,974
937,977
937,975
938,978
938,976
939,979
939,977
940,980
940,978
941,981
941,979
942,982
942,980
943,983
943,981
944,984
944,982
945,985
945,983
946,986
946,984
947,987
947,985
948,988
948,986
949,989
949,987
950,990
950,988
951,991
951,989
952,992
952,990
953,993
953,991
954,994
954,992
955,995
955,993
956,996
956,994
957,997
957,995
958,998
958,996
959,999
959,997
960,1000
960,1038
961,1001
961,1039
962,1002
962,1000
963,1003
963,1001
964,1004
964,1002
965,1005
965,1003
966,1006
966,1004
967,1007
967,1005
968,1008
968,1006
969,1009
969,1007
970,1010
970,1008
971,1011
971,1009
972,1012
972,1010
973,1013
973,1011
974,1014
974,1012
975,1015
975,1013
976,1016
976,1014
977,1017
977,1015
978,1018
978,1016
979,1019
979,1017
980,1020
980,1018
981,1021
981,1019
982,1022
982,1020
983,1023
983,1021
984,1024
984,1022
985,1025
985,1023
986,1026
986,1024
987,1027
987,1025
988,1028
988,1026
989,1029
989,1027
990,1030
990,1028
991,1031
991,1029
992,1032
992,1030
993,1033
993,1031
994,1034
994,1032
995,1035
995,1033
996,1036
996,1034
997,1037
997,1035
998,1038
998,1036
999,1039
999,1037
1000,1040
1000,1078
1001,1041
1001,1079
1002,1042
1002,1040
1003,1043
1003,1041
1004,1044
1004,1042
1005,1045
1005,1043
1006,1046
1006,1044
1007,1047
1007,1045
1008,1048
1008,1046
1009,1049
1009,1047
1010,1050
1010,1048
1011,1051
1011,1049
1012,1052
1012,1050
1013,1053
1013,1051
1014,1054
1014,1052
1015,1055
1015,1053
1016,1056
1016,1054
1017,1057
1017,1055
1018,1058
1018,1056
1019,1059
1019,1057
1020,1060
1020,1058
1021,1061
1021,1059
1022,1062
1022,1060
1023,1063
1023,1061
1024,1064
1024,1062
1025,1065
1025,1063
1026,1066
1026,1064
1027,1067
1027,1065
1028,1068
1028,1066
1029,1069
1029,1067
1030,1070
1030,1068
1031,1071
1031,1069
1032,1072
1032,1070
1033,1073
1033,1071
1034,1074
1034,1072
1035,1075
1035,1073
1036,1076
1036,1074
1037,1077
1037,1075
1038,1078
1038,1076
1039,1079
1039,1077
1040,1080
1040,1118
1041,1081
1041,1119
1042,1082
1042,1080
1043,1083
1043,1081
1044,1084
1044,1082
1045,1085
1045,1083
1046,1086
1046,1084
1047,1087
1047,1085
1048,1088
1048,1086
1049,1089
1049,1087
1050,1090
1050,1088
1051,1091
1051,1089
1052,1092
1052,1090
1053,1093
1053,1091
1054,1094
1054,1092
1055,1095
1055,1093
1056,1096
1056,1094
1057,1097
1057,1095
1058,1098
1058,1096
1059,1099
1059,1097
1060,1100
1060,1098
1061,1101
1061,1099
1062,1102
1062,1100
1063,1103
1063,1101
1064,1104
1064,1102
1065,1105
1065,1103
1066,1106
1066,1104
1067,1107
1067,1105
1068,1108
1068,1106
1069,1109
1069,1107
1070,1110
1070,1108
1071,1111
1071,1109
1072,1112
1072,1110
1073,1113
1073,1111
1074,1114
1074,1112
1075,1115
1075,1113
1076,1116
1076,1114
1077,1117
1077,1115
1078,1118
1078,1116
1079,1119
1079,1117
1080,1120
1080,1158
1081,1121
1081,1159
1082,1122
1082,1120
1083,1123
1083,1121
1084,1124
1084,1122
1085,1125
1085,1123
1086,1126
1086,1124
1087,1127
1087,1125
1088,1128
1088,1126
1089,1129
1089,1127
1090,1130
1090,1128
1091,1131
1091,1129
1092,1132
1092,1130
1093,1133
1093,1131
1094,1134
1094,1132
1095,1135
1095,1133
1096,1136
1096,1134
1097,1137
1097,1135
1098,1138
1098,1136
1099,1139
1099,1137
1100,1140
1100,1138
1101,1141
1101,1139
1102,1142
1102,1140
1103,1143
1103,1141
1104,1144
1104,1142
1105,1145
1105,1143
1106,1146
1106,1144
1107,1147
1107,1145
1108,1148
1108,1146
1109,1149
1109,1147
1110,1150
1110,1148
1111,1151
1111,1149
1112,1152
1112,1150
1113,1153
1113,1151
1114,1154
1114,1152
1115,1155
1115,1153
1116,1156
1116,1154
1117,1157
1117,1155
1118,1158
1118,1156
1119,1159
1119,1157
1120,1160
1120,1198
1121,1161
1121,1199
1122,1162
1122,1160
1123,1163
1123,1161
1124,1164
1124,1162
1125,1165
1125,1163
1126,1166
1126,1164
1127,1167
1127,1165
1128,1168
1128,1166
1129,1169
1129,1167
1130,1170
1130,1168
1131,1171
1131,1169
1132,1172
1132,1170
1133,1173
1133,1171
1134,1174
1134,1172
1135,1175
1135,1173
1136,1176
1136,1174
1137,1177
1137,1175
1138,1178
1138,1176
1139,1179
1139,1177
1140,1180
1140,1178
1141,1181
1141,1179
1142,1182
1142,1180
1143,1183
1143,1181
1144,1184
1144,1182
1145,1185
1145,1183
1146,1186
1146,1184
1147,1187
1147,1185
1148,1188
1148,1186
1149,1189
1149,1187
1150,1190
1150,1188
1151,1191
1151,1189
1152,1192
1152,1190
1153,1193
1153,1191
1154,1194
1154,1192
1155,1195
1155,1193
1156,1196
1156,1194
1157,1197
1157,1195
1158,1198
1158,1196
1159,1199
1159,1197
1160,1200
1160,1238
1161,1201
1161,1239
1162,1202
1162,1200
1163,1203
1163,1201
1164,1204
1164,1202
1165,1205
1165,1203
1166,1206
1166,1204
1167,1207
1167,1205
1168,1208
1168,1206
1169,1209
1169,1207
1170,1210
1170,1208
1171,1211
1171,1209
1172,1212
1172,1210
1173,1213
1173,1211
1174,1214
1174,1212
1175,1215
1175,1213
1176,1216
1176,1214
1177,1217
1177,1215
1178,1218
1178,1216
1179,1219
1179,1217
1180,1220
1180,1218
1181,1221
1181,1219
1182,1222
1182,1220
1183,1223
1183,1221
1184,1224
1184,1222
1185,1225
1185,1223
1186,1226
1186,1224
1187,1227
1187,1225
1188,1228
1188,1226
1189,1229
1189,1227
1190,1230
1190,1228
1191,1231
1191,1229
1192,1232
1192,1230
1193,1233
1193,1231
1194,1234
1194,1232
1195,1235
1195,1233
1196,1236
1196,1234
1197,1237
1197,1235
1198,1238
1198,1236
1199,1239
1199,1237
1200,1240
1200,1278
1201,1241
1201,1279
1202,1242
1202,1240
1203,1243
1203,1241
1204,1244
1204,1242
1205,1245
1205,1243
1206,1246
1206,1244
1207,1247
1207,1245
1208,1248
1208,1246
1209,1249
1209,1247
1210,1250
1210,1248
1211,1251
1211,1249
1212,1252
1212,1250
1213,1253
1213,1251
1214,1254
1214,1252
1215,1255
1215,1253
1216,1256
1216,1254
1217,1257
1217,1255
1218,1258
1218,1256
1219,1259
1219,1257
1220,1260
1220,1258
1221,1261
1221,1259
1222,1262
1222,1260
1223,1263
1223,1261
1224,1264
1224,1262
1225,1265
1225,1263
1226,1266
1226,1264
1227,1267
1227,1265
1228,1268
1228,1266
1229,1269
1229,1267
1230,1270
1230,1268
1231,1271
1231,1269
1232,1272
1232,1270
1233,1273
1233,1271
1234,1274
1234,1272
1235,1275
1235,1273
1236,1276
1236,1274
1237,1277
1237,1275
1238,1278
1238,1276
1239,1279
1239,1277
1240,1280
1240,1318
1241,1281
1241,1319
1242,1282
1242,1280
1243,1283
1243,1281
1244,1284
1244,1282
1245,1285
1245,1283
1246,1286
1246,1284
1247,1287
1247,1285
1248,1288
1248,1286
1249,1289
1249,1287
1250,1290
1250,1288
1251,1291
1251,1289
1252,1292
1252,1290
1253,1293
1253,1291
1254,1294
1254,1292
1255,1295
1255,1293
1256,1296
1256,1294
1257,1297
1257,1295
1258,1298
1258,1296
1259,1299
1259,1297
1260,1300
1260,1298
1261,1301
1261,1299
1262,1302
1262,1300
1263,1303
1263,1301
1264,1304
1264,1302
1265,1305
1265,1303
1266,1306
1266,1304
1267,1307
1267,1305
1268,1308
1268,1306
1269,1309
1269,1307
1270,1310
1270,1308
1271,1311
1271,1309
1272,1312
1272,1310
1273,1313
1273,1311
1274,1314
1274,1312
1275,1315
1275,1313
1276,1316
1276,1314
1277,1317
1277,1315
1278,1318
1278,1316
1279,1319
1279,1317
1280,1320
1280,1358
1281,1321
1281,1359
1282,1322
1282,1320
1283,1323
1283,1321
1284,1324
1284,1322
1285,1325
1285,1323
1286,1326
1286,1324
1287,1327
1287,1325
1288,1328
1288,1326
1289,1329
1289,1327
1290,1330
1290,1328
1291,1331
1291,1329
1292,1332
1292,1330
1293,1333
1293,1331
1294,1334
1294,1332
1295,1335
1295,1333
1296,1336
1296,1334
1297,1337
1297,1335
1298,1338
1298,1336
1299,1339
1299,1337
1300,1340
1300,1338
1301,1341
1301,1339
1302,1342
1302,1340
1303,1343
1303,1341
1304,1344
1304,1342
1305,1345
1305,1343
1306,1346
1306,1344
1307,1347
1307,1345
1308,1348
1308,1346
1309,1349
1309,1347
1310,1350
1310,1348
1311,1351
1311,1349
1312,1352
1312,1350
1313,1353
1313,1351
1314,1354
1314,1352
1315,1355
1315,1353
1316,1356
1316,1354
1317,1357
1317,1355
1318,1358
1318,1356
1319,1359
1319,1357
1320,1360
1320,1398
1321,1361
1321,1399
1322,1362
1322,1360
1323,1363
1323,1361
1324,1364
1324,1362
1325,1365
1325,1363
1326,1366
1326,1364
1327,1367
1327,1365
1328,1368
1328,1366
1329,1369
1329,1367
1330,1370
1330,1368
1331,1371
1331,1369
1332,1372
1332,1370
1333,1373
1333,1371
1334,1374
1334,1372
1335,1375
1335,1373
1336,1376
1336,1374
1337,1377
1337,1375
1338,1378
1338,1376
1339,1379
1339,1377
1340,1380
1340,1378
1341,1381
1341,1379
1342,1382
1342,1380
1343,1383
1343,1381
1344,1384
1344,1382
1345,1385
1345,1383
1346,1386
1346,1384
1347,1387
1347,1385
1348,1388
1348,1386
1349,1389
1349,1387
1350,1390
1350,1388
1351,1391
1351,1389
1352,1392
1352,1390
1353,1393
1353,1391
1354,1394
1354,1392
1355,1395
1355,1393
1356,1396
1356,1394
1357,1397
1357,1395
1358,1398
1358,1396
1359,1399
1359,1397
1360,1400
1360,1438
1361,1401
1361,1439
1362,1402
1362,1400
1363,1403
1363,1401
1364,1404
1364,1402
1365,1405
1365,1403
1366,1406
1366,1404
1367,1407
1367,1405
1368,1408
1368,1406
1369,1409
1369,1407
1370,1410
1370,1408
1371,1411
1371,1409
1372,1412
1372,1410
1373,1413
1373,1411
1374,1414
1374,1412
1375,1415
1375,1413
1376,1416
1376,1414
1377,1417
1377,1415
1378,1418
1378,1416
1379,1419
1379,1417
1380,1420
1380,1418
1381,1421
1381,1419
1382,1422
1382,1420
1383,1423
1383,1421
1384,1424
1384,1422
1385,1425
1385,1423
1386,1426
1386,1424
1387,1427
1387,1425
1388,1428
1388,1426
1389,1429
1389,1427
1390,1430
1390,1428
1391,1431
1391,1429
1392,1432
1392,1430
1393,1433
1393,1431
1394,1434
1394,1432
1395,1435
1395,1433
1396,1436
1396,1434
1397,1437
1397,1435
1398,1438
1398,1436
1399,1439
1399,1437
1400,1440
1400,1478
1401,1441
1401,1479
1402,1442
1402,1440
1403,1443
1403,1441
1404,1444
1404,1442
1405,1445
1405,1443
1406,1446
1406,1444
1407,1447
1407,1445
1408,1448
1408,1446
1409,1449
1409,1447
1410,1450
1410,1448
1411,1451
1411,1449
1412,1452
1412,1450
1413,1453
1413,1451
1414,1454
1414,1452
1415,1455
1415,1453
1416,1456
1416,1454
1417,1457
1417,1455
1418,1458
1418,1456
1419,1459
1419,1457
1420,1460
1420,1458
1421,1461
1421,1459
1422,1462
1422,1460
1423,1463
1423,1461
1424,1464
1424,1462
1425,1465
1425,1463
1426,1466
1426,1464
1427,1467
1427,1465
1428,1468
1428,1466
1429,1469
1429,1467
1430,1470
1430,1468
1431,1471
1431,1469
1432,1472
1432,1470
1433,1473
1433,1471
1434,1474
1434,1472
1435,1475
1435,1473
1436,1476
1436,1474
1437,1477
1437,1475
1438,1478
1438,1476
1439,1479
1439,1477
1440,1480
1440,1518
1441,1481
1441,1519
1442,1482
1442,1480
1443,1483
1443,1481
1444,1484
1444,1482
1445,1485
1445,1483
1446,1486
1446,1484
1447,1487
1447,1485
1448,1488
1448,1486
1449,1489
1449,1487
1450,1490
1450,1488
1451,1491
1451,1489
1452,1492
1452,1490
1453,1493
1453,1491
1454,1494
1454,1492
1455,1495
1455,1493
1456,1496
1456,1494
1457,1497
1457,1495
1458,1498
1458,1496
1459,1499
1459,1497
1460,1500
1460,1498
1461,1501
1461,1499
1462,1502
1462,1500
1463,1503
1463,1501
1464,1504
1464,1502
1465,1505
1465,1503
1466,1506
1466,1504
1467,1507
1467,1505
1468,1508
1468,1506
1469,1509
1469,1507
1470,1510
1470,1508
1471,1511
1471,1509
1472,1512
1472,1510
1473,1513
1473,1511
1474,1514
1474,1512
1475,1515
1475,1513
1476,1516
1476,1514
1477,1517
1477,1515
1478,1518
1478,1516
1479,1519
1479,1517
1480,1520
1480,1558
1481,1521
1481,1559
1482,1522
1482,1520
1483,1523
1483,1521
1484,1524
1484,1522
1485,1525
1485,1523
1486,1526
1486,1524
1487,1527
1487,1525
1488,1528
1488,1526
1489,1529
1489,1527
1490,1530
1490,1528
1491,1531
1491,1529
1492,1532
1492,1530
1493,1533
1493,1531
1494,1534
1494,1532
1495,1535
1495,1533
1496,1536
1496,1534
1497,1537
1497,1535
1498,1538
1498,1536
1499,1539
1499,1537
1500,1540
1500,1538
1501,1541
1501,1539
1502,1542
1502,1540
1503,1543
1503,1541
1504,1544
1504,1542
1505,1545
1505,1543
1506,1546
1506,1544
1507,1547
1507,1545
1508,1548
1508,1546
1509,1549
1509,1547
1510,1550
1510,1548
1511,1551
1511,1549
1512,1552
1512,1550
1513,1553
1513,1551
1514,1554
1514,1552
1515,1555
1515,1553
1516,1556
1516,1554
1517,1557
1517,1555
1518,1558
1518,1556
1519,1559
1519,1557
1520,1560
1520,1598
1521,1561
1521,1599
1522,1562
1522,1560
1523,1563
1523,1561
1524,1564
1524,1562
1525,1565
1525,1563
1526,1566
1526,1564
1527,1567
1527,1565
1528,1568
1528,1566
1529,1569
1529,1567
1530,1570
1530,1568
1531,1571
1531,1569
1532,1572
1532,1570
1533,1573
1533,1571
1534,1574
1534,1572
1535,1575
1535,1573
1536,1576
1536,1574
1537,1577
1537,1575
1538,1578
1538,1576
1539,1579
1539,1577
1540,1580
1540,1578
1541,1581
1541,1579
1542,1582
1542,1580
1543,1583
1543,1581
1544,1584
1544,1582
1545,1585
1545,1583
1546,1586
1546,1584
1547,1587
1547,1585
1548,1588
1548,1586
1549,1589
1549,1587
1550,1590
1550,1588
1551,1591
1551,1589
1552,1592
1552,1590
1553,1593
1553,1591
1554,1594
1554,1592
1555,1595
1555,1593
1556,1596
1556,1594
1557,1597
1557,1595
1558,1598
1558,1596
1559,1599
1559,1597
