0,63
0,103
0,1087
0,1127
1,64
1,104
1,1054
1,1128
2,65
2,105
2,1055
2,1129
3,66
3,106
3,1056
3,1130
4,67
4,107
4,1057
4,1131
5,34
5,1058
5,76
5,1132
6,35
6,77
6,1133
7,36
7,1134
7,78
8,37
8,1135
8,79
8,1093
9,38
9,1136
9,80
9,1094
10,1137
10,39
10,1095
11,1138
11,114
11,40
11,1096
12,1139
12,115
12,41
12,1097
13,1140
13,42
13,116
13,1066
14,117
14,43
14,1067
14,1141
15,44
15,118
15,1068
15,1142
16,45
16,119
16,1069
16,1143
17,46
17,120
17,1070
17,1144
18,47
18,121
18,1071
18,1145
19,48
19,122
19,1072
19,1146
20,49
20,123
20,1073
20,1147
21,50
21,124
21,1074
21,1148
22,51
22,1075
22,93
22,1149
23,52
23,94
23,1150
24,53
24,1151
24,95
25,54
25,1152
25,96
25,1110
26,55
26,1153
26,97
26,1111
27,1154
27,56
27,1112
28,1155
28,131
28,57
28,1113
29,1122
29,132
29,58
29,1114
30,1123
30,59
30,133
30,1083
31,134
31,60
31,1084
31,1124
32,61
32,135
32,1085
32,1125
33,62
33,102
33,1086
33,1126
34,97
34,137
34,1121
35,98
35,138
35,1088
36,1089
36,99
36,139
37,100
37,1090
37,140
38,101
38,141
38,1091
39,68
39,1092
39,110
40,69
40,111
41,70
41,112
42,71
42,113
42,1127
43,72
43,1128
44,73
44,1129
45,74
45,1130
46,75
46,149
46,1099
47,76
47,150
47,1100
48,151
48,77
48,1101
49,78
49,152
49,1102
50,79
50,153
50,1103
51,80
51,154
51,1104
52,81
52,155
52,1105
53,1106
53,82
53,156
54,83
54,1107
54,157
55,84
55,158
55,1108
56,85
56,1109
56,127
57,86
57,128
58,87
58,129
59,88
59,130
59,1144
60,89
60,1145
61,90
61,1146
62,91
62,1147
63,92
63,166
63,1116
64,93
64,167
64,1117
65,168
65,94
65,1118
66,95
66,169
66,1119
67,96
67,136
67,1120
68,131
68,171
68,1155
69,132
69,172
69,1122
70,133
70,173
70,1123
71,134
71,174
71,1124
72,135
72,175
72,1125
73,102
73,1126
73,144
74,103
74,145
75,104
75,146
76,105
76,147
77,106
77,148
78,107
79,182
79,108
80,183
80,109
81,110
81,184
81,1134
82,185
82,111
82,1135
83,112
83,186
83,1136
84,113
84,187
84,1137
85,114
85,188
85,1138
86,115
86,189
86,1139
87,116
87,190
87,1140
88,117
88,191
88,1141
89,118
89,192
89,1142
90,119
90,1143
90,161
91,120
91,162
92,121
92,163
93,122
93,164
94,123
94,165
95,124
96,199
96,125
97,200
97,126
98,127
98,201
98,1151
99,202
99,128
99,1152
100,129
100,203
100,1153
101,130
101,170
101,1154
102,165
102,205
103,166
103,206
104,167
104,207
105,168
105,208
106,169
106,209
107,136
107,178
108,137
108,179
109,138
109,180
110,139
110,181
111,140
112,141
113,142
114,143
114,217
115,144
115,218
116,219
116,145
117,146
117,220
118,147
118,221
119,148
119,222
120,149
120,223
121,150
121,224
122,151
122,225
123,152
123,226
124,153
124,195
125,154
125,196
126,155
126,197
127,156
127,198
128,157
129,158
130,159
131,160
131,234
132,161
132,235
133,236
133,162
134,163
134,237
135,164
135,204
136,199
136,239
137,200
137,240
138,201
138,241
139,202
139,242
140,203
140,243
141,170
141,212
142,171
142,213
143,172
143,214
144,173
144,215
145,174
145,216
146,175
147,250
147,176
148,251
148,177
149,178
149,252
150,253
150,179
151,180
151,254
152,181
152,255
153,182
153,256
154,183
154,257
155,184
155,258
156,185
156,259
157,186
157,260
158,187
158,229
159,188
159,230
160,189
160,231
161,190
161,232
162,191
162,233
163,192
164,267
164,193
165,268
165,194
166,195
166,269
167,270
167,196
168,197
168,271
169,198
169,238
170,233
170,273
171,234
171,274
172,235
172,275
173,236
173,276
174,237
174,277
175,204
175,246
176,205
176,247
177,206
177,248
178,207
178,249
179,208
180,209
181,210
182,211
182,285
183,212
183,286
184,287
184,213
185,214
185,288
186,215
186,289
187,216
187,290
188,217
188,291
189,218
189,292
190,219
190,293
191,220
191,294
192,221
192,263
193,222
193,264
194,223
194,265
195,224
195,266
196,225
197,226
198,227
199,228
199,302
200,229
200,303
201,304
201,230
202,231
202,305
203,232
203,272
204,267
204,307
205,268
205,308
206,269
206,309
207,270
207,310
208,271
208,311
209,238
209,280
210,239
210,281
211,240
211,282
212,241
212,283
213,242
213,284
214,243
215,318
215,244
216,319
216,245
217,246
217,320
218,321
218,247
219,248
219,322
220,249
220,323
221,250
221,324
222,251
222,325
223,252
223,326
224,253
224,327
225,254
225,328
226,255
226,297
227,256
227,298
228,257
228,299
229,258
229,300
230,259
230,301
231,260
232,335
232,261
233,336
233,262
234,263
234,337
235,338
235,264
236,265
236,339
237,266
237,306
238,301
238,341
239,302
239,342
240,303
240,343
241,304
241,344
242,305
242,345
243,272
243,314
244,273
244,315
245,274
245,316
246,275
246,317
247,276
248,277
249,278
250,279
250,353
251,280
251,354
252,355
252,281
253,282
253,356
254,283
254,357
255,284
255,358
256,285
256,359
257,286
257,360
258,287
258,361
259,288
259,362
260,289
260,331
261,290
261,332
262,291
262,333
263,292
263,334
264,293
265,294
266,295
267,296
267,370
268,297
268,371
269,372
269,298
270,299
270,373
271,300
271,340
272,335
272,375
273,336
273,376
274,337
274,377
275,338
275,378
276,339
276,379
277,306
277,348
278,307
278,349
279,308
279,350
280,309
280,351
281,310
281,352
282,311
283,386
283,312
284,387
284,313
285,314
285,388
286,389
286,315
287,316
287,390
288,317
288,391
289,318
289,392
290,319
290,393
291,320
291,394
292,321
292,395
293,322
293,396
294,323
294,365
295,324
295,366
296,325
296,367
297,326
297,368
298,327
298,369
299,328
300,403
300,329
301,404
301,330
302,331
302,405
303,406
303,332
304,333
304,407
305,334
305,374
306,369
306,409
307,370
307,410
308,371
308,411
309,372
309,412
310,373
310,413
311,340
311,382
312,341
312,383
313,342
313,384
314,343
314,385
315,344
316,345
317,346
318,347
318,421
319,348
319,422
320,423
320,349
321,350
321,424
322,351
322,425
323,352
323,426
324,353
324,427
325,354
325,428
326,355
326,429
327,356
327,430
328,357
328,399
329,358
329,400
330,359
330,401
331,360
331,402
332,361
333,362
334,363
335,364
335,438
336,365
336,439
337,440
337,366
338,367
338,441
339,368
339,408
340,403
340,443
341,404
341,444
342,405
342,445
343,406
343,446
344,407
344,447
345,374
345,416
346,375
346,417
347,376
347,418
348,377
348,419
349,378
349,420
350,379
351,454
351,380
352,455
352,381
353,382
353,456
354,457
354,383
355,384
355,458
356,385
356,459
357,386
357,460
358,387
358,461
359,388
359,462
360,389
360,463
361,390
361,464
362,391
362,433
363,392
363,434
364,393
364,435
365,394
365,436
366,395
366,437
367,396
368,471
368,397
369,472
369,398
370,399
370,473
371,474
371,400
372,401
372,475
373,402
373,442
374,437
374,477
375,438
375,478
376,439
376,479
377,440
377,480
378,441
378,481
379,408
379,450
380,409
380,451
381,410
381,452
382,411
382,453
383,412
384,413
385,414
386,415
386,489
387,416
387,490
388,491
388,417
389,418
389,492
390,419
390,493
391,420
391,494
392,421
392,495
393,422
393,496
394,423
394,497
395,424
395,498
396,425
396,467
397,426
397,468
398,427
398,469
399,428
399,470
400,429
401,430
402,431
403,432
403,506
404,433
404,507
405,508
405,434
406,435
406,509
407,436
407,476
408,471
408,511
409,472
409,512
410,473
410,513
411,474
411,514
412,475
412,515
413,442
413,484
414,443
414,485
415,444
415,486
416,445
416,487
417,446
417,488
418,447
419,522
419,448
420,523
420,449
421,450
421,524
422,525
422,451
423,452
423,526
424,453
424,527
425,454
425,528
426,455
426,529
427,456
427,530
428,457
428,531
429,458
429,532
430,459
430,501
431,460
431,502
432,461
432,503
433,462
433,504
434,463
434,505
435,464
436,539
436,465
437,540
437,466
438,467
438,541
439,542
439,468
440,469
440,543
441,470
441,510
442,505
442,545
443,506
443,546
444,507
444,547
445,508
445,548
446,509
446,549
447,476
447,518
448,477
448,519
449,478
449,520
450,479
450,521
451,480
452,481
453,482
454,483
454,557
455,484
455,558
456,559
456,485
457,486
457,560
458,487
458,561
459,488
459,562
460,489
460,563
461,490
461,564
462,491
462,565
463,492
463,566
464,493
464,535
465,494
465,536
466,495
466,537
467,496
467,538
468,497
469,498
470,499
471,500
471,574
472,501
472,575
473,576
473,502
474,503
474,577
475,504
475,544
476,539
476,579
477,540
477,580
478,541
478,581
479,542
479,582
480,543
480,583
481,510
481,552
482,511
482,553
483,512
483,554
484,513
484,555
485,514
485,556
486,515
487,590
487,516
488,591
488,517
489,518
489,592
490,593
490,519
491,520
491,594
492,521
492,595
493,522
493,596
494,523
494,597
495,524
495,598
496,525
496,599
497,526
497,600
498,527
498,569
499,528
499,570
500,529
500,571
501,530
501,572
502,531
502,573
503,532
504,607
504,533
505,608
505,534
506,535
506,609
507,610
507,536
508,537
508,611
509,538
509,578
510,573
510,613
511,574
511,614
512,575
512,615
513,576
513,616
514,577
514,617
515,544
515,586
516,545
516,587
517,546
517,588
518,547
518,589
519,548
520,549
521,550
522,551
522,625
523,552
523,626
524,627
524,553
525,554
525,628
526,555
526,629
527,556
527,630
528,557
528,631
529,558
529,632
530,559
530,633
531,560
531,634
532,561
532,603
533,562
533,604
534,563
534,605
535,564
535,606
536,565
537,566
538,567
539,568
539,642
540,569
540,643
541,644
541,570
542,571
542,645
543,572
543,612
544,607
544,647
545,608
545,648
546,609
546,649
547,610
547,650
548,611
548,651
549,578
549,620
550,579
550,621
551,580
551,622
552,581
552,623
553,582
553,624
554,583
555,658
555,584
556,659
556,585
557,586
557,660
558,661
558,587
559,588
559,662
560,589
560,663
561,590
561,664
562,591
562,665
563,592
563,666
564,593
564,667
565,594
565,668
566,595
566,637
567,596
567,638
568,597
568,639
569,598
569,640
570,599
570,641
571,600
572,675
572,601
573,676
573,602
574,603
574,677
575,678
575,604
576,605
576,679
577,606
577,646
578,641
578,681
579,642
579,682
580,643
580,683
581,644
581,684
582,645
582,685
583,612
583,654
584,613
584,655
585,614
585,656
586,615
586,657
587,616
588,617
589,618
590,619
590,693
591,620
591,694
592,695
592,621
593,622
593,696
594,623
594,697
595,624
595,698
596,625
596,699
597,626
597,700
598,627
598,701
599,628
599,702
600,629
600,671
601,630
601,672
602,631
602,673
603,632
603,674
604,633
605,634
606,635
607,636
607,710
608,637
608,711
609,712
609,638
610,639
610,713
611,640
611,680
612,675
612,715
613,676
613,716
614,677
614,717
615,678
615,718
616,679
616,719
617,646
617,688
618,647
618,689
619,648
619,690
620,649
620,691
621,650
621,692
622,651
623,726
623,652
624,727
624,653
625,654
625,728
626,729
626,655
627,656
627,730
628,657
628,731
629,658
629,732
630,659
630,733
631,660
631,734
632,661
632,735
633,662
633,736
634,663
634,705
635,664
635,706
636,665
636,707
637,666
637,708
638,667
638,709
639,668
640,743
640,669
641,744
641,670
642,671
642,745
643,746
643,672
644,673
644,747
645,674
645,714
646,709
646,749
647,710
647,750
648,711
648,751
649,712
649,752
650,713
650,753
651,680
651,722
652,681
652,723
653,682
653,724
654,683
654,725
655,684
656,685
657,686
658,687
658,761
659,688
659,762
660,763
660,689
661,690
661,764
662,691
662,765
663,692
663,766
664,693
664,767
665,694
665,768
666,695
666,769
667,696
667,770
668,697
668,739
669,698
669,740
670,699
670,741
671,700
671,742
672,701
673,702
674,703
675,704
675,778
676,705
676,779
677,780
677,706
678,707
678,781
679,708
679,748
680,743
680,783
681,744
681,784
682,745
682,785
683,746
683,786
684,747
684,787
685,714
685,756
686,715
686,757
687,716
687,758
688,717
688,759
689,718
689,760
690,719
691,794
691,720
692,795
692,721
693,722
693,796
694,797
694,723
695,724
695,798
696,725
696,799
697,726
697,800
698,727
698,801
699,728
699,802
700,729
700,803
701,730
701,804
702,731
702,773
703,732
703,774
704,733
704,775
705,734
705,776
706,735
706,777
707,736
708,811
708,737
709,812
709,738
710,739
710,813
711,814
711,740
712,741
712,815
713,742
713,782
714,777
714,817
715,778
715,818
716,779
716,819
717,780
717,820
718,781
718,821
719,748
719,790
720,749
720,791
721,750
721,792
722,751
722,793
723,752
724,753
725,754
726,755
726,829
727,756
727,830
728,831
728,757
729,758
729,832
730,759
730,833
731,760
731,834
732,761
732,835
733,762
733,836
734,763
734,837
735,764
735,838
736,765
736,807
737,766
737,808
738,767
738,809
739,768
739,810
740,769
741,770
742,771
743,772
743,846
744,773
744,847
745,848
745,774
746,775
746,849
747,776
747,816
748,811
748,851
749,812
749,852
750,813
750,853
751,814
751,854
752,815
752,855
753,782
753,824
754,783
754,825
755,784
755,826
756,785
756,827
757,786
757,828
758,787
759,862
759,788
760,863
760,789
761,790
761,864
762,865
762,791
763,792
763,866
764,793
764,867
765,794
765,868
766,795
766,869
767,796
767,870
768,797
768,871
769,798
769,872
770,799
770,841
771,800
771,842
772,801
772,843
773,802
773,844
774,803
774,845
775,804
776,879
776,805
777,880
777,806
778,807
778,881
779,882
779,808
780,809
780,883
781,810
781,850
782,845
782,885
783,846
783,886
784,847
784,887
785,848
785,888
786,849
786,889
787,816
787,858
788,817
788,859
789,818
789,860
790,819
790,861
791,820
792,821
793,822
794,823
794,897
795,824
795,898
796,899
796,825
797,826
797,900
798,827
798,901
799,828
799,902
800,829
800,903
801,830
801,904
802,831
802,905
803,832
803,906
804,833
804,875
805,834
805,876
806,835
806,877
807,836
807,878
808,837
809,838
810,839
811,840
811,914
812,841
812,915
813,916
813,842
814,843
814,917
815,844
815,884
816,879
816,919
817,880
817,920
818,881
818,921
819,882
819,922
820,883
820,923
821,850
821,892
822,851
822,893
823,852
823,894
824,853
824,895
825,854
825,896
826,855
827,930
827,856
828,931
828,857
829,858
829,932
830,933
830,859
831,860
831,934
832,861
832,935
833,862
833,936
834,863
834,937
835,864
835,938
836,865
836,939
837,866
837,940
838,867
838,909
839,868
839,910
840,869
840,911
841,870
841,912
842,871
842,913
843,872
844,947
844,873
845,948
845,874
846,875
846,949
847,950
847,876
848,877
848,951
849,878
849,918
850,913
850,953
851,914
851,954
852,915
852,955
853,916
853,956
854,917
854,957
855,884
855,926
856,885
856,927
857,886
857,928
858,887
858,929
859,888
860,889
861,890
862,891
862,965
863,892
863,966
864,967
864,893
865,894
865,968
866,895
866,969
867,896
867,970
868,897
868,971
869,898
869,972
870,899
870,973
871,900
871,974
872,901
872,943
873,902
873,944
874,903
874,945
875,904
875,946
876,905
877,906
878,907
879,908
879,982
880,909
880,983
881,984
881,910
882,911
882,985
883,912
883,952
884,947
884,987
885,948
885,988
886,949
886,989
887,950
887,990
888,951
888,991
889,918
889,960
890,919
890,961
891,920
891,962
892,921
892,963
893,922
893,964
894,923
895,998
895,924
896,999
896,925
897,926
897,1000
898,1001
898,927
899,928
899,1002
900,929
900,1003
901,930
901,1004
902,931
902,1005
903,932
903,1006
904,933
904,1007
905,934
905,1008
906,935
906,977
907,936
907,978
908,937
908,979
909,938
909,980
910,939
910,981
911,940
912,1015
912,941
913,1016
913,942
914,943
914,1017
915,1018
915,944
916,945
916,1019
917,946
917,986
918,981
918,1021
919,982
919,1022
920,983
920,1023
921,984
921,1024
922,985
922,1025
923,952
923,994
924,953
924,995
925,954
925,996
926,955
926,997
927,956
928,957
929,958
930,959
930,1033
931,960
931,1034
932,1035
932,961
933,962
933,1036
934,963
934,1037
935,964
935,1038
936,965
936,1039
937,966
937,1040
938,967
938,1041
939,968
939,1042
940,969
940,1011
941,970
941,1012
942,971
942,1013
943,972
943,1014
944,973
945,974
946,975
947,976
947,1050
948,977
948,1051
949,1052
949,978
950,979
950,1053
951,980
951,1020
952,1015
952,1055
953,1016
953,1056
954,1017
954,1057
955,1018
955,1058
956,1019
956,1059
957,986
957,1028
958,987
958,1029
959,988
959,1030
960,989
960,1031
961,990
961,1032
962,991
963,1066
963,992
964,1067
964,993
965,994
965,1068
966,1069
966,995
967,996
967,1070
968,997
968,1071
969,998
969,1072
970,999
970,1073
971,1000
971,1074
972,1001
972,1075
973,1002
973,1076
974,1003
974,1045
975,1004
975,1046
976,1005
976,1047
977,1006
977,1048
978,1007
978,1049
979,1008
980,1083
980,1009
981,1084
981,1010
982,1011
982,1085
983,1086
983,1012
984,1013
984,1087
985,1014
985,1054
986,1049
986,1089
987,1050
987,1090
988,1051
988,1091
989,1052
989,1092
990,1053
990,1093
991,1020
991,1062
992,1021
992,1063
993,1022
993,1064
994,1023
994,1065
995,1024
996,1025
997,1026
998,1027
998,1101
999,1028
999,1102
1000,1103
1000,1029
1001,1030
1001,1104
1002,1031
1002,1105
1003,1032
1003,1106
1004,1033
1004,1107
1005,1034
1005,1108
1006,1035
1006,1109
1007,1036
1007,1110
1008,1037
1008,1079
1009,1038
1009,1080
1010,1039
1010,1081
1011,1040
1011,1082
1012,1041
1013,1042
1014,1043
1015,1044
1015,1118
1016,1045
1016,1119
1017,1120
1017,1046
1018,1047
1018,1121
1019,1048
1019,1088
1020,1083
1020,1123
1021,1084
1021,1124
1022,1085
1022,1125
1023,1086
1023,1126
1024,1087
1024,1127
1025,1054
1025,1096
1026,1055
1026,1097
1027,1056
1027,1098
1028,1057
1028,1099
1029,1058
1029,1100
1030,1059
1031,1134
1031,1060
1032,1135
1032,1061
1033,1062
1033,1136
1034,1137
1034,1063
1035,1064
1035,1138
1036,1065
1036,1139
1037,1066
1037,1140
1038,1067
1038,1141
1039,1068
1039,1142
1040,1069
1040,1143
1041,1070
1041,1144
1042,1071
1042,1113
1043,1072
1043,1114
1044,1073
1044,1115
1045,1074
1045,1116
1046,1075
1046,1117
1047,1076
1048,1151
1048,1077
1049,1152
1049,1078
1050,1079
1050,1153
1051,1154
1051,1080
1052,1081
1052,1155
1053,1082
1053,1122
1054,1117
1055,1118
1056,1119
1057,1120
1058,1121
1059,1088
1059,1130
1060,1089
1060,1131
1061,1090
1061,1132
1062,1091
1062,1133
1063,1092
1064,1093
1065,1094
1066,1095
1067,1096
1068,1097
1069,1098
1070,1099
1071,1100
1072,1101
1073,1102
1074,1103
1075,1104
1076,1105
1076,1147
1077,1106
1077,1148
1078,1107
1078,1149
1079,1108
1079,1150
1080,1109
1081,1110
1082,1111
1083,1112
1084,1113
1085,1114
1086,1115
1087,1116
1088,1151
1089,1152
1090,1153
1091,1154
1092,1155
1093,1122
1094,1123
1095,1124
1096,1125
1097,1126
1098,1127
1099,1128
1100,1129
1101,1130
1102,1131
1103,1132
1104,1133
1105,1134
1106,1135
1107,1136
1108,1137
1109,1138
1110,1139
1111,1140
1112,1141
1113,1142
1114,1143
1115,1144
1116,1145
1117,1146
1118,1147
1119,1148
1120,1149
1121,1150
