0,1.2388097792819113,7.5787005720383345,8.817510351320246
1,1.209967777629671,8.268325792096208,9.47829356972588
2,1.167833597954849,7.785949880102247,8.953783478057096
3,1.193098481395517,6.5770267502123945,7.770125231607912
4,1.2570653974380714,6.260703241753121,7.517768639191193
5,1.3105277657414978,5.942697579244467,7.253225344985966
6,1.3973395126243824,6.509428010384933,7.906767523009315
7,1.340275794167914,6.712787376128653,8.053063170296568
8,1.284675876552251,7.048379314807461,8.333055191359712
9,1.2126271236025565,7.836006372763191,9.048633496365747
10,1.165455320026296,7.711829212554715,8.877284532581012
11,1.1637378675101526,6.83192810523379,7.995665972743943
12,1.176601891628486,6.112548404181781,7.289150295810266
13,1.215121127167705,5.91673620700618,7.131857334173885
14,1.2853316711175191,6.855214605279944,8.140546276397462
15,1.251843237747786,7.108687800114107,8.360531037861893
16,1.2289604301490566,7.4614933910916585,8.690453821240716
17,1.1828684570630426,7.4726730956899114,8.655541552752954
18,1.1653450792848603,6.816690343352246,7.9820354226371055
19,1.1691979594921158,6.515887581242187,7.685085540734303
20,1.1773661924717964,6.009648991021944,7.18701518349374
21,1.2564795945501182,6.907698209771957,8.164177804322076
22,1.2400975887269807,7.1555712587577,8.39566884748468
23,1.2231927246159318,7.3893316414845,8.61252436610043
24,1.207847505625743,7.619622718026441,8.827470223652183
25,1.177504711411328,6.851839950975553,8.029344662386881
26,1.1738859154779429,6.4087618311457275,7.58264774662367
27,1.1814665504417923,6.342471134080694,7.523937684522486
28,1.229979450446022,7.412279753332569,8.64225920377859
29,1.2192421075611615,7.622474443877873,8.841716551439035
30,1.2046089306154215,7.614435486809215,8.819044417424635
31,1.176810760263367,6.3656990829116475,7.542509843175015
32,1.213245253314705,7.532860751208114,8.746106004522819
33,1.2001770937296397,7.6059136885512375,8.806090782280878
34,1.1865180237308635,7.097757469620449,8.284275493351313
35,1.2631273553790299,5.4553726360606065,6.718499991439637
36,1.227026234223428,5.746710319693544,6.973736553916972
37,1.1784599745466227,5.923177386041841,7.101637360588464
38,1.2073491961222202,5.191702506762484,6.399051702884704
39,1.2797882992119134,4.767055985446108,6.046844284658022
40,1.334209623168767,4.534608528825768,5.868818151994534
41,1.4298267183950828,4.784269220643649,6.214095939038732
42,1.3745404065909714,4.880241887193849,6.25478229378482
43,1.3113113611947051,5.105284493980128,6.416595855174833
44,1.2344357777116268,5.390621317526685,6.625057095238312
45,1.1768542352241351,5.962476258384198,7.139330493608333
46,1.1801683451665015,5.113576334584527,6.293744679751029
47,1.201100773308127,4.701429151536078,5.902529924844205
48,1.2374334194690961,4.426050673680199,5.663484093149295
49,1.3178389501926497,4.851972728367569,6.169811678560219
50,1.2793404627046518,4.974741577806502,6.254082040511154
51,1.258490485437377,5.231746779232542,6.4902372646699185
52,1.2047394708674783,5.2065261089527395,6.411265579820218
53,1.1788744357457146,5.080640811101011,6.259515246846726
54,1.189489340646982,4.787113844824263,5.9766031854712445
55,1.1971041798790731,4.4245662427965975,5.62167042267567
56,1.286763177260926,4.811891431246291,6.098654608507218
57,1.268111971987026,4.919091249262851,6.187203221249877
58,1.2508570426481138,5.099360373310527,6.350217415958641
59,1.2318319434901437,5.203564458297311,6.435396401787455
60,1.1963509053273973,5.081465266841393,6.277816172168791
61,1.1946050041583298,4.757884333978261,5.952489338136591
62,1.204572655172502,4.57737971038571,5.781952365558212
63,1.2626074073739304,5.087189098076531,6.3497965054504615
64,1.2479463486093223,5.179828809215198,6.42777515782452
65,1.2312956002201219,5.1742662425757695,6.405561842795891
66,1.1947810889953379,4.720906255532352,5.91568734452769
67,1.240596569857543,5.104840243292218,6.34543681314976
68,1.2255067917198117,5.116625854821258,6.34213264654107
69,1.2079377364969817,4.9060962989265455,6.114034035423527
70,1.2799504368278005,4.7456995627543535,6.0256499995821535
71,1.2596224671063347,5.077908581302468,6.3375310484088025
72,1.18826297560627,5.387818800676935,6.576081776283205
73,1.2175131728540747,4.721133699280032,5.938646872134107
74,1.303718765433697,4.429013249150973,5.73273201458467
75,1.3848980576358751,4.175534083858499,5.560432141494374
76,1.4777486100801895,4.183336163979671,5.66108477405986
77,1.4338109933024026,4.40430789630287,5.838118889605273
78,1.343923633562738,4.541918441673698,5.885842075236436
79,1.2659037584808226,4.6279699196725534,5.893873678153376
80,1.187512471449805,5.683290604525313,6.870803075975118
81,1.195196875349412,4.608667966560856,5.803864841910268
82,1.2201028298217862,4.255711261656676,5.475814091478462
83,1.2936399767547273,4.118701386540233,5.412341363294961
84,1.3754967575618164,4.252662408563625,5.628159166125441
85,1.3353730388484886,4.384637011192356,5.720010050040845
86,1.2882920015626522,4.457258643721789,5.745550645284442
87,1.2226229683427792,4.465983154703174,5.688606123045954
88,1.1938332159133274,4.562532259673707,5.7563654755870335
89,1.2092685787979196,4.22585553858912,5.43512411738704
90,1.2340529783612164,4.038995283252503,5.273048261613719
91,1.3404811169553112,4.147513177283441,5.487994294238753
92,1.321209732843915,4.284630283419009,5.605840016262924
93,1.2910276487737453,4.365605737871111,5.656633386644857
94,1.265140823856655,4.435212924330549,5.700353748187204
95,1.213233061125453,4.5658043024445885,5.779037363570041
96,1.2163343760090797,4.229760925860715,5.446095301869795
97,1.2523642132581205,4.1188704312218825,5.371234644480003
98,1.3110640221423213,4.342260878385786,5.653324900528107
99,1.289876522811077,4.377406133055675,5.667282655866751
100,1.2769832605611728,4.416527055571759,5.693510316132932
101,1.2225991880440903,4.195083852339033,5.417683040383123
102,1.2840799806461276,4.313607946057642,5.59768792670377
103,1.2711354819272316,4.337378759931362,5.608514241858593
104,1.242597872664003,4.305529608323315,5.5481274809873184
105,1.3090094968811925,4.518961756490017,5.82797125337121
106,1.2930712543775904,4.793246131947744,6.086317386325335
107,1.2111300035775374,5.190612978797983,6.40174298237552
108,1.2292357608583508,4.5618469098740775,5.791082670732428
109,1.3217266144470712,4.187016688639954,5.508743303087025
110,1.4328773628585911,4.067849491289783,5.500726854148374
111,1.6014374002976968,4.081118893815633,5.68255629411333
112,1.482304066758945,4.170927346719632,5.6532314134785775
113,1.3572100358678316,4.235777552136426,5.592987588004258
114,1.2994476102028418,4.311048732552006,5.610496342754848
115,1.1997453948074877,5.541049718832479,6.740795113639967
116,1.2188929128331543,4.355069240335798,5.573962153168952
117,1.2348767469444308,4.008688726154616,5.243565473099046
118,1.3284613363064135,3.9079681282638834,5.236429464570297
119,1.4741350736502645,4.003979351602216,5.47811442525248
120,1.3676230452782911,4.021370026357011,5.388993071635302
121,1.3239054673771555,4.144647826209782,5.468553293586938
122,1.2476457474238334,4.224019519614074,5.471665267037907
123,1.2039107735349601,4.3558287790292045,5.559739552564165
124,1.234054883546615,3.9852040316691677,5.219258915215782
125,1.262813742999489,3.815600345595708,5.078414088595197
126,1.4205512475664395,3.879813524404632,5.300364771971072
127,1.3772167784209774,3.9519816428358943,5.329198421256872
128,1.334209527221948,4.003238296044408,5.3374478232663565
129,1.2927006691219485,4.067691953447158,5.3603926225691065
130,1.2291739609889598,4.35691249506095,5.58608645604991
131,1.2402313950138693,4.056321569575801,5.2965529645896705
132,1.2881233311699893,3.8238402457755267,5.1119635769455165
133,1.3650701663642475,3.960309929072126,5.3253800954363735
134,1.3342652391179954,4.0270779441800135,5.361343183298009
135,1.3101780440349584,4.056844622611749,5.367022666646707
136,1.2449049335771123,3.9958215968899156,5.240726530467028
137,1.340852808231715,3.9381367624983596,5.278989570730075
138,1.3253642041558353,3.990036580964923,5.315400785120758
139,1.262194695989123,4.053818821269755,5.316013517258878
140,1.334340408092634,10.12372262417459,11.458063032267225
141,1.1888766550684597,7.411364453594687,8.600241108663147
142,1.1748991868914551,5.476126878918698,6.651026065810153
143,1.1946512047965834,4.753416895537721,5.9480681003343046
144,1.218314815903526,4.386185147720985,5.6044999636245105
145,1.4090267351327825,4.745839638491292,6.154866373624074
146,1.4253304106469997,5.0844270229105275,6.509757433557527
147,1.4969167698777344,6.054295814166477,7.551212584044212
148,1.4806445781455924,8.153502532956924,9.634147111102516
149,1.1810410781332248,7.614840351892274,8.7958814300255
150,1.189662473258224,5.869696690838812,7.059359164097036
151,1.1856542604058231,4.855236428711659,6.040890689117482
152,1.2087498815330857,4.492460800120657,5.701210681653743
153,1.6556352097532094,5.7379401635928176,7.393575373346027
154,99999.0,99999.0,99999.0
155,1.636229343147736,7.79509209186842,9.431321435016155
156,1.216950038006363,7.143522164672419,8.360472202678782
157,1.182615527540107,5.722465115707303,6.90508064324741
158,1.1974340664413101,5.307692583067378,6.5051266495086875
159,1.2011371115072609,4.6193206644305445,5.820457775937806
160,99999.0,99999.0,99999.0
161,1.6643604531401062,6.650739649787799,8.315100102927905
162,1.587894710662915,7.621912032202338,9.209806742865252
163,1.4092473492055202,7.822357339104881,9.231604688310401
164,1.200656156399528,5.759123592583365,6.959779748982893
165,1.1987747746197355,5.167368496844197,6.366143271463932
166,1.2235616654036625,5.019466455647012,6.243028121050674
167,1.5861512962094029,7.508787609974026,9.09493890618343
168,1.4950525694605084,7.526286083589224,9.021338653049732
169,1.3241692691624467,6.917794060216808,8.241963329379255
170,1.2069561624805223,5.003747721337103,6.210703883817625
171,1.4566649902973676,7.512950056090023,8.969615046387391
172,1.3246047512999417,7.000974046962736,8.325578798262677
173,1.236084408759309,5.998820256004504,7.234904664763813
174,1.1571625537605787,11.603525082957738,12.760687636718316
175,1.1713012272437555,6.147718868988616,7.3190200962323715
176,1.1877212392006653,5.189554507754841,6.377275746955506
177,1.2192066891353448,4.794118619096819,6.013325308232164
178,1.3192640906103479,5.15168288202748,6.470946972637828
179,1.2992918589187124,5.635392764066793,6.934684622985506
180,1.2875737491281072,6.6528874109446114,7.940461160072719
181,99999.0,99999.0,99999.0
182,1.1996721679127795,10.036597463946862,11.236269631859642
183,1.2190123825897898,6.652096029227065,7.871108411816856
184,1.208152209102776,5.208829684486496,6.416981893589272
185,1.223714222374671,4.730045769482242,5.953759991856913
186,1.4611175087438326,6.10950395254702,7.570621461290853
187,1.5131940380758655,6.968681754745544,8.481875792821409
188,1.7332509710836812,9.152482182568942,10.885733153652623
189,1.4166191543590059,14.017214419645894,15.4338335740049
190,1.1705731906839931,6.995741904423086,8.16631509510708
191,1.197183547646956,6.229789179610722,7.426972727257678
192,1.2196012934801472,5.095453571920641,6.315054865400787
193,1.5018013449495888,6.276493771964664,7.7782951169142525
194,1.574828633752408,7.3869728368664465,8.961801470618855
195,1.867731399860537,10.7008312884054,12.568562688265937
196,99999.0,99999.0,99999.0
197,1.2172296442649584,7.102233539708602,8.31946318397356
198,1.2039843063263813,5.289295510781485,6.493279817107866
199,1.2504168772098716,5.6464962834130485,6.89691316062292
200,2.188315398454012,9.545339903019556,11.733655301473568
201,99999.0,99999.0,99999.0
202,1.7598976296472313,12.30984137003125,14.069738999678481
203,1.2042493777077679,5.768932975237139,6.9731823529449075
204,99999.0,99999.0,99999.0
205,1.9121326595551074,15.167053641993759,17.079186301548866
206,1.334915005088414,9.476720886551409,10.811635891639822
207,1.228391848780802,6.405149745088122,7.633541593868924
208,1.2051373038269797,5.450752338087485,6.655889641914465
209,1.2037355512605579,5.143209957165938,6.346945508426496
210,1.2038789788816315,5.325140046924891,6.529019025806522
211,1.1904464939514476,5.59915862377928,6.789605117730727
212,1.180516728793195,6.10128169712359,7.281798425916785
213,1.2161968433566208,8.6056288830144,9.82182572637102
214,1.2077296018477675,8.504491819261728,9.712221421109495
215,99999.0,99999.0,99999.0
216,1.3920279655089252,5.948116625182206,7.340144590691131
217,1.291478319115776,5.434177844103611,6.725656163219387
218,1.212271901535459,5.928457464271258,7.140729365806717
219,1.2074694373658497,6.474486888602407,7.681956325968257
220,1.214908828325145,7.450720906461759,8.665629734786904
221,1.1746717009344767,8.255102905833958,9.429774606768435
222,1.316038754021894,6.581553333444574,7.897592087466467
223,99999.0,99999.0,99999.0
224,1.486305487365064,5.605823330811214,7.092128818176278
225,1.2317352108996555,6.246632204034029,7.478367414933684
226,1.22404759673246,6.690952634774784,7.9150002315072445
227,1.219516047830516,7.499364672329931,8.718880720160447
228,1.198745518272709,8.066523844058425,9.265269362331134
229,1.2233447910978963,6.741148680579122,7.964493471677018
230,1.471711120093988,5.9006271573383655,7.372338277432354
231,99999.0,99999.0,99999.0
232,1.2438883276922612,7.593809293554051,8.837697621246312
233,1.2309342144545874,7.93417464916993,9.165108863624518
234,1.2142599026936602,7.82798822715512,9.04224812984878
235,1.272924376150939,5.8035785960549795,7.076502972205919
236,1.2299653408211,7.754587044607935,8.984552385429035
237,1.2088959785006876,7.773190570967855,8.982086549468542
238,1.1975573660624663,7.118367514582521,8.315924880644987
239,1.3396374425287683,5.165595347193139,6.505232789721907
240,1.287729728659082,4.701457347471386,5.989187076130468
241,1.1954216664241815,4.487941982358746,5.683363648782927
242,1.185938431891546,4.697754702008752,5.883693133900298
243,1.1761675104635847,4.962017088410651,6.138184598874235
244,1.182863201526124,5.535566913763272,6.718430115289396
245,1.1889643379816983,6.407502777470754,7.596467115452452
246,1.265400682207067,5.573362431850129,6.838763114057196
247,1.404268539643854,5.469809715447103,6.874078255090957
248,99999.0,99999.0,99999.0
249,1.1891878480058453,4.744068097855252,5.933255945861098
250,1.185346264238761,4.966951185044089,6.15229744928285
251,1.185663804545121,5.272236923282546,6.457900727827667
252,1.179482213024045,5.494976319338672,6.674458532362717
253,1.21184696274055,5.439063240888143,6.650910203628693
254,1.2614482166049301,5.21629203276642,6.47774024937135
255,1.3443868047002188,5.072907592729426,6.417294397429645
256,1.1899120889177737,4.767201544654725,5.957113633572499
257,1.189048927308032,4.9784810653603015,6.167529992668333
258,1.1900693583675341,5.208458212800581,6.398527571168115
259,1.1838375381917892,5.37007447223139,6.553912010423179
260,1.2023914157513473,5.240584516194304,6.442975931945652
261,1.2389650305502484,5.115501033997234,6.354466064547482
262,1.287927969831144,5.030283597265675,6.318211567096819
263,1.1960857038346842,5.153948265903381,6.350033969738065
264,1.193831665252172,5.306691378602925,6.500523043855097
265,1.190161474258488,5.328873132344642,6.51903460660313
266,1.2157147863229323,4.858181198191541,6.073895984514473
267,1.1959087605033871,5.243720754461257,6.439629514964643
268,1.1885204369325582,5.275054130929917,6.463574567862475
269,1.1932803668625251,5.130019809070035,6.32330017593256
270,1.461386724538254,4.441119547578821,5.9025062721170745
271,1.244516803213943,3.9833508923590073,5.22786769557295
272,1.2288716157023936,4.170839499992598,5.399711115694992
273,1.21150002159328,4.403294538954308,5.614794560547588
274,1.2005575903122236,4.686918172068133,5.887475762380357
275,1.1889695774300442,5.512868302264203,6.7018378796942475
276,1.2273938611155888,4.7318950085481255,5.959288869663714
277,1.2985959665939257,4.520758547620841,5.8193545142147665
278,1.4157556140698888,4.4960213597582,5.911776973828089
279,1.2245869898255424,4.121841123009947,5.34642811283549
280,1.216432728289571,4.297205223122387,5.513637951411958
281,1.2074100690402538,4.489881668755387,5.6972917377956405
282,1.1962475168151268,4.623861467325353,5.8201089841404805
283,1.2005768501031853,4.6419452814167474,5.8425221315199325
284,1.2335076057669387,4.393075102030123,5.626582707797061
285,1.2767438254592591,4.2387793917570304,5.515523217216289
286,1.21730680960389,4.078447482653573,5.295754292257463
287,1.2167249128401298,4.2359206654924995,5.452645578332629
288,1.2111197253152475,4.382915125812228,5.594034851127475
289,1.202636872698442,4.486020889979828,5.68865776267827
290,1.2124700825746038,4.636325629695922,5.848795712270526
291,1.2272748316279343,4.334817772676397,5.562092604304331
292,1.2565885131866834,4.238440940692193,5.495029453878876
293,1.2194478412538334,4.336159294977645,5.555607136231479
294,1.2144979830209124,4.427537171202437,5.64203515422335
295,1.211271222512288,4.442417384838625,5.6536886073509125
296,1.2162621192404295,4.280404722689643,5.496666841930073
297,1.2157744068390903,4.359492425736002,5.5752668325750925
298,1.2112719143035173,4.402766863840485,5.614038778144002
299,1.209817914407561,4.397170189875526,5.6069881042830865
300,1.3194741208403542,3.7983506659235684,5.117824786763922
301,1.2893210382471558,3.9364890562551547,5.225810094502311
302,1.236677201403101,4.049865926526224,5.286543127929325
303,1.230893829363133,4.235337190723404,5.4662310200865365
304,1.1923897844898146,5.164188193100772,6.356577977590587
305,1.2191543265944877,4.359452652104566,5.578606978699054
306,1.2755248652903155,4.09324315459367,5.368768019883985
307,1.405544060454612,4.100533149582936,5.506077210037548
308,1.2862307286027692,3.84490197084602,5.13113269944879
309,1.2542124509894312,3.923055629474017,5.177268080463448
310,1.2361378175506637,4.057176583667978,5.293314401218642
311,1.2124124829053413,4.2587970634527395,5.4712095463580805
312,1.2043414483345678,4.298873030457839,5.503214478792407
313,1.234068619492336,4.045353294278711,5.279421913771047
314,1.2830816469725492,3.920924367359884,5.204006014332434
315,1.2742181334335065,3.7834313010960003,5.057649434529507
316,1.2647087238519952,3.8849866593167843,5.14969538316878
317,1.2485656205258249,3.9475465275458554,5.1961121480716805
318,1.2341091738765566,4.0477514861096,5.281860659986156
319,1.221239549100252,4.223650668036594,5.444890217136846
320,1.2388335647191322,4.029254503350314,5.268088068069447
321,1.2749261559443013,3.879639047867143,5.154565203811444
322,1.260273052948394,3.8984683873970774,5.158741440345471
323,1.2524533901898813,3.949853292060083,5.202306682249964
324,1.2509789915854368,4.015780856539118,5.266759848124555
325,1.2411317654406164,4.008621176103936,5.249752941544552
326,1.2531104510199518,3.9015654481632986,5.154675899183251
327,1.2545897699898134,3.966366354174709,5.220956124164522
328,1.2481436930533556,4.076992106835489,5.3251357998888444
329,1.7822645287732433,4.487405117806322,6.269669646579565
330,1.5355443697660829,4.5399298749671315,6.075474244733215
331,1.3547994292996361,4.464655753147309,5.819455182446944
332,1.1942258165007993,5.560993429172056,6.755219245672855
333,1.212551126169597,4.328494879819832,5.541046005989429
334,1.2163195542833436,3.9534839120647405,5.169803466348084
335,1.274032737509019,3.7518770503188623,5.025909787827882
336,1.659332700432306,4.16668479886153,5.826017499293836
337,1.489639420813114,4.131136023698087,5.620775444511201
338,1.421785128548921,4.249808431677103,5.6715935602260235
339,1.2530018001659646,4.358983957460188,5.611985757626153
340,1.1979205429663635,4.395135662161625,5.593056205127988
341,1.230633682441502,3.957564429191089,5.188198111632591
342,1.245921652661791,3.7262919093716325,4.972213562033423
343,1.5799984637632607,4.047507569924102,5.627506033687363
344,1.4852919711602923,4.0520392518296555,5.537331222989948
345,1.4145851304235746,4.101015370843708,5.515600501267283
346,1.3325410155047865,4.209354934762886,5.541895950267673
347,1.224421864854217,4.322278427813921,5.546700292668138
348,1.229005166550226,4.0115921060565,5.240597272606726
349,1.2755032076191448,3.7390791623524366,5.014582369971581
350,1.4502183342613508,4.031173203484657,5.481391537746007
351,1.391469054631678,4.066318659691766,5.457787714323444
352,1.3356477055467082,4.132749415895644,5.468397121442352
353,1.2386255893153524,3.972530263208507,5.211155852523859
354,1.4078773460722918,4.011628086582998,5.419505432655289
355,1.3463314758907654,4.096528063009839,5.4428595389006045
356,1.2634672675187788,4.055719313535512,5.319186581054291
357,1.6124518052529049,5.01485551154319,6.627307316796095
358,1.350190120746511,4.858777865370583,6.208967986117094
359,1.188414472722339,5.8539913860918285,7.042405858814167
360,1.1963965760819724,4.584046777098076,5.780443353180049
361,1.2033582793660889,4.135987330124012,5.339345609490101
362,1.2533677259982596,3.926331463865026,5.179699189863285
363,1.6343546207200508,4.536425441496784,6.170780062216835
364,1.510207920899696,4.568518062675919,6.078725983575614
365,1.4300744320595433,4.6364781446796695,6.0665525767392126
366,1.2380651550795072,4.666271308418031,5.904336463497538
367,1.1926501619082424,4.641986818339216,5.834636980247458
368,1.21071580274493,4.17232633999618,5.383042142741109
369,1.2276850492582243,3.943182507659095,5.170867556917319
370,1.5286828999464073,4.342688768587334,5.871371668533741
371,1.48353284131116,4.483153669443781,5.966686510754941
372,1.4162394665650984,4.534870240589582,5.95110970715468
373,1.3272220394048473,4.63288343361144,5.960105473016287
374,1.2168341005953416,4.588114227704433,5.8049483282997745
375,1.2138578025311704,4.182669746283895,5.396527548815065
376,1.2494052980344335,3.982735281132,5.232140579166433
377,1.4414067191328443,4.45790682988555,5.8993135490183946
378,1.381823682447273,4.4704279545315515,5.852251636978824
379,1.3076692095013795,4.4340419772483,5.741711186749679
380,1.226336263585144,4.193771107683876,5.42010737126902
381,1.3790591066511801,4.420517043805898,5.799576150457078
382,1.3230860220219613,4.477161103528771,5.800247125550732
383,1.2521802528655848,4.382656721282341,5.634836974147926
384,1.3664131832404012,5.672778157688472,7.039191340928873
385,1.1821603964962173,6.281887487021025,7.464047883517242
386,1.1849535566781695,4.983625091782001,6.16857864846017
387,1.1903550303601425,4.433451374859283,5.623806405219425
388,1.2180976466208278,4.141461145041395,5.359558791662224
389,1.7290643512866257,5.156735608151772,6.885799959438398
390,1.5557856850427167,5.343329974035877,6.899115659078594
391,1.4742690447210398,5.520279962731038,6.994549007452078
392,1.2236509216351006,5.350295132273212,6.573946053908313
393,1.1849257781665237,5.017763764911841,6.202689543078365
394,1.1967774486340592,4.554801105691872,5.751578554325931
395,1.2004967962286304,4.147090643458018,5.347587439686649
396,1.5611317861537104,4.918261677383061,6.479393463536772
397,1.5012490079228167,5.15550727286106,6.656756280783877
398,1.4457491373251379,5.411638328265133,6.857387465590271
399,1.3356017099409327,5.444108964341688,6.7797106742826205
400,1.2065219854603404,4.95198921569071,6.15851120115105
401,1.199881352464234,4.536472653787876,5.73635400625211
402,1.218384023814784,4.301019914587681,5.519403938402466
403,1.4564194393493077,5.287132312692559,6.743551752041866
404,1.3852967892460442,5.264594130562609,6.649890919808653
405,1.2947349946245177,5.134097699560472,6.42883269418499
406,1.2125958797957022,4.518028736565831,5.730624616361533
407,1.3692678213817835,5.2186943870312,6.587962208412984
408,1.2930553196183439,5.125791210034889,6.418846529653233
409,1.2377123347800896,4.927798120370444,6.1655104551505335
410,1.1852549992825774,9.73291175809257,10.918166757375147
411,1.2047836164284513,6.015881355700667,7.220664972129119
412,1.2107456044682368,4.799794100497605,6.010539704965842
413,1.2259590976628598,4.349897958663239,5.5758570563260985
414,1.4625412117554215,5.321187208326867,6.783728420082289
415,1.5169356846395174,5.968958383147406,7.485894067786924
416,1.7510562327814803,8.334236765096298,10.085292997877778
417,1.4441403370142698,10.659670386931444,12.103810723945713
418,1.1854361069497625,5.934524110633654,7.119960217583417
419,1.2150979051573323,5.213511226401937,6.428609131559269
420,1.2271643837553776,4.457149900876571,5.684314284631949
421,1.535744259979673,5.141924320010198,6.677668579989871
422,1.6338203411882313,5.83729161505938,7.471111956247611
423,1.9726028638647768,8.342738135479209,10.315340999343986
424,99999.0,99999.0,99999.0
425,1.1990848501054583,6.7539824571935645,7.953067307299023
426,1.2000974130350908,5.006861193229332,6.206958606264423
427,1.2416820252559868,4.851030532677332,6.092712557933319
428,2.21900939738031,8.527862388051858,10.746871785432168
429,99999.0,99999.0,99999.0
430,1.699993013415091,12.343019937673791,14.043012951088881
431,1.2076411440305292,5.2651418712872315,6.472783015317761
432,99999.0,99999.0,99999.0
433,1.9307871387304947,11.873869505174527,13.804656643905021
434,1.304909715996048,7.4046645974354375,8.709574313431485
435,1.2126972845575497,6.919354149890358,8.132051434447908
436,1.2043691614461995,6.219347117237017,7.423716278683217
437,1.2075073260137603,5.607503040953071,6.815010366966831
438,1.2061674004256286,6.422800860860431,7.628968261286059
439,1.1991417422619077,7.041442401461252,8.24058414372316
440,1.194503348112635,7.8808242276325355,9.07532757574517
441,1.2488958649033077,10.22797768077863,11.476873545681936
442,1.2572607684400992,6.681974250092742,7.939235018532841
443,1.2209418673919794,6.4170683978446865,7.638010265236666
444,1.217449501287516,6.135717540142632,7.353167041430147
445,1.2074986596077113,6.552422066003391,7.759920725611103
446,1.2038071929156495,7.100484281489925,8.304291474405575
447,1.199718492181987,7.788632673824832,8.988351166006819
448,1.1955186896170693,9.024143092641864,10.219661782258934
449,99999.0,99999.0,99999.0
450,1.2463814619237488,6.080536610751262,7.326918072675011
451,1.2334134018451781,6.06784316913054,7.301256570975718
452,1.2116499646428027,7.854701139723041,9.066351104365843
453,1.2076376937988347,8.739454927509378,9.947092621308213
454,1.2115050953671875,10.398656473418809,11.610161568785996
455,1.306262407678661,6.317785394352842,7.624047802031503
456,1.2138917404449987,8.44503222104584,9.658923961490839
457,1.2180639631154864,9.500054715594725,10.718118678710212
458,1.3027360076009264,10.388609131595066,11.691345139195992
459,1.4290687638971384,5.240424608807267,6.669493372704405
460,1.3071062073363058,4.6295944028050044,5.93670061014131
461,1.2212427523866056,4.670430219436668,5.891672971823273
462,1.2111219666491821,5.022620296329226,6.233742262978408
463,1.2173061364860556,5.622065506234771,6.839371642720826
464,1.1970203320325457,5.529785266717399,6.726805598749944
465,1.3434560831708786,5.736598394955923,7.080054478126802
466,99999.0,99999.0,99999.0
467,1.5402404287247997,4.8782255694245515,6.418465998149351
468,1.2369756463230126,4.716760355856175,5.953736002179188
469,1.2283085512506868,5.010700005652428,6.239008556903115
470,1.2257366575285338,5.409611474292105,6.635348131820638
471,1.205178312563637,5.6200848302860305,6.825263142849668
472,1.2338148887513773,5.39527776164443,6.629092650395807
473,1.5078049053635612,5.24641379910954,6.754218704473101
474,99999.0,99999.0,99999.0
475,1.2455990261613368,5.350370590833252,6.595969616994589
476,1.2240581392640197,5.4827154561272815,6.706773595391301
477,1.206867862760246,5.3622256466372065,6.569093509397453
478,1.2907977485799051,4.877685998523461,6.168483747103366
479,1.2314769357540638,5.34269122387454,6.574168159628604
480,1.211252222721242,5.2499756737437435,6.461227896464985
481,1.2118438174705461,5.10882296325125,6.320666780721797
482,1.4625824341148883,4.5520482515278315,6.01463068564272
483,1.2196718651648513,4.160062762464545,5.3797346276293965
484,1.2159510121488293,4.403610975265134,5.619561987413963
485,1.212140217714843,4.619533039111494,5.831673256826337
486,1.204646322048095,4.762785720222335,5.96743204227043
487,1.2785871403869422,4.980381305155304,6.258968445542246
488,1.4433220255991686,4.945837776679874,6.389159802279043
489,1.5844436491896405,4.84468850602596,6.429132155215601
490,1.219810024740361,4.113583837497271,5.333393862237632
491,1.2190881855333218,4.294297809621811,5.513385995155133
492,1.2195590823773386,4.478392385841214,5.697951468218552
493,1.211827457819254,4.589242045051961,5.801069502871215
494,1.2324615570693906,4.791082291733485,6.023543848802875
495,1.3533849641215607,4.662300423809474,6.015685387931034
496,1.4724999834375818,4.756732724517294,6.229232707954876
497,1.2383996550492193,4.4687498914876835,5.707149546536903
498,1.2285318027510252,4.5249343047862824,5.7534661075373075
499,1.2191553676964746,4.601167123531741,5.820322491228215
500,1.267085691323128,4.401881675310701,5.668967366633829
501,1.2296902973738297,4.463544680616957,5.693234977990787
502,1.2182318561220449,4.4982445993731055,5.71647645549515
503,1.2227881080101386,4.460286966532312,5.683075074542451
504,1.2805769694427427,3.898021951391811,5.1785989208345535
505,1.2554446799730326,4.034438413598482,5.289883093571515
506,1.2396187926125166,4.177232256850295,5.416851049462812
507,1.209291530771675,4.283230656299726,5.492522187071401
508,1.2450502513738118,4.4411028190063275,5.686153070380139
509,1.32285284293486,4.264868359128473,5.5877212020633324
510,1.4437919144279243,4.252549996374634,5.696341910802558
511,1.2684276981558387,3.815899926525496,5.084327624681334
512,1.262511536371676,3.9597753804086144,5.22228691678029
513,1.2492787342682705,4.046874672960177,5.296153407228448
514,1.226282307660351,4.121834308828558,5.348116616488909
515,1.237911346455748,4.449639899059172,5.68755124551492
516,1.2995212845311541,4.184302666361332,5.483823950892486
517,1.3807597633758166,4.123123682492676,5.503883445868492
518,1.2702012702289973,4.020948717597478,5.291149987826476
519,1.2537677896624664,4.065806453768118,5.3195742434305835
520,1.2460158630018716,4.136799094383113,5.382814957384984
521,1.2819480411838375,4.174396066372543,5.45634410755638
522,1.2572006822356785,4.013607983884632,5.270808666120311
523,1.2523942487824797,4.058335353863721,5.310729602646201
524,1.2488121255539981,4.0893835228067354,5.338195648360734
525,1.7392347058333888,4.867526218239931,6.60676092407332
526,1.573253395174413,4.935160616692761,6.508414011867174
527,1.2943884344355334,4.86507864231406,6.159467076749594
528,1.2053066701766106,4.738143162788595,5.9434498329652055
529,1.2363482898679703,4.145341269400003,5.381689559267973
530,1.2550517703561554,3.8966031709749225,5.151654941331078
531,1.8350429310741383,4.52910368372725,6.364146614801388
532,1.6675437359328111,4.6273852589791975,6.294928994912008
533,1.5618730662914004,4.669016704298689,6.230889770590089
534,1.4485528090020303,4.8352725393464695,6.2838253483485
535,1.2354426143424384,4.7223604318260115,5.95780304616845
536,1.2351755878839428,4.200912773180423,5.436088361064366
537,1.2948047266059473,3.96276823399432,5.2575729606002675
538,1.5997668261049172,4.585613287942667,6.185380114047584
539,1.5011924242984214,4.682221334316727,6.183413758615149
540,1.374994260722854,4.627120709600344,6.002114970323198
541,1.2456586054756564,4.163892182955166,5.409550788430822
542,1.5150830605952366,4.565725425002774,6.080808485598011
543,1.398677482420578,4.483755512176453,5.882432994597031
544,1.2848783332218703,4.411347953217982,5.6962262864398525
545,1.6637663790193054,5.707305472528435,7.3710718515477405
546,1.2936476672508312,5.4020230899855886,6.69567075723642
547,1.2022195880412216,5.020428423425912,6.222648011467133
548,1.2234434074911982,4.449560020162217,5.6730034276534145
549,1.2338775916235207,4.043209034541429,5.27708662616495
550,99999.0,99999.0,99999.0
551,1.7256173992545807,5.217112783439983,6.942730182694564
552,1.6448698346002948,5.482501255343945,7.12737108994424
553,1.503888319497378,5.544934846026208,7.048823165523586
554,1.2279375672876849,5.075913116595643,6.303850683883328
555,1.225680832734033,4.452350362927222,5.678031195661255
556,1.2678590972985722,4.182158117571516,5.450017214870089
557,1.6564624173298388,5.397917829833214,7.054380247163053
558,1.5525847146136154,5.4085895233771755,6.961174237990791
559,1.3745316755448194,5.267025640452772,6.641557315997591
560,1.2371745938547711,4.3898980080503,5.627072601905071
561,1.5435754948322504,5.335040273419804,6.878615768252055
562,1.3988421053506792,5.1424507231272045,6.541292828477884
563,1.278101467864975,4.79983700648283,6.077938474347805
564,1.3228743943351196,6.769870990862823,8.092745385197942
565,1.1988598570557925,5.414952909131438,6.61381276618723
566,1.2264834056550096,4.886298229837587,6.112781635492597
567,1.2328804498088266,4.240026989080599,5.472907438889425
568,1.6738840860649928,4.895257034837866,6.5691411209028585
569,1.8089568833912837,5.680983684261796,7.48994056765308
570,1.9267817137984888,7.539516232147118,9.466297945945607
571,1.7301465588210614,7.85844046844914,9.5885870272702
572,1.2203974883458806,5.553580105065027,6.773977593410907
573,1.2203685136926838,4.7565728148052475,5.976941328497931
574,1.2712226048041821,4.634176175927642,5.905398780731824
575,1.9135593937164912,7.438242936362286,9.351802330078778
576,1.7826715989620314,7.669730891399257,9.452402490361289
577,1.4150141324589744,6.876137544909432,8.291151677368406
578,1.2288761884141344,4.661467005574442,5.890343193988577
579,1.7555220382587704,7.48376106858198,9.239283106840752
580,1.473481122393726,6.77597213781672,8.249453260210446
581,1.275443692537335,5.5479652467714144,6.82340893930875
582,1.1952268447466996,6.088229994434408,7.283456839181108
583,1.1927817724290957,5.130818952943943,6.323600725373039
584,1.206108264883145,4.5231866501760685,5.729294915059214
585,1.307971658345773,4.99968584149221,6.307657499837982
586,1.314579333346682,5.693274288358672,7.007853621705354
587,1.3386805590769189,6.910370893531195,8.249051452608114
588,1.4271065875731161,9.83706704930954,11.264173636882656
589,1.2669743443946695,7.177019315581225,8.443993659975895
590,1.19927479290151,4.8477376244389445,6.047012417340454
591,1.216347697747591,4.463112766660453,5.679460464408044
592,1.400257206553714,6.890356105870198,8.290613312423911
593,1.4848442578586134,8.787251218912642,10.272095476771256
594,1.7219808750823558,8.720212803468044,10.4421936785504
595,1.2067984301089438,5.372209530972493,6.579007961081437
596,1.4855714595099068,8.509335284990351,9.994906744500259
597,1.6682600637944724,8.900947941507793,10.569208005302265
598,1.5768598636052162,7.436819972679773,9.01367983628499
599,1.3482051165847768,5.357211603723864,6.705416720308641
600,1.2969269735405042,4.779025681888631,6.075952655429135
601,1.2059551671578934,4.7701806284092765,5.97613579556717
602,1.205031423411735,5.066302429025175,6.27133385243691
603,1.1995319637586779,5.369581147076496,6.569113110835174
604,1.1864558697195788,5.742598430931204,6.929054300650782
605,1.2757002265078805,5.657772823618523,6.933473050126404
606,1.4820735000067733,5.658577599322573,7.140651099329347
607,1.3691127504012675,5.119833208778908,6.4889459591801755
608,1.2089293529135385,5.263652916050295,6.4725822689638335
609,1.2005545042634516,5.506937372163242,6.707491876426694
610,1.199755611830099,5.71433649193512,6.914092103765219
611,1.4248613690334029,5.545225925270243,6.970087294303646
612,1.2016505923489682,5.453659296367579,6.655309888716547
613,1.198937960313586,5.570802930272191,6.769740890585777
614,1.2184542125500473,5.577414435281587,6.795868647831634
615,1.5661862233359354,4.670608478602154,6.23679470193809
616,1.2521545262405864,4.159745254660393,5.4118997809009795
617,1.2416168354851038,4.392741882185771,5.6343587176708745
618,1.2359621464477242,4.683042852091472,5.919004998539196
619,1.2090472223454094,4.78518016104003,5.994227383385439
620,1.2496604830603941,4.8790431109530115,6.128703594013405
621,1.5324486514715383,4.9410731886634345,6.473521840134973
622,99999.0,99999.0,99999.0
623,1.2571317558688901,4.571849415472807,5.828981171341697
624,1.2375291904476735,4.64209321187526,5.8796224023229335
625,1.2189107957331038,4.6345172716276215,5.853428067360725
626,1.3097349965144265,4.518765485744624,5.8285004822590505
627,1.2426267167458753,4.525069574328508,5.767696291074383
628,1.2219031556708686,4.5184458489002255,5.740349004571094
629,1.2232501100867463,4.648450220884658,5.871700330971404
630,1.2575637633183425,3.834920769044697,5.09248453236304
631,1.2547234930599807,3.9967583596511433,5.251481852711124
632,1.2446071077866951,4.073215205042875,5.317822312829571
633,1.2251224048384208,4.242250042972735,5.467372447811156
634,1.2449659393231383,4.583544438747375,5.828510378070513
635,1.413363660471242,4.425755380300795,5.839119040772037
636,1.6381705034389278,4.578206779195109,6.216377282634037
637,1.2634494022745197,4.0310663842400585,5.294515786514578
638,1.249933661453123,4.083927033645645,5.3338606950987675
639,1.2317382528890972,4.1895733820618615,5.421311634950959
640,1.2992925975298795,4.198086970772245,5.497379568302124
641,1.2560335917487118,4.025005822292979,5.2810394140416905
642,1.2415547657357948,4.081723066336405,5.3232778320722
643,1.2411019111469554,4.213463714846908,5.4545656259938635
644,1.7718167777417582,4.588416646555603,6.360233424297362
645,1.6454058699844485,4.652367597774055,6.297773467758503
646,1.5056723714910125,4.97118078809731,6.476853159588322
647,1.2378496658970854,4.731431397858827,5.969281063755913
648,1.2356969610672501,4.199872084694643,5.435569045761893
649,1.3106355896356325,3.8865296178567403,5.197165207492373
650,1.6733746020627733,4.52761964379069,6.2009942458534635
651,1.5706941455815964,4.565655568752503,6.1363497143340995
652,1.4038982353369502,4.677897081068268,6.081795316405218
653,1.2469793910732248,4.129239289243733,5.376218680316958
654,1.5620221502005223,4.6259535891354115,6.187975739335934
655,1.4111780863434165,4.545863005170047,5.957041091513464
656,1.293899825278541,4.41477818009575,5.708678005374291
657,1.7932400626358134,5.445524203701586,7.2387642663374
658,1.5982776245865764,5.804493985491345,7.402771610077922
659,1.2348156082162205,5.069462851233165,6.304278459449386
660,1.2323502939295925,4.3886668353983564,5.621017129327949
661,1.2941057784434646,4.1037070458346045,5.397812824278069
662,1.8170928986846193,5.333881263730964,7.150974162415583
663,1.6738124576483564,5.353240123767385,7.027052581415742
664,1.4223205010862827,5.403889510189602,6.826210011275885
665,1.2442573459004589,4.3439872831347826,5.588244629035241
666,1.6694814014980335,5.5331096194127465,7.20259102091078
667,1.4266729404123708,5.425513041309034,6.852185981721405
668,1.2947507412918045,4.843751738003056,6.138502479294861
669,1.906156824020538,8.22207842471038,10.128235248730919
670,1.2292306804370372,5.455667162662265,6.684897843099302
671,1.2253204774913091,4.574216332833317,5.799536810324627
672,1.2872230387420256,4.3411300575437375,5.628353096285763
673,2.168619431618893,7.223801207006897,9.39242063862579
674,2.023053713615597,7.583165322988964,9.60621903660456
675,1.4864905711643486,6.775402013808702,8.261892584973051
676,1.2364547640246528,4.598975456691616,5.835430220716269
677,1.9875509148760975,7.647224901191229,9.634775816067327
678,1.4629631005913384,7.225792430816021,8.68875553140736
679,1.2918311876246835,5.5818075691734075,6.8736387567980906
680,1.2195833405718028,6.171303286799994,7.390886627371797
681,1.2028825449058238,4.739873037151389,5.942755582057213
682,1.2419123705263542,4.4100862133486345,5.651998583874988
683,2.187782605290857,7.865856685423286,10.053639290714143
684,99999.0,99999.0,99999.0
685,1.681540932760014,10.795591322389631,12.477132255149645
686,1.2147657028003294,4.876447031496025,6.091212734296354
687,99999.0,99999.0,99999.0
688,1.8820652596026148,9.886861014785064,11.768926274387677
689,1.2666254612735974,7.294138168295544,8.560763629569141
690,1.2792745733129713,4.960232834345328,6.2395074076583
691,1.266604826097416,4.622887284623917,5.889492110721333
692,1.2414276179177015,5.419021740565158,6.66044935848286
693,1.2380255932845345,5.880672715688546,7.118698308973081
694,1.2502342105085975,6.839427790356783,8.089662000865381
695,1.3408067773965082,5.159593559923239,6.500400337319748
696,1.246427888838586,5.734333972101909,6.980761860940495
697,1.2525785719217424,6.37560998733459,7.6281885592563325
698,1.3486957233183248,6.95324740621829,8.301943129536616
699,1.5740691855782953,4.804835935061616,6.378905120639912
700,1.240830695578128,4.493718974307679,5.734549669885808
701,1.2237259163193046,4.644796740924993,5.868522657244298
702,1.2140219649936308,4.71405755840689,5.928079523400521
703,1.3895436443558198,4.779574267745858,6.169117912101678
704,1.2265118910598254,4.563656987215616,5.790168878275441
705,1.2216822552816267,4.622700247854127,5.844382503135753
706,1.2407657759694712,4.634492838100683,5.875258614070154
707,1.319712850003662,4.265218970951482,5.584931820955144
708,1.275689038827017,4.253519679292935,5.529208718119952
709,1.250314388857314,4.238116193301668,5.488430582158982
710,1.3522852464628496,4.348803408399092,5.701088654861941
711,1.2904342545115457,4.145838249081872,5.436272503593417
712,1.261843210157439,4.114822002079412,5.376665212236851
713,1.2595826665743077,4.189007492636269,5.4485901592105765
714,2.2824255561285005,7.723713609325403,10.006139165453902
715,1.5523589927420394,6.906164264526842,8.458523257268881
716,1.2509558160547107,4.486296036411434,5.737251852466144
717,2.2798019926557487,7.699037744839227,9.978839737494976
718,1.6597477726856562,6.768357496840369,8.428105269526025
719,1.3269662095711074,5.281168470804318,6.608134680375426
720,1.753641223630762,9.022622772683778,10.77626399631454
721,1.235829166627022,4.731833725314104,5.967662891941126
722,99999.0,99999.0,99999.0
723,1.9652616950428563,9.642981990532823,11.60824368557568
724,1.346596172027961,6.185364450957766,7.531960622985727
725,1.2302936323747424,5.026957502639249,6.257251135013991
726,1.760314005697406,8.602328018723343,10.362642024420749
727,2.036761097174683,8.095660961139144,10.132422058313827
728,1.3755109100936966,9.113465697240219,10.488976607333916
729,1.2443511616401037,4.649535108226289,5.8938862698663925
730,1.241555386668407,4.818761159752698,6.060316546421104
731,1.280604777636229,4.968043610658544,6.248648388294773
732,2.0085553642247755,8.786924381389614,10.79547974561439
733,1.3630073425130806,5.976257787266317,7.339265129779398
734,1.4409273813829027,7.173105024056284,8.614032405439186
