0,63
0,103
0,1087
0,1127
1,64
1,104
1,1054
1,1128
2,65
2,105
2,1055
2,1129
3,66
3,106
3,1056
3,1130
4,67
4,107
4,1057
4,1131
5,34
5,108
5,1058
5,1132
6,35
6,109
6,1059
6,1133
7,36
7,110
7,1060
7,1134
8,37
8,111
8,1061
8,1135
9,38
9,112
9,1062
9,1136
10,1137
10,39
10,113
10,1063
11,1138
11,40
11,114
11,1064
12,1139
12,41
12,115
12,1065
13,1140
13,42
13,116
13,1066
14,117
14,43
14,1067
14,1141
15,44
15,118
15,1068
15,1142
16,45
16,119
16,1069
16,1143
17,46
17,120
17,1070
17,1144
18,47
18,121
18,1071
18,1145
19,48
19,122
19,1072
19,1146
20,49
20,123
20,1073
20,1147
21,50
21,124
21,1074
21,1148
22,51
22,125
22,1075
22,1149
23,52
23,126
23,1076
23,1150
24,53
24,127
24,1077
24,1151
25,54
25,128
25,1078
25,1152
26,55
26,129
26,1079
26,1153
27,1154
27,56
27,130
27,1080
28,1155
28,57
28,131
28,1081
29,1122
29,58
29,132
29,1082
30,1123
30,59
30,133
30,1083
31,134
31,60
31,1084
31,1124
32,61
32,135
32,1085
32,1125
33,62
33,102
33,1086
33,1126
34,97
34,137
34,1121
35,98
35,138
35,1088
36,1089
36,99
36,139
37,100
37,1090
37,140
38,101
38,141
38,1091
39,68
39,142
39,1092
40,69
40,143
40,1093
41,70
41,144
41,1094
42,71
42,145
42,1095
43,72
43,146
43,1096
44,73
44,147
44,1097
45,74
45,148
45,1098
46,75
46,149
46,1099
47,76
47,150
47,1100
48,151
48,77
48,1101
49,78
49,152
49,1102
50,79
50,153
50,1103
51,80
51,154
51,1104
52,81
52,155
52,1105
53,1106
53,82
53,156
54,83
54,1107
54,157
55,84
55,158
55,1108
56,85
56,159
56,1109
57,86
57,160
57,1110
58,87
58,161
58,1111
59,88
59,162
59,1112
60,89
60,163
60,1113
61,90
61,164
61,1114
62,91
62,165
62,1115
63,92
63,166
63,1116
64,93
64,167
64,1117
65,168
65,94
65,1118
66,95
66,169
66,1119
67,96
67,136
67,1120
68,131
68,171
68,1155
69,132
69,172
69,1122
70,133
70,173
70,1123
71,134
71,174
71,1124
72,135
72,175
72,1125
73,102
73,176
73,1126
74,103
74,177
74,1127
75,104
75,178
75,1128
76,105
76,179
76,1129
77,106
77,180
77,1130
78,107
78,181
78,1131
79,108
79,182
79,1132
80,109
80,183
80,1133
81,110
81,184
81,1134
82,185
82,111
82,1135
83,112
83,186
83,1136
84,113
84,187
84,1137
85,114
85,188
85,1138
86,115
86,189
86,1139
87,116
87,190
87,1140
88,117
88,191
88,1141
89,118
89,192
89,1142
90,119
90,193
90,1143
91,120
91,194
91,1144
92,121
92,195
92,1145
93,122
93,196
93,1146
94,123
94,197
94,1147
95,124
95,198
95,1148
96,125
96,199
96,1149
97,126
97,200
97,1150
98,127
98,201
98,1151
99,202
99,128
99,1152
100,129
100,203
100,1153
101,130
101,170
101,1154
102,165
102,205
103,166
103,206
104,167
104,207
105,168
105,208
106,169
106,209
107,136
107,210
108,137
108,211
109,138
109,212
110,139
110,213
111,140
111,214
112,141
112,215
113,142
113,216
114,143
114,217
115,144
115,218
116,219
116,145
117,146
117,220
118,147
118,221
119,148
119,222
120,149
120,223
121,150
121,224
122,151
122,225
123,152
123,226
124,153
124,227
125,154
125,228
126,155
126,229
127,156
127,230
128,157
128,231
129,158
129,232
130,159
130,233
131,160
131,234
132,161
132,235
133,236
133,162
134,163
134,237
135,164
135,204
136,199
136,239
137,200
137,240
138,201
138,241
139,202
139,242
140,203
140,243
141,170
141,244
142,171
142,245
143,172
143,246
144,173
144,247
145,174
145,248
146,175
146,249
147,176
147,250
148,177
148,251
149,178
149,252
150,253
150,179
151,180
151,254
152,181
152,255
153,182
153,256
154,183
154,257
155,184
155,258
156,185
156,259
157,186
157,260
158,187
158,261
159,188
159,262
160,189
160,263
161,190
161,264
162,191
162,265
163,192
163,266
164,193
164,267
165,194
165,268
166,195
166,269
167,270
167,196
168,197
168,271
169,198
169,238
170,233
170,273
171,234
171,274
172,235
172,275
173,236
173,276
174,237
174,277
175,204
175,278
176,205
176,279
177,206
177,280
178,207
178,281
179,208
179,282
180,209
180,283
181,210
181,284
182,211
182,285
183,212
183,286
184,287
184,213
185,214
185,288
186,215
186,289
187,216
187,290
188,217
188,291
189,218
189,292
190,219
190,293
191,220
191,294
192,221
192,295
193,222
193,296
194,223
194,297
195,224
195,298
196,225
196,299
197,226
197,300
198,227
198,301
199,228
199,302
200,229
200,303
201,304
201,230
202,231
202,305
203,232
203,272
204,267
204,307
205,268
205,308
206,269
206,309
207,270
207,310
208,271
208,311
209,238
209,312
210,239
210,313
211,240
211,314
212,241
212,315
213,242
213,316
214,243
214,317
215,244
215,318
216,245
216,319
217,246
217,320
218,321
218,247
219,248
219,322
220,249
220,323
221,250
221,324
222,251
222,325
223,252
223,326
224,253
224,327
225,254
225,328
226,255
226,329
227,256
227,330
228,257
228,331
229,258
229,332
230,259
230,333
231,260
231,334
232,261
232,335
233,262
233,336
234,263
234,337
235,338
235,264
236,265
236,339
237,266
237,306
238,301
238,341
239,302
239,342
240,303
240,343
241,304
241,344
242,305
242,345
243,272
243,346
244,273
244,347
245,274
245,348
246,275
246,349
247,276
247,350
248,277
248,351
249,278
249,352
250,279
250,353
251,280
251,354
252,355
252,281
253,282
253,356
254,283
254,357
255,284
255,358
256,285
256,359
257,286
257,360
258,287
258,361
259,288
259,362
260,289
260,363
261,290
261,364
262,291
262,365
263,292
263,366
264,293
264,367
265,294
265,368
266,295
266,369
267,296
267,370
268,297
268,371
269,372
269,298
270,299
270,373
271,300
271,340
272,335
272,375
273,336
273,376
274,337
274,377
275,338
275,378
276,339
276,379
277,306
277,380
278,307
278,381
279,308
279,382
280,309
280,383
281,310
281,384
282,311
282,385
283,312
283,386
284,313
284,387
285,314
285,388
286,389
286,315
287,316
287,390
288,317
288,391
289,318
289,392
290,319
290,393
291,320
291,394
292,321
292,395
293,322
293,396
294,323
294,397
295,324
295,398
296,325
296,399
297,326
297,400
298,327
298,401
299,328
299,402
300,329
300,403
301,330
301,404
302,331
302,405
303,406
303,332
304,333
304,407
305,334
305,374
306,369
306,409
307,370
307,410
308,371
308,411
309,372
309,412
310,373
310,413
311,340
311,414
312,341
312,415
313,342
313,416
314,343
314,417
315,344
315,418
316,345
316,419
317,346
317,420
318,347
318,421
319,348
319,422
320,423
320,349
321,350
321,424
322,351
322,425
323,352
323,426
324,353
324,427
325,354
325,428
326,355
326,429
327,356
327,430
328,357
328,431
329,358
329,432
330,359
330,433
331,360
331,434
332,361
332,435
333,362
333,436
334,363
334,437
335,364
335,438
336,365
336,439
337,440
337,366
338,367
338,441
339,368
339,408
340,403
340,443
341,404
341,444
342,405
342,445
343,406
343,446
344,407
344,447
345,374
345,448
346,375
346,449
347,376
347,450
348,377
348,451
349,378
349,452
350,379
350,453
351,380
351,454
352,381
352,455
353,382
353,456
354,457
354,383
355,384
355,458
356,385
356,459
357,386
357,460
358,387
358,461
359,388
359,462
360,389
360,463
361,390
361,464
362,391
362,465
363,392
363,466
364,393
364,467
365,394
365,468
366,395
366,469
367,396
367,470
368,397
368,471
369,398
369,472
370,399
370,473
371,474
371,400
372,401
372,475
373,402
373,442
374,437
374,477
375,438
375,478
376,439
376,479
377,440
377,480
378,441
378,481
379,408
379,482
380,409
380,483
381,410
381,484
382,411
382,485
383,412
383,486
384,413
384,487
385,414
385,488
386,415
386,489
387,416
387,490
388,491
388,417
389,418
389,492
390,419
390,493
391,420
391,494
392,421
392,495
393,422
393,496
394,423
394,497
395,424
395,498
396,425
396,499
397,426
397,500
398,427
398,501
399,428
399,502
400,429
400,503
401,430
401,504
402,431
402,505
403,432
403,506
404,433
404,507
405,508
405,434
406,435
406,509
407,436
407,476
408,471
408,511
409,472
409,512
410,473
410,513
411,474
411,514
412,475
412,515
413,442
413,516
414,443
414,517
415,444
415,518
416,445
416,519
417,446
417,520
418,447
418,521
419,448
419,522
420,449
420,523
421,450
421,524
422,525
422,451
423,452
423,526
424,453
424,527
425,454
425,528
426,455
426,529
427,456
427,530
428,457
428,531
429,458
429,532
430,459
430,533
431,460
431,534
432,461
432,535
433,462
433,536
434,463
434,537
435,464
435,538
436,465
436,539
437,466
437,540
438,467
438,541
439,542
439,468
440,469
440,543
441,470
441,510
442,505
442,545
443,506
443,546
444,507
444,547
445,508
445,548
446,509
446,549
447,476
447,550
448,477
448,551
449,478
449,552
450,479
450,553
451,480
451,554
452,481
452,555
453,482
453,556
454,483
454,557
455,484
455,558
456,559
456,485
457,486
457,560
458,487
458,561
459,488
459,562
460,489
460,563
461,490
461,564
462,491
462,565
463,492
463,566
464,493
464,567
465,494
465,568
466,495
466,569
467,496
467,570
468,497
468,571
469,498
469,572
470,499
470,573
471,500
471,574
472,501
472,575
473,576
473,502
474,503
474,577
475,504
475,544
476,539
476,579
477,540
477,580
478,541
478,581
479,542
479,582
480,543
480,583
481,510
481,584
482,511
482,585
483,512
483,586
484,513
484,587
485,514
485,588
486,515
486,589
487,516
487,590
488,517
488,591
489,518
489,592
490,593
490,519
491,520
491,594
492,521
492,595
493,522
493,596
494,523
494,597
495,524
495,598
496,525
496,599
497,526
497,600
498,527
498,601
499,528
499,602
500,529
500,603
501,530
501,604
502,531
502,605
503,532
503,606
504,533
504,607
505,534
505,608
506,535
506,609
507,610
507,536
508,537
508,611
509,538
509,578
510,573
510,613
511,574
511,614
512,575
512,615
513,576
513,616
514,577
514,617
515,544
515,618
516,545
516,619
517,546
517,620
518,547
518,621
519,548
519,622
520,549
520,623
521,550
521,624
522,551
522,625
523,552
523,626
524,627
524,553
525,554
525,628
526,555
526,629
527,556
527,630
528,557
528,631
529,558
529,632
530,559
530,633
531,560
531,634
532,561
532,635
533,562
533,636
534,563
534,637
535,564
535,638
536,565
536,639
537,566
537,640
538,567
538,641
539,568
539,642
540,569
540,643
541,644
541,570
542,571
542,645
543,572
543,612
544,607
544,647
545,608
545,648
546,609
546,649
547,610
547,650
548,611
548,651
549,578
549,652
550,579
550,653
551,580
551,654
552,581
552,655
553,582
553,656
554,583
554,657
555,584
555,658
556,585
556,659
557,586
557,660
558,661
558,587
559,588
559,662
560,589
560,663
561,590
561,664
562,591
562,665
563,592
563,666
564,593
564,667
565,594
565,668
566,595
566,669
567,596
567,670
568,597
568,671
569,598
569,672
570,599
570,673
571,600
571,674
572,601
572,675
573,602
573,676
574,603
574,677
575,678
575,604
576,605
576,679
577,606
577,646
578,641
578,681
579,642
579,682
580,643
580,683
581,644
581,684
582,645
582,685
583,612
583,686
584,613
584,687
585,614
585,688
586,615
586,689
587,616
587,690
588,617
588,691
589,618
589,692
590,619
590,693
591,620
591,694
592,695
592,621
593,622
593,696
594,623
594,697
595,624
595,698
596,625
596,699
597,626
597,700
598,627
598,701
599,628
599,702
600,629
600,703
601,630
601,704
602,631
602,705
603,632
603,706
604,633
604,707
605,634
605,708
606,635
606,709
607,636
607,710
608,637
608,711
609,712
609,638
610,639
610,713
611,640
611,680
612,675
612,715
613,676
613,716
614,677
614,717
615,678
615,718
616,679
616,719
617,646
617,720
618,647
618,721
619,648
619,722
620,649
620,723
621,650
621,724
622,651
622,725
623,652
623,726
624,653
624,727
625,654
625,728
626,729
626,655
627,656
627,730
628,657
628,731
629,658
629,732
630,659
630,733
631,660
631,734
632,661
632,735
633,662
633,736
634,663
634,737
635,664
635,738
636,665
636,739
637,666
637,740
638,667
638,741
639,668
639,742
640,669
640,743
641,670
641,744
642,671
642,745
643,746
643,672
644,673
644,747
645,674
645,714
646,709
646,749
647,710
647,750
648,711
648,751
649,712
649,752
650,713
650,753
651,680
651,754
652,681
652,755
653,682
653,756
654,683
654,757
655,684
655,758
656,685
656,759
657,686
657,760
658,687
658,761
659,688
659,762
660,763
660,689
661,690
661,764
662,691
662,765
663,692
663,766
664,693
664,767
665,694
665,768
666,695
666,769
667,696
667,770
668,697
668,771
669,698
669,772
670,699
670,773
671,700
671,774
672,701
672,775
673,702
673,776
674,703
674,777
675,704
675,778
676,705
676,779
677,780
677,706
678,707
678,781
679,708
679,748
680,743
680,783
681,744
681,784
682,745
682,785
683,746
683,786
684,747
684,787
685,714
685,788
686,715
686,789
687,716
687,790
688,717
688,791
689,718
689,792
690,719
690,793
691,720
691,794
692,721
692,795
693,722
693,796
694,797
694,723
695,724
695,798
696,725
696,799
697,726
697,800
698,727
698,801
699,728
699,802
700,729
700,803
701,730
701,804
702,731
702,805
703,732
703,806
704,733
704,807
705,734
705,808
706,735
706,809
707,736
707,810
708,737
708,811
709,738
709,812
710,739
710,813
711,814
711,740
712,741
712,815
713,742
713,782
714,777
714,817
715,778
715,818
716,779
716,819
717,780
717,820
718,781
718,821
719,748
719,822
720,749
720,823
721,750
721,824
722,751
722,825
723,752
723,826
724,753
724,827
725,754
725,828
726,755
726,829
727,756
727,830
728,831
728,757
729,758
729,832
730,759
730,833
731,760
731,834
732,761
732,835
733,762
733,836
734,763
734,837
735,764
735,838
736,765
736,839
737,766
737,840
738,767
738,841
739,768
739,842
740,769
740,843
741,770
741,844
742,771
742,845
743,772
743,846
744,773
744,847
745,848
745,774
746,775
746,849
747,776
747,816
748,811
748,851
749,812
749,852
750,813
750,853
751,814
751,854
752,815
752,855
753,782
753,856
754,783
754,857
755,784
755,858
756,785
756,859
757,786
757,860
758,787
758,861
759,788
759,862
760,789
760,863
761,790
761,864
762,865
762,791
763,792
763,866
764,793
764,867
765,794
765,868
766,795
766,869
767,796
767,870
768,797
768,871
769,798
769,872
770,799
770,873
771,800
771,874
772,801
772,875
773,802
773,876
774,803
774,877
775,804
775,878
776,805
776,879
777,806
777,880
778,807
778,881
779,882
779,808
780,809
780,883
781,810
781,850
782,845
782,885
783,846
783,886
784,847
784,887
785,848
785,888
786,849
786,889
787,816
787,890
788,817
788,891
789,818
789,892
790,819
790,893
791,820
791,894
792,821
792,895
793,822
793,896
794,823
794,897
795,824
795,898
796,899
796,825
797,826
797,900
798,827
798,901
799,828
799,902
800,829
800,903
801,830
801,904
802,831
802,905
803,832
803,906
804,833
804,907
805,834
805,908
806,835
806,909
807,836
807,910
808,837
808,911
809,838
809,912
810,839
810,913
811,840
811,914
812,841
812,915
813,916
813,842
814,843
814,917
815,844
815,884
816,879
816,919
817,880
817,920
818,881
818,921
819,882
819,922
820,883
820,923
821,850
821,924
822,851
822,925
823,852
823,926
824,853
824,927
825,854
825,928
826,855
826,929
827,856
827,930
828,857
828,931
829,858
829,932
830,933
830,859
831,860
831,934
832,861
832,935
833,862
833,936
834,863
834,937
835,864
835,938
836,865
836,939
837,866
837,940
838,867
838,941
839,868
839,942
840,869
840,943
841,870
841,944
842,871
842,945
843,872
843,946
844,873
844,947
845,874
845,948
846,875
846,949
847,950
847,876
848,877
848,951
849,878
849,918
850,913
850,953
851,914
851,954
852,915
852,955
853,916
853,956
854,917
854,957
855,884
855,958
856,885
856,959
857,886
857,960
858,887
858,961
859,888
859,962
860,889
860,963
861,890
861,964
862,891
862,965
863,892
863,966
864,967
864,893
865,894
865,968
866,895
866,969
867,896
867,970
868,897
868,971
869,898
869,972
870,899
870,973
871,900
871,974
872,901
872,975
873,902
873,976
874,903
874,977
875,904
875,978
876,905
876,979
877,906
877,980
878,907
878,981
879,908
879,982
880,909
880,983
881,984
881,910
882,911
882,985
883,912
883,952
884,947
884,987
885,948
885,988
886,949
886,989
887,950
887,990
888,951
888,991
889,918
889,992
890,919
890,993
891,920
891,994
892,921
892,995
893,922
893,996
894,923
894,997
895,924
895,998
896,925
896,999
897,926
897,1000
898,1001
898,927
899,928
899,1002
900,929
900,1003
901,930
901,1004
902,931
902,1005
903,932
903,1006
904,933
904,1007
905,934
905,1008
906,935
906,1009
907,936
907,1010
908,937
908,1011
909,938
909,1012
910,939
910,1013
911,940
911,1014
912,941
912,1015
913,942
913,1016
914,943
914,1017
915,1018
915,944
916,945
916,1019
917,946
917,986
918,981
918,1021
919,982
919,1022
920,983
920,1023
921,984
921,1024
922,985
922,1025
923,952
923,1026
924,953
924,1027
925,954
925,1028
926,955
926,1029
927,956
927,1030
928,957
928,1031
929,958
929,1032
930,959
930,1033
931,960
931,1034
932,1035
932,961
933,962
933,1036
934,963
934,1037
935,964
935,1038
936,965
936,1039
937,966
937,1040
938,967
938,1041
939,968
939,1042
940,969
940,1043
941,970
941,1044
942,971
942,1045
943,972
943,1046
944,973
944,1047
945,974
945,1048
946,975
946,1049
947,976
947,1050
948,977
948,1051
949,1052
949,978
950,979
950,1053
951,980
951,1020
952,1015
952,1055
953,1016
953,1056
954,1017
954,1057
955,1018
955,1058
956,1019
956,1059
957,986
957,1060
958,987
958,1061
959,988
959,1062
960,989
960,1063
961,990
961,1064
962,991
962,1065
963,992
963,1066
964,993
964,1067
965,994
965,1068
966,1069
966,995
967,996
967,1070
968,997
968,1071
969,998
969,1072
970,999
970,1073
971,1000
971,1074
972,1001
972,1075
973,1002
973,1076
974,1003
974,1077
975,1004
975,1078
976,1005
976,1079
977,1006
977,1080
978,1007
978,1081
979,1008
979,1082
980,1009
980,1083
981,1010
981,1084
982,1011
982,1085
983,1086
983,1012
984,1013
984,1087
985,1014
985,1054
986,1049
986,1089
987,1050
987,1090
988,1051
988,1091
989,1052
989,1092
990,1053
990,1093
991,1020
991,1094
992,1021
992,1095
993,1022
993,1096
994,1023
994,1097
995,1024
995,1098
996,1025
996,1099
997,1026
997,1100
998,1027
998,1101
999,1028
999,1102
1000,1103
1000,1029
1001,1030
1001,1104
1002,1031
1002,1105
1003,1032
1003,1106
1004,1033
1004,1107
1005,1034
1005,1108
1006,1035
1006,1109
1007,1036
1007,1110
1008,1037
1008,1111
1009,1038
1009,1112
1010,1039
1010,1113
1011,1040
1011,1114
1012,1041
1012,1115
1013,1042
1013,1116
1014,1043
1014,1117
1015,1044
1015,1118
1016,1045
1016,1119
1017,1120
1017,1046
1018,1047
1018,1121
1019,1048
1019,1088
1020,1083
1020,1123
1021,1084
1021,1124
1022,1085
1022,1125
1023,1086
1023,1126
1024,1087
1024,1127
1025,1054
1025,1128
1026,1055
1026,1129
1027,1056
1027,1130
1028,1057
1028,1131
1029,1058
1029,1132
1030,1059
1030,1133
1031,1060
1031,1134
1032,1061
1032,1135
1033,1062
1033,1136
1034,1137
1034,1063
1035,1064
1035,1138
1036,1065
1036,1139
1037,1066
1037,1140
1038,1067
1038,1141
1039,1068
1039,1142
1040,1069
1040,1143
1041,1070
1041,1144
1042,1071
1042,1145
1043,1072
1043,1146
1044,1073
1044,1147
1045,1074
1045,1148
1046,1075
1046,1149
1047,1076
1047,1150
1048,1077
1048,1151
1049,1078
1049,1152
1050,1079
1050,1153
1051,1154
1051,1080
1052,1081
1052,1155
1053,1082
1053,1122
1054,1117
1055,1118
1056,1119
1057,1120
1058,1121
1059,1088
1060,1089
1061,1090
1062,1091
1063,1092
1064,1093
1065,1094
1066,1095
1067,1096
1068,1097
1069,1098
1070,1099
1071,1100
1072,1101
1073,1102
1074,1103
1075,1104
1076,1105
1077,1106
1078,1107
1079,1108
1080,1109
1081,1110
1082,1111
1083,1112
1084,1113
1085,1114
1086,1115
1087,1116
1088,1151
1089,1152
1090,1153
1091,1154
1092,1155
1093,1122
1094,1123
1095,1124
1096,1125
1097,1126
1098,1127
1099,1128
1100,1129
1101,1130
1102,1131
1103,1132
1104,1133
1105,1134
1106,1135
1107,1136
1108,1137
1109,1138
1110,1139
1111,1140
1112,1141
1113,1142
1114,1143
1115,1144
1116,1145
1117,1146
1118,1147
1119,1148
1120,1149
1121,1150
