0,1.2386524727556911,4.471728812036975,5.710381284792666
1,1.2432185746953492,4.187029339863579,5.430247914558928
2,1.2432393245901152,4.395739420002297,5.638978744592412
3,1.2435256306202043,4.531441534253251,5.774967164873455
4,1.2434471320649747,4.578470690635456,5.8219178227004305
5,1.2482575507361964,4.313524378059375,5.561781928795572
6,1.2367403959364711,4.598489143713665,5.835229539650136
7,1.2430823329158116,4.189792274044738,5.432874606960549
8,1.2370842989819912,4.1289177477844765,5.366002046766468
9,1.2418803655971622,4.328117400544523,5.569997766141685
10,1.2422098093446299,4.392096103028111,5.63430591237274
11,1.2470812426527655,4.372955144087222,5.620036386739988
12,1.2370418618280035,4.694975640871161,5.932017502699164
13,1.2409949029916618,4.604666529424628,5.845661432416289
14,1.2282849482516842,4.7957177911167586,6.024002739368443
15,1.2388794314122937,4.386720089513301,5.625599520925595
16,1.2372542201135353,4.166253090835263,5.4035073109487985
17,1.236016787936186,4.041705104505133,5.277721892441319
18,1.2384650339726468,4.66466817991391,5.903133213886557
19,1.2459470688563814,4.29758581059174,5.543532879448121
20,1.2440058183646776,4.407201205748249,5.651207024112927
21,1.2465871972568345,4.3415237693172735,5.588110966574108
22,1.2421459629552514,4.407022836850172,5.649168799805423
23,1.2411104760791853,4.193783112429006,5.434893588508192
24,1.2364655431613045,4.3560717325957325,5.592537275757037
25,1.2388567251993006,4.634650332925245,5.873507058124546
26,1.2438260224340532,4.482251469025149,5.726077491459202
27,1.2442210810867593,4.485961347477961,5.73018242856472
28,1.2481034952882955,4.326337286930201,5.574440782218496
29,1.2368843898068118,4.5525209284710835,5.789405318277895
30,1.2390678379466324,4.439607516158876,5.678675354105509
31,1.2351226602189709,4.635169699007989,5.870292359226959
32,1.2388121777285155,4.221152022040601,5.459964199769117
33,1.236099436559036,4.732363186502275,5.968462623061312
34,1.24320608218743,4.315776965449696,5.558983047637126
35,1.239075510165738,4.44122753587875,5.680303046044488
36,1.2436445824228615,4.1986328952883705,5.442277477711232
37,1.239292151357413,4.301965834933528,5.54125798629094
38,1.239518990034582,4.099100458457838,5.33861944849242
39,1.2386156723880009,4.728445340138741,5.967061012526742
40,1.240779339755989,4.498956118662143,5.7397354584181315
41,1.2344776610947086,4.804161915518123,6.038639576612832
42,1.2465177646145005,4.241353351072528,5.487871115687028
43,1.2359473134916592,4.4747692862361195,5.710716599727778
44,1.2390152364844202,4.229581241891809,5.468596478376229
45,1.2493052570611127,3.882830062662023,5.132135319723136
46,1.2510106198322974,3.8998401244692644,5.150850744301562
47,1.2536367017148233,3.9284313686029626,5.182068070317786
48,1.2517418309450763,4.040043781428297,5.291785612373373
49,1.2476938914472473,4.033479522405199,5.281173413852446
50,1.241984655857879,4.174184942455349,5.416169598313228
51,1.2388566779163028,4.079176342687109,5.318033020603412
52,1.252660401816828,3.8829327146705706,5.1355931164873985
53,1.2520016512502563,3.842826836138709,5.094828487388965
54,1.25198161409201,3.8946483173294983,5.146629931421508
55,1.2526503749390687,3.9055858716732845,5.158236246612353
56,1.2523015207417951,3.947374749851947,5.199676270593742
57,1.2521108421694371,4.013314759111426,5.265425601280864
58,1.2413601518971713,4.100183331748126,5.341543483645298
59,1.232446763348768,4.131554514489222,5.36400127783799
60,1.244612188478791,3.9500033731604534,5.194615561639244
61,1.2500741850293895,3.854594645924881,5.104668830954271
62,1.2535564045628984,3.7585846781064904,5.012141082669389
63,1.2498936333511534,3.9666091391079767,5.21650277245913
64,1.2512848640250416,3.94536336224733,5.196648226272371
65,1.2548584314383422,3.9552923915282836,5.210150822966626
66,1.253838894763709,3.907721690338452,5.161560585102161
67,1.2401332208390428,4.052835756658504,5.292968977497546
68,1.2409819957916555,3.9503129186091175,5.191294914400773
69,1.2439195610993647,3.894261883996017,5.138181445095382
70,1.2494305305680808,3.9354649332093308,5.184895463777412
71,1.2531193427484109,3.939257235041768,5.192376577790179
72,1.254722227282386,3.913556255687942,5.168278482970328
73,1.251202694876004,3.946070939304091,5.197273634180095
74,1.2517084986800333,3.939616592487634,5.191325091167667
75,1.24190931624184,4.017864215324963,5.259773531566802
76,1.2448232096233076,3.9642979279677206,5.209121137591028
77,1.2440535951743417,3.833904530617377,5.077958125791719
78,1.2458187758729455,3.988732521769862,5.234551297642808
79,1.2473074085565448,3.96920101717173,5.216508425728275
80,1.2517976434139109,3.894610632272584,5.146408275686495
81,1.252461884395525,3.8982152535909127,5.150677137986438
82,1.2427450894931633,3.9556991326848543,5.198444222178018
83,1.2450687925080655,3.8545225100374294,5.099591302545495
84,1.2486492243313638,3.9713218017299985,5.219971026061362
85,1.2485500350506749,3.9577086314424026,5.206258666493078
86,1.2483638275847226,4.04046404729552,5.288827874880242
87,1.251930500958052,3.9494806730772742,5.201411174035326
88,1.2507787715517573,3.90189031388853,5.152669085440287
89,1.2439950510664646,3.8961863405097104,5.140181391576175
90,1.2540269503333759,3.7353247684680966,4.989351718801473
91,1.257241455380453,3.771708268641003,5.028949724021456
92,1.2555294936241332,3.8131534468980597,5.0686829405221925
93,1.2540254444645507,3.9034399158077537,5.157465360272305
94,1.251767933410559,3.8706822212032077,5.122450154613767
95,1.2445249862545416,4.042158300133009,5.28668328638755
96,1.2370455287077966,3.9739667815056365,5.211012310213433
97,1.251345338207306,3.794171527094964,5.04551686530227
98,1.2674625532285746,3.7434820057103693,5.010944558938943
99,1.2562322985182315,3.7587996236051358,5.0150319221233675
100,1.2603675004378692,3.78592025996703,5.0462877604048995
101,1.2593957373219067,3.826629033468113,5.0860247707900195
102,1.2594266622271597,3.8459046252032034,5.105331287430364
103,1.2457010378622095,3.8378093406097396,5.083510378471949
104,1.2341278940734914,3.954222105388862,5.188349999462353
105,1.2443771139298059,3.8235227716532343,5.06789988558304
106,1.2551266048825744,3.749758782450847,5.004885387333422
107,1.2627579621980058,3.7049278540805224,4.967685816278529
108,1.2564144710963883,3.770748798741465,5.027163269837853
109,1.253256863287299,3.7819137168281802,5.035170580115479
110,1.25672644437231,3.793697711083589,5.050424155455899
111,1.259137770320767,3.809910103843446,5.069047874164213
112,1.2418404622435502,3.830081971472438,5.071922433715988
113,1.2431115135587116,3.823239225474746,5.0663507390334575
114,1.2472327178951137,3.7604589036981775,5.007691621593291
115,1.2555801284552262,3.7527393087136076,5.008319437168834
116,1.2545465943963914,3.771953715709406,5.0265003101057975
117,1.2559061218594427,3.7718675614858883,5.027773683345331
118,1.2609623242205612,3.810201046239571,5.071163370460132
119,1.255912693390878,3.813168621811302,5.06908131520218
120,1.2461969210666877,3.808712101037562,5.054909022104249
121,1.250770673770247,3.7757469831649053,5.026517656935153
122,1.2511224607534421,3.7302724068159225,4.981394867569365
123,1.2502701050502911,3.7767533777875593,5.02702348283785
124,1.2503600886862458,3.777849374785294,5.02820946347154
125,1.2530921387916496,3.815480721621812,5.068572860413462
126,1.2551908135262064,3.787137812237443,5.042328625763649
127,1.2472741597416843,3.7848797108332177,5.032153870574902
128,1.2517726693382565,3.744249145283248,4.996021814621504
129,1.252215955829494,3.7785964177300095,5.030812373559503
130,1.2505751924005801,3.7850580699786507,5.035633262379231
131,1.2527290963982654,3.8232964291498326,5.076025525548098
132,1.2515596652995848,3.8446255421678805,5.096185207467466
133,1.2579823099977228,3.7773311737287734,5.035313483726496
134,1.2533390625337244,3.7574389175802927,5.0107779801140175
135,1.2679422746219278,3.7181832280181495,4.9861255026400775
136,1.264862612587786,3.733407705544344,4.99827031813213
137,1.2547435658262174,3.7584331700502043,5.013176735876422
138,1.2531324247324103,3.7982296264508273,5.051362051183237
139,1.260614438681819,3.809983757068017,5.070598195749836
140,1.2476722699515237,4.036880582600565,5.284552852552089
141,1.2394661333575396,3.9013798681852707,5.14084600154281
142,1.2491923159149545,3.737601764587577,4.9867940805025315
143,1.2594182604217394,3.726462743987714,4.985881004409453
144,1.2684401452319891,3.7320262300837506,5.00046637531574
145,1.2629774923168688,3.735931009946063,4.998908502262932
146,1.2578263342081821,3.7511379771053774,5.00896431131356
147,1.2587604290242127,3.7943886657427655,5.053149094766978
148,1.2505444775186518,3.8378387803050447,5.088383257823697
149,1.233531557206218,4.013269647217186,5.246801204423404
150,1.2462218601387702,3.7808304213981,5.02705228153687
151,1.2564866037358682,3.724501740749617,4.980988344485485
152,1.2605578721792399,3.6774397090344,4.93799758121364
153,1.2642116136502535,3.7345425356456023,4.998754149295856
154,1.2630065565079405,3.735110478612975,4.998117035120916
155,1.2608879086818268,3.7467320923505696,5.007620001032397
156,1.256676913731683,3.752121520228168,5.008798433959851
157,1.2424159278969205,3.809726404787888,5.0521423326848085
158,1.2438853167314892,3.7617486919463365,5.005634008677825
159,1.2491843817875319,3.728287273079182,4.977471654866713
160,1.2648820567822248,3.724799028525088,4.989681085307312
161,1.2630422253245288,3.736631520730578,4.999673746055107
162,1.2629346301938367,3.7332531738583525,4.996187804052189
163,1.2612645898870474,3.7411990602580483,5.002463650145096
164,1.2442857972647483,3.821318339812834,5.065604137077583
165,1.2454505565523928,3.7758825682443677,5.021333124796761
166,1.2501851714593333,3.7385112141136854,4.988696385573019
167,1.2593358265232244,3.714372017678433,4.973707844201657
168,1.2626104432253868,3.739416880463412,5.002027323688798
169,1.2587431612766349,3.73242459688654,4.991167758163175
170,1.2512786471840964,3.7562052070662135,5.00748385425031
171,1.2455878445612942,3.809565443486527,5.055153288047821
172,1.2457698020132026,3.738608226898938,4.984378028912141
173,1.2542128417437892,3.7149899850667243,4.9692028268105135
174,1.2606505953978284,3.7422440017501413,5.00289459714797
175,1.2643524698938662,3.7555864543771538,5.01993892427102
176,1.2564509468320424,3.7593238986596087,5.015774845491651
177,1.2466377586514803,3.7577199560300167,5.004357714681497
178,1.2481122499975223,3.7374994207516017,4.985611670749124
179,1.2547589043440321,3.7247247753635317,4.979483679707564
180,1.2643774933932488,3.7256164790078983,4.989993972401147
181,1.2565188931110496,3.786151853870639,5.042670746981688
182,1.2522915506997023,3.897678430015355,5.149969980715057
183,1.2575271139132589,3.9064332007763576,5.163960314689616
184,1.2361704894189434,4.596596132236009,5.832766621654952
185,1.2339248753050678,4.0836063167277015,5.317531192032769
186,1.243876415236854,3.7838824883288376,5.027758903565692
187,1.2557644765426548,3.713471085824243,4.969235562366897
188,1.2696911283581696,3.7251326697221177,4.994823798080287
189,1.263695232184973,3.731738557780832,4.995433789965805
190,1.2587280469652076,3.8030344309526476,5.061762477917855
191,1.2594442321527968,3.794760485399228,5.054204717552025
192,1.2368372002571313,4.177484538017045,5.414321738274176
193,1.2303934742812987,4.02743347246246,5.257826946743759
194,1.2421275154750315,3.8024907781074115,5.0446182935824435
195,1.2506787158163637,3.7164375727476164,4.967116288563981
196,1.2567568698104166,3.6574921435339314,4.914249013344348
197,1.2650412167150595,3.7265857262198487,4.991626942934908
198,1.2632632746843657,3.726677865963506,4.989941140647872
199,1.2622292945184843,3.7429588538319485,5.005188148350433
200,1.2512722130191887,3.8290447141870105,5.0803169272062
201,1.230932318380657,4.0867319772328115,5.3176642956134685
202,1.2386283239202465,3.829688473019809,5.0683167969400555
203,1.245921652661791,3.7262919093716325,4.972213562033423
204,1.2672052380546606,3.7223092543303804,4.989514492385041
205,1.2642443510561636,3.7277467497111685,4.991991100767332
206,1.2642129420701462,3.725147486623384,4.98936042869353
207,1.2615953734555037,3.7339427361886055,4.995538109644109
208,1.2399776852898312,3.8952198511045384,5.13519753639437
209,1.236992223610585,3.9072186983769233,5.144210921987508
210,1.247466160250067,3.729191949991252,4.976658110241319
211,1.255930618162649,3.695204335117661,4.95113495328031
212,1.26362685933739,3.727121784046112,4.990748643383502
213,1.260429985091061,3.7428832695798264,5.003313254670887
214,1.2501613920871462,3.7785235036647364,5.028684895751883
215,1.2401212231772818,3.833437910460437,5.073559133637719
216,1.239500243938913,3.75895046493163,4.998450708870543
217,1.25070273985401,3.706912258075085,4.957614997929095
218,1.2614952674244755,3.7523122489381557,5.013807516362631
219,1.2654056100238444,3.739650102227544,5.005055712251388
220,1.256795870930774,3.7578820621468525,5.0146779330776265
221,1.2458293607583761,3.7692615864232213,5.015090947181598
222,1.241515680880004,3.774271436247738,5.015787117127742
223,1.2485806745820722,3.710795423929481,4.959376098511553
224,1.258502387826729,3.8170239982694394,5.075526386096168
225,1.2548664070319684,3.873361159206227,5.128227566238195
226,1.258436467895165,3.925422039433022,5.183858507328187
227,1.2475136484304699,4.161635831101421,5.409149479531891
228,1.2408592255970614,4.0042074886027255,5.245066714199787
229,1.2496493897652379,3.7942220030705367,5.043871392835775
230,1.2572562825096547,3.7361879961145967,4.993444278624251
231,1.27131963432572,3.7563079152062264,5.027627549531946
232,1.274144785227135,3.7809329590054452,5.05507774423258
233,1.25985701256904,3.840686067003341,5.100543079572381
234,1.2581279778348258,3.8471076149633094,5.105235592798135
235,1.2521764546440775,3.9033274025415943,5.155503857185671
236,1.233306918391611,4.109454384492441,5.3427613028840515
237,1.2454894823070974,3.8288376290243535,5.074327111331451
238,1.2518969909173578,3.7442956268314886,4.9961926177488465
239,1.2535056264568536,3.68816586473317,4.941671491190023
240,1.2758448574605343,3.7776465871545875,5.053491444615122
241,1.2685649732139532,3.7838453236357195,5.052410296849673
242,1.2653247194613073,3.7969102464794515,5.062234965940759
243,1.2533700880649434,3.9300672086688064,5.18343729673375
244,1.2460164358756576,3.9075267616383025,5.15354319751396
245,1.2450212693643368,3.835067807467377,5.0800890768317135
246,1.249619244593827,3.7533906875828937,5.00300993217672
247,1.2643729944511104,3.740718960107942,5.005091954559052
248,1.2737135221818037,3.7828024597542997,5.056515981936103
249,1.2687281631194463,3.7735041294405303,5.0422322925599765
250,1.2612900661805388,3.801257269394959,5.0625473355754975
251,1.248386506997309,3.9340233935833906,5.1824099005807
252,1.2479906892679427,3.8385594780119767,5.08655016727992
253,1.2502925253924848,3.768405199245164,5.018697724637649
254,1.2536713925392904,3.727042680074261,4.9807140726135515
255,1.2671349175232727,3.788148603780866,5.055283521304139
256,1.26149893705295,3.803707098252926,5.065206035305875
257,1.248031735659268,3.9031200382819216,5.15115177394119
258,1.2460171430130917,3.87355446140512,5.119571604418212
259,1.2494890194656054,3.7928328581365816,5.042321877602187
260,1.253857117255297,3.734207519981119,4.988064637236416
261,1.263437885379247,3.7981926057271838,5.061630491106431
262,1.2679186348241764,3.7972498993662454,5.065168534190422
263,1.2562300414331287,3.8418044812494685,5.098034522682597
264,1.246278871723696,3.866571767443133,5.112850639166829
265,1.2496785718868004,3.8048581843915663,5.054536756278367
266,1.2534238966327274,3.7435768442776016,4.9970007409103285
267,1.2602769686120345,3.9398114527056056,5.20008842131764
268,1.2541363026674597,4.041051297134204,5.295187599801664
269,1.242743729171139,4.31300974302513,5.555753472196269
270,1.239079527166466,4.075063809257045,5.314143336423511
271,1.2495498212691019,3.8567683791708833,5.106318200439985
272,1.2531045388695228,3.7497272024092863,5.0028317412788095
273,1.2573528999540482,3.8125601979760755,5.069913097930124
274,1.2620414556248325,3.852896027760869,5.1149374833857015
275,1.2697433869707624,3.8270403127481085,5.096783699718871
276,1.263471762649362,3.8678175203764567,5.1312892830258185
277,1.2483963519108658,3.9736005934402954,5.221996945351162
278,1.2366049867798823,4.123881970686945,5.3604869574668275
279,1.2429776987586667,3.8938214878248494,5.1367991865835165
280,1.2484566152122436,3.7712032506464372,5.019659865858681
281,1.2506654862789512,3.7099818782332474,4.960647364512199
282,1.2587508057037613,3.8502605894292796,5.109011395133041
283,1.2631090697933647,3.846000197515855,5.109109267309219
284,1.2680756567760167,3.8132477059682888,5.081323362744305
285,1.2554766599510734,4.055731194205702,5.311207854156775
286,1.2422912048177532,4.041136834702693,5.283428039520446
287,1.2423051430281102,3.9270017106184825,5.169306853646592
288,1.243930643533851,3.8154465082098024,5.059377151743654
289,1.2571719682511613,3.7909004074578547,5.048072375709016
290,1.2588760330241173,3.860648527556154,5.119524560580271
291,1.2602652286605875,3.848382882411658,5.108648111072245
292,1.264012678083951,3.836950256670388,5.100962934754339
293,1.251052750305684,4.017610807752385,5.268663558058069
294,1.2460961118999618,3.9415632281531825,5.187659340053145
295,1.2468628576145084,3.843434300293256,5.090297157907765
296,1.2452960703792675,3.7543677702505858,4.999663840629854
297,1.2555500016441736,3.863423692196733,5.118973693840907
298,1.257985624647445,3.8688895886565278,5.126875213303973
299,1.2515241711801637,4.043638646550662,5.2951628177308265
300,1.250891534732269,3.9521368882316508,5.20302842296392
301,1.244684913876796,3.8797903206794704,5.124475234556266
302,1.245571719096687,3.7761628347079177,5.021734553804604
303,1.2572174564198433,3.8617226198701204,5.118940076289964
304,1.2562063150301945,3.870556041741454,5.126762356771648
305,1.2531283454928963,3.9585396124685976,5.2116679579614935
306,1.2503939688549057,3.9971043335882075,5.247498302443113
307,1.2492262571084027,3.8767183065537,5.125944563662102
308,1.2480040683016904,3.808723566172406,5.056727634474097
309,1.2535660040642154,4.274711131771154,5.528277135835369
310,1.2477540206137765,4.4548662278222,5.702620248435977
311,1.2377974941991285,4.271789061894328,5.509586556093456
312,1.2482071654219176,3.996200707141247,5.244407872563165
313,1.2511399653156714,3.8360808032905047,5.087220768606176
314,1.2559412595970099,3.895844898585876,5.151786158182886
315,1.265801511157764,3.862955351471861,5.128756862629625
316,1.2661246357656493,3.963853303708724,5.229977939474373
317,1.2657649501309514,3.9030670593879817,5.168832009518933
318,1.248013753969965,4.2447825518485525,5.492796305818517
319,1.2352451664451711,4.3033653759339865,5.538610542379158
320,1.2423665552358731,4.070471166525037,5.31283772176091
321,1.2483148519340133,3.9459954865002502,5.1943103384342635
322,1.247440960918574,3.7979834936654235,5.045424454583998
323,1.2576556344771035,3.99667063595057,5.254326270427674
324,1.262067459447677,3.980998079209315,5.243065538656992
325,1.2630895315465,3.977476320784115,5.240565852330615
326,1.2494390987528403,4.427290507626737,5.676729606379578
327,1.239974235256604,4.33883858753815,5.578812822794754
328,1.2412549122532317,4.109280310325393,5.350535222578625
329,1.2415092795441933,3.988930160041278,5.230439439585471
330,1.2565146710893238,3.8542433943293477,5.110758065418672
331,1.263130614257527,3.981529672611087,5.244660286868614
332,1.2626567329132128,3.980564016665939,5.243220749579152
333,1.26276704992586,3.9586336009002374,5.221400650826098
334,1.2458848533358868,4.347054631395533,5.59293948473142
335,1.2432205581399656,4.1993179311126365,5.442538489252602
336,1.244195946810347,4.039332850556941,5.283528797367288
337,1.2438921548165747,3.9208917746636884,5.164783929480263
338,1.254573176123406,4.06910255631973,5.323675732443136
339,1.2589954098433447,4.042094100091224,5.3010895099345685
340,1.2514587323669908,4.342727386550942,5.594186118917933
341,1.248528867951248,4.126893231364445,5.375422099315693
342,1.2398329707982683,4.0773811986991255,5.317214169497394
343,1.2446642315147105,3.9340692565202144,5.178733488034925
344,1.2568064608248095,4.0529691721259935,5.309775632950803
345,1.2591098371872542,4.033265090026955,5.292374927214209
346,1.2535400153876344,4.125288972715651,5.378828988103286
347,1.2462009877314806,4.227086209440827,5.473287197172308
348,1.2439601917442855,4.060921500957217,5.304881692701502
349,1.2427010525752513,3.974428573939127,5.217129626514378
350,1.2581871444828017,4.243277229660615,5.501464374143417
351,1.2441204623609992,4.550056020203759,5.794176482564758
352,1.2461742032281342,4.105333906341779,5.351508109569913
353,1.2518197882971283,4.041441015199677,5.293260803496805
354,1.2614783630009263,3.8765523777722843,5.13803074077321
355,1.2648661215616832,3.9687074991897537,5.233573620751437
356,1.2702354729793197,3.9489489897469103,5.21918446272623
357,1.2771419581422419,3.886551276633454,5.163693234775696
358,1.2645928164839286,4.08290215631414,5.347494972798069
359,1.2513504764010828,4.16956183090727,5.4209123073083525
360,1.2484917905666153,4.219266102057545,5.46775789262416
361,1.252961688107503,3.985459090001259,5.238420778108762
362,1.2527078617604201,3.844930481246901,5.097638343007321
363,1.2601140256885963,4.008830194429509,5.2689442201181045
364,1.2659219250953107,4.066495542235107,5.332417467330417
365,1.274488679364992,3.981618799380967,5.2561074787459585
366,1.2706887011609533,4.0185045882781925,5.289193289439146
367,1.2557345645149351,4.211699271867532,5.467433836382467
368,1.2491443491317384,4.149307767047185,5.398452116178923
369,1.2492959202964962,4.174834802887247,5.424130723183743
370,1.2600369019403703,3.8703910263493437,5.1304279282897145
371,1.2684533813623033,3.965829417869103,5.234282799231407
372,1.2760406405727212,3.9617640699293393,5.23780471050206
373,1.2739728583548147,3.9563581786007425,5.230331036955557
374,1.2628900891702601,4.109129182004985,5.372019271175245
375,1.257197423517552,4.2252401028111235,5.482437526328676
376,1.2567652925726818,4.105625499965513,5.362390792538195
377,1.2504048060496609,3.9785516362108324,5.228956442260493
378,1.272822639894262,3.9840686576566,5.256891297550862
379,1.269503337820085,4.046953444682603,5.316456782502688
380,1.2646428341971376,4.050157741794455,5.314800575991592
381,1.2613364266415692,4.101517876576392,5.362854303217961
382,1.258385993624737,4.105833213888842,5.364219207513579
383,1.2537065973214758,4.0724590214863605,5.326165618807837
384,1.2648517812330662,3.9636617092295987,5.228513490462665
385,1.272316149539577,4.021643178898355,5.293959328437932
386,1.2670142712052173,4.040155006732835,5.307169277938052
387,1.260668761845748,4.119897618134985,5.380566379980733
388,1.2566233129503293,4.143119038023643,5.399742350973972
389,1.257812931549538,4.038573491697257,5.296386423246795
390,1.2362129086001317,4.562484393674547,5.798697302274679
391,1.2380506018305297,4.51269583949203,5.750746441322559
392,1.2338272508404797,4.60943117422718,5.84325842506766
393,1.2383640655063244,4.730330900796677,5.968694966303001
394,1.234358210265434,4.766726396606045,6.001084606871479
395,1.2492272107409557,4.694770178972107,5.943997389713062
396,1.2440813990226443,4.860822357597679,6.104903756620324
397,1.2468402954148492,5.1060191747513475,6.352859470166196
398,1.2422701282745112,4.581965897949571,5.824236026224082
399,1.2379340300687758,4.336130673127523,5.574064703196299
400,1.2371678715749732,4.325666410070644,5.5628342816456176
401,1.234241251222641,4.484791544800488,5.719032796023129
402,1.2353008477666998,4.8348138061382775,6.0701146539049775
403,1.2383018933762189,4.7647159034152775,6.003017796791497
404,1.2495531674549352,4.798951684026725,6.04850485148166
405,1.2483829781060813,5.036559834767042,6.284942812873123
406,1.2402966904316195,4.875380191257763,6.1156768816893825
407,1.2503158147603364,4.2222113890754756,5.472527203835812
408,1.2358592238473762,4.234983469278298,5.4708426931256735
409,1.2378430697109344,4.729333225709746,5.96717629542068
410,1.2387200779006435,4.869252801030183,6.107972878930827
411,1.2355924611987765,4.92879796930153,6.1643904305003066
412,1.2513436437784349,4.833316287144012,6.084659930922447
413,1.2446431541021028,4.659296005475049,5.903939159577152
414,1.2435717475508694,4.722733067021011,5.96630481457188
415,1.2442231939414015,4.383314947235664,5.627538141177065
416,1.2380035615826455,4.175311975589111,5.413315537171756
417,1.2324196494031692,4.963465481246775,6.195885130649945
418,1.2385249580246178,4.826495002874374,6.065019960898992
419,1.2454549612201509,4.780400954894028,6.025855916114179
420,1.244458570604296,4.7442601114947,5.988718682098996
421,1.2441648041618292,4.588418548385127,5.832583352546957
422,1.2435644865969058,4.244978165460537,5.488542652057443
423,1.236959608267457,4.798609375860301,6.035568984127758
424,1.2358904437255103,4.949394300219067,6.185284743944577
425,1.2353828562732467,4.8777080957091,6.113090951982347
426,1.2447500705613244,4.573030383742032,5.817780454303357
427,1.243976146520942,4.458459495276584,5.702435641797526
428,1.2435116137048667,4.382607108840808,5.626118722545675
429,1.238527311571073,3.9987130591664526,5.237240370737526
430,1.2373742600401887,3.9375493611776236,5.174923621217812
431,1.2360675363975195,4.103710187949386,5.339777724346906
432,1.2403268142713169,4.065907059105062,5.306233873376379
433,1.240315793739393,4.146481168620084,5.386796962359477
434,1.236783857815727,4.246802485039274,5.483586342855001
435,1.237286011180732,4.14659033458596,5.383876345766692
436,1.2300071233812768,4.167981816367187,5.397988939748464
437,1.2370477674298097,4.092227612111267,5.329275379541077
438,1.240688010128267,3.8849311214499713,5.1256191315782385
439,1.2374167182548865,3.880501652515772,5.117918370770658
440,1.233801405202643,4.16044855144302,5.3942499566456625
441,1.233076695310412,4.177786269994702,5.410862965305114
442,1.2353853657950213,4.215162511131796,5.450547876926818
443,1.2388882217083665,4.065255297207662,5.304143518916028
444,1.2335972643703248,4.186109319611139,5.419706583981464
445,1.2389282345758097,4.021764315017165,5.260692549592975
446,1.2364281278131217,4.039459178086633,5.275887305899755
447,1.2341147290044143,4.117765493882179,5.351880222886593
448,1.2350151614184857,4.174173665256501,5.409188826674987
449,1.241161227568233,4.084187258351856,5.32534848592009
450,1.2396706247534013,4.213097631487344,5.452768256240745
451,1.2352976913203944,4.093353661187168,5.328651352507562
452,1.2360689106781921,4.120942865999705,5.357011776677897
453,1.2344349527173413,4.09629305040228,5.330728003119621
454,1.2386756096375766,4.0117004930694895,5.250376102707066
455,1.2296592896025011,4.187663593715084,5.417322883317585
456,1.2304519215881964,4.234060242626069,5.464512164214265
457,1.2378160030346275,4.175238202919443,5.4130542059540705
458,1.2397208494959198,4.074294036544109,5.314014886040029
459,1.2376550538763877,4.072905965423048,5.310561019299436
460,1.2401087413289422,3.9466177005284098,5.186726441857352
461,1.233221929883052,4.161829603514922,5.395051533397973
462,1.2317537280309396,4.1960027949133964,5.427756522944336
463,1.2365661962196504,4.166382083852285,5.402948280071935
464,1.2430172579793064,4.050332303849076,5.293349561828382
465,1.2375525904928237,4.036564320671292,5.274116911164115
466,1.2375207552024576,4.035616952975093,5.273137708177551
467,1.253723195495275,3.748194241039979,5.001917436535254
468,1.2480090122871643,3.802090263635193,5.050099275922357
469,1.2495513976553017,3.8147057592591125,5.064257156914414
470,1.251951695361236,3.869804868695854,5.12175656405709
471,1.2492417602267507,3.9254504621331656,5.1746922223599165
472,1.2369513520250246,3.9166021969668665,5.153553548991891
473,1.2304818995801485,3.9222419644151505,5.152723863995299
474,1.2434258662364994,3.8339725446288244,5.077398410865324
475,1.2509392156511205,3.7715409755321705,5.022480191183291
476,1.2479305669448078,3.713297085581031,4.961227652525839
477,1.2449483968814843,3.8237311387863437,5.068679535667828
478,1.2466330019987852,3.8348420629755244,5.08147506497431
479,1.2450732549115135,3.8593394348924615,5.104412689803975
480,1.248087066334326,3.856629789249143,5.104716855583469
481,1.2339019567400076,3.8699411634086194,5.1038431201486265
482,1.2391224940250438,3.845900337238912,5.085022831263956
483,1.2431464706494082,3.7882672465262957,5.031413717175704
484,1.2451102981689728,3.8100771451229045,5.055187443291877
485,1.2471588685613417,3.8362518736338704,5.083410742195213
486,1.247460062030323,3.8257858971671492,5.073245959197472
487,1.2524763791038906,3.8679041048294858,5.120380483933376
488,1.2471707931866542,3.8104861795463205,5.057656972732975
489,1.2402048107322887,3.859652576222211,5.0998573869545
490,1.2431682134835755,3.821331886108981,5.064500099592557
491,1.2437306876500938,3.766260165176161,5.009990852826255
492,1.2390516941981813,3.841030907000204,5.080082601198385
493,1.2438230207760967,3.824582856369639,5.068405877145736
494,1.2452531262392512,3.8634188123192192,5.10867193855847
495,1.2485373872096779,3.8303198903671096,5.0788572775767875
496,1.2430278549822174,3.8130099075550787,5.056037762537296
497,1.2451413737845194,3.76956407838935,5.014705452173869
498,1.2436900580724097,3.825761201991436,5.069451260063846
499,1.2436201469882577,3.838669171531643,5.0822893185199005
500,1.2455251269841086,3.8390847133311037,5.0846098403152125
501,1.25353993488237,3.808603779152734,5.062143714035104
502,1.2494694071679975,3.7930570060073574,5.042526413175355
503,1.2429849877500907,3.786724396059914,5.029709383810005
504,1.2567203607556183,3.726866988670515,4.983587349426133
505,1.2540140736748737,3.73783902157041,4.9918530952452835
506,1.2532082774240199,3.748427182380424,5.001635459804444
507,1.2564944459976046,3.830407283188825,5.08690172918643
508,1.244339109355878,3.7920851295179476,5.036424238873826
509,1.2323213276424245,3.8785419113569928,5.110863238999418
510,1.2423935596660916,3.7643970391547836,5.006790598820875
511,1.2558513294396647,3.737188134369568,4.993039463809232
512,1.2642550043857923,3.703103248088387,4.967358252474179
513,1.25445782576068,3.7338759464487037,4.9883337722093835
514,1.2520068282080725,3.7364618912364462,4.988468719444519
515,1.2595139889441496,3.7787381714176456,5.038252160361795
516,1.255941658522316,3.7864293345943265,5.042370993116642
517,1.2401775687813918,3.7765080845454486,5.0166856533268405
518,1.2411575513328472,3.754561245916083,4.99571879724893
519,1.2485660573114767,3.7365180815964156,4.985084138907892
520,1.255539913889066,3.7225685928423227,4.978108506731388
521,1.2529877054966923,3.7344359420707423,4.987423647567434
522,1.251561205409772,3.738151959331362,4.989713164741135
523,1.2551866125420468,3.76010241088624,5.015289023428287
524,1.2511371928468071,3.7716026359880015,5.022739828834808
525,1.2441186839710552,3.7479952255168114,4.992113909487866
526,1.2493890341112737,3.7377434910591707,4.987132525170445
527,1.254610382609751,3.7210230973389917,4.975633479948742
528,1.2491251713183233,3.737484110210559,4.9866092815288825
529,1.2509325611402713,3.742151362051911,4.993083923192183
530,1.252400114973872,3.7980117370242272,5.050411851998099
531,1.252612685541489,3.7476224345264133,5.000235120067902
532,1.2457893603935468,3.741837428646413,4.987626789039959
533,1.2530737059055934,3.7240789824591927,4.977152688364786
534,1.2501793208239418,3.734776600404744,4.984955921228686
535,1.2508749770108776,3.7457383233524646,4.996613300363342
536,1.2504370230918789,3.75028965967997,5.000726682771849
537,1.2477888240674704,3.768908552632339,5.01669737669981
538,1.2550384821083427,3.7395926504686887,4.994631132577031
539,1.2536335398142433,3.729010654893123,4.982644194707366
540,1.2692666887207047,3.764865710979752,5.034132399700456
541,1.2614799670843444,3.8191591660308553,5.080639133115199
542,1.2623978585647626,3.808154707927025,5.070552566491788
543,1.2402860184356461,4.188131216314019,5.4284172347496655
544,1.2319243517428942,4.091331202259003,5.323255554001896
545,1.2441262779089086,3.831419328689407,5.0755456065983156
546,1.2530219921304109,3.7324237018941613,4.985445694024572
547,1.2565192551839832,3.6668769682490843,4.923396223433068
548,1.2718031155428535,3.759112290454367,5.03091540599722
549,1.267964319816156,3.7655662240239605,5.033530543840117
550,1.2645016060826058,3.7824324009094887,5.046934006992094
551,1.2586212480100634,3.826918979295045,5.085540227305108
552,1.2341477452338363,4.116455245172341,5.350602990406178
553,1.2391468910865444,3.8579225892428552,5.0970694803294
554,1.2474866241077867,3.7448272390195583,4.992313863127345
555,1.2694385964452974,3.738461952518841,5.007900548964138
556,1.268430464126291,3.765545125350674,5.033975589476965
557,1.2672912386634914,3.753584050580324,5.020875289243815
558,1.26335715009416,3.7772766907178337,5.040633840811994
559,1.2435750558269771,3.930710891031395,5.174285946858372
560,1.2378654176474124,3.9209511053013117,5.158816522948724
561,1.2496779983151427,3.7508887400428574,5.000566738358
562,1.2575527459521505,3.716593116793695,4.9741458627458455
563,1.2676240833775845,3.7646309636815114,5.032255047059095
564,1.263041717746301,3.767769539297604,5.030811257043904
565,1.2530314281604995,3.811475537762436,5.064506965922936
566,1.2421244751809113,3.874815414364247,5.116939889545158
567,1.2414695772881048,3.7885612071941726,5.030030784482277
568,1.2517499013913944,3.7220530649560994,4.973802966347494
569,1.2632521792589808,3.7852927246730816,5.048544903932062
570,1.2679027027321104,3.7649458722629396,5.03284857499505
571,1.2573249204577726,3.8109275598715135,5.068252480329286
572,1.2457366366023093,3.819992114823247,5.0657287514255565
573,1.2452045405967476,3.8006291054767884,5.045833646073536
574,1.251293378073199,3.7336501766200874,4.984943554693286
575,1.2662818306843797,3.8530100130142904,5.1192918436986705
576,1.2618067060717748,3.883636790019978,5.145443496091753
577,1.2539394543104074,3.951338595269825,5.205278049580232
578,1.2340353212554491,4.184312635653634,5.418347956909083
579,1.2464262513883764,3.8663325604712693,5.112758811859646
580,1.2522590876230668,3.755005465058627,5.0072645526816935
581,1.2540715125782707,3.683950350877082,4.9380218634553525
582,1.278502831879582,3.7938611746096607,5.072364006489242
583,1.2784253337644056,3.794413879350612,5.072839213115017
584,1.2687242870356108,3.8279949181484176,5.096719205184028
585,1.2628711929856573,3.860350722004471,5.123221914990128
586,1.248008041444778,3.963315969750189,5.211324011194967
587,1.2469304634894263,3.9038152069657386,5.150745670455165
588,1.2483637746547576,3.776337579862947,5.024701354517704
589,1.2654734772456357,3.748895143002631,5.014368620248267
590,1.2771266708676372,3.798469870464121,5.075596541331758
591,1.2717736608404582,3.7926037317381525,5.064377392578611
592,1.2657821242175535,3.833024269090588,5.098806393308141
593,1.2495461102984387,4.0716114228815306,5.321157533179969
594,1.2483163112041473,3.907989808456586,5.156306119660734
595,1.2527373802752364,3.7933398413361434,5.04607722161138
596,1.2530547185489587,3.730816143021038,4.983870861569997
597,1.275058064199335,3.806775160111801,5.081833224311136
598,1.2668333238159746,3.8116837108248034,5.078517034640778
599,1.253373541764717,3.9498024172840394,5.203175959048757
600,1.2502583263242166,3.946141925258012,5.1964002515822285
601,1.250650738790085,3.8295239076846666,5.0801746464747515
602,1.2519573629808936,3.7460022508710975,4.997959613851991
603,1.2674666599184916,3.8147763463495896,5.082243006268081
604,1.2700541221823376,3.81773915498584,5.087793277168178
605,1.2592717672378828,3.915421009046634,5.174692776284517
606,1.2464801194377488,3.9654103166756594,5.211890436113408
607,1.2516634180087771,3.8567922052984303,5.108455623307208
608,1.2525564652894656,3.757664309217896,5.010220774507362
609,1.2686081734085264,3.877729597355219,5.146337770763745
610,1.2551647454118178,4.01032907367763,5.265493819089448
611,1.2375112819296754,4.230952189631494,5.4684634715611695
612,1.2451976242844556,3.9369490897832278,5.182146714067684
613,1.2499593477496078,3.7892912242638936,5.0392505720135015
614,1.2531456171092947,3.7129175677004453,4.96606318480974
615,1.2655954570631536,3.854102811377494,5.119698268440648
616,1.2705142940032033,3.8772580904946286,5.147772384497832
617,1.275910614912475,3.8381479571829478,5.114058572095423
618,1.265079004653983,3.9066278981861204,5.1717069028401035
619,1.2494972724350752,4.078115676715742,5.327612949150817
620,1.2438538700907695,4.0069823224906616,5.250836192581431
621,1.2448020935904163,3.836221864753633,5.0810239583440495
622,1.2613352983264532,3.791198216142472,5.052533514468925
623,1.267445436328991,3.8779281543709736,5.145373590699965
624,1.2707498677914832,3.85678960913912,5.127539476930603
625,1.269786759983125,3.86393870345073,5.133725463433855
626,1.2532295237321978,4.106767414352804,5.359996938085002
627,1.251489150476034,3.9975973538535636,5.249086504329598
628,1.2486619951906002,3.859142152697481,5.107804147888081
629,1.2466069329613165,3.7686988804913613,5.015305813452677
630,1.2638379863670122,3.897951863802028,5.16178985016904
631,1.2632673049360754,3.8927072914207117,5.155974596356787
632,1.2603330885839308,4.097066550196752,5.357399638780683
633,1.2538896651523004,4.061442554582241,5.315332219734541
634,1.2501183722528175,3.915059086424281,5.165177458677098
635,1.2474596140645853,3.793944222602397,5.041403836666983
636,1.2651821778518308,3.867269733689212,5.132451911541043
637,1.262280285873574,3.9140356126237275,5.176315898497301
638,1.2609341003059913,3.982065064996303,5.242999165302294
639,1.250893533184616,4.127116557895156,5.378010091079772
640,1.2504409294284295,3.9510878705121804,5.2015287999406095
641,1.2496320901196802,3.833632817743813,5.083264907863493
642,1.2599714676606697,4.093928702861089,5.353900170521759
643,1.2402415900919799,4.355671887972768,5.595913478064748
644,1.2445922711750024,4.0448596122496125,5.289451883424615
645,1.2540827462634991,3.8828638782743514,5.136946624537851
646,1.2553530496075658,3.7799478744211963,5.035300924028762
647,1.2642024830228178,3.8665117006067056,5.130714183629523
648,1.2715993981237508,3.906154237037531,5.177753635161282
649,1.2779200514097937,3.856560419155942,5.134480470565736
650,1.2672931882268432,3.919788671236287,5.18708185946313
651,1.252662155692516,4.187077092048574,5.439739247741089
652,1.2475146850803553,4.064938803364795,5.312453488445151
653,1.2457150512897868,3.9584404945214144,5.204155545811201
654,1.2606279000879845,3.7847721703696875,5.0454000704576725
655,1.2696477997112776,3.8764404603166316,5.146088260027909
656,1.2769633349627623,3.8603581483672764,5.137321483330039
657,1.2706198622726883,3.9023878599285786,5.173007722201267
658,1.2588148506482473,4.146954319428202,5.405769170076449
659,1.250590638723155,4.2010090188373725,5.451599657560528
660,1.2487128029776502,3.978277438824528,5.226990241802178
661,1.2483639779090674,3.890626585162154,5.138990563071221
662,1.2738743572307687,3.870890338811658,5.144764696042427
663,1.2709572505859248,3.9052508510448063,5.176208101630731
664,1.264572913744428,3.99482841314014,5.259401326884568
665,1.2489368381899058,4.298391810276001,5.547328648465906
666,1.249928634953394,4.098934761704366,5.348863396657761
667,1.2485450594787255,3.8756001358163044,5.12414519529503
668,1.2674280589689944,3.8762208236956126,5.143648882664607
669,1.2731126501229948,3.906008494575419,5.179121144698414
670,1.2633062435382085,4.1601290368252455,5.423435280363454
671,1.2550991306420125,4.125923147438959,5.381022278080971
672,1.255399820746805,4.074498376880861,5.329898197627665
673,1.2483144994284832,3.9422998988385927,5.190614398267076
674,1.2370301159748256,4.55601391639642,5.793044032371245
675,1.2450935842092579,4.034673624390501,5.2797672085997585
676,1.2429603923421555,4.010477148458927,5.253437540801082
677,1.2420163880764623,3.90073485756579,5.142751245642252
678,1.2392891437551792,4.526147748308054,5.765436892063233
679,1.2441811584581328,4.423064897799618,5.667246056257751
680,1.2558830127763285,4.38532901647545,5.641212029251778
681,1.265063153624783,3.973885808960083,5.238948962584866
682,1.2597472114953208,4.057540147768175,5.317287359263496
683,1.2432368390338733,4.229936841517187,5.47317368055106
684,1.2423250323616806,4.102694372033822,5.345019404395503
685,1.243890851167853,4.274545004321095,5.518435855488948
686,1.241773401557874,4.511115958254322,5.752889359812197
687,1.2453655379251463,4.986964508675833,6.23233004660098
688,1.2641148744909154,4.02751091716245,5.291625791653366
689,1.2579140519291747,4.10822945679598,5.366143508725155
690,1.251745667208737,4.06894966020991,5.320695327418647
691,1.2422004295774094,4.242438193482482,5.484638623059892
692,1.2445078308101962,4.000672848043523,5.245180678853719
693,1.2429450615495883,4.586166968253389,5.829112029802977
694,1.2494750661231224,4.423015492171538,5.67249055829466
695,1.2636992210185416,4.023157810950784,5.286857031969326
696,1.2612652675925795,3.997283983944791,5.258549251537371
697,1.2515000242114207,4.096929130801479,5.3484291550129
698,1.2433609723445032,4.064396278473641,5.307757250818144
699,1.245041102455602,4.515524546687975,5.760565649143577
700,1.2484935679724614,4.505276390860621,5.753769958833082
701,1.250667155295205,5.230774994280896,6.481442149576101
702,1.2574245390795946,3.9853300949427735,5.2427546340223685
703,1.2502067168155229,4.194355038724382,5.444561755539905
704,1.2481920804611393,4.005848412037841,5.25404049249898
705,1.230734914595638,4.118905669109051,5.349640583704689
706,1.2317940249655877,4.07814248338519,5.309936508350778
707,1.2310995228234365,4.047085701025149,5.278185223848586
708,1.2299956703922843,4.180156139400033,5.410151809792318
709,1.230681969391364,4.2239377981681585,5.454619767559523
710,1.232223995300919,4.282034718029925,5.514258713330844
711,1.2336979703713653,4.295172022228101,5.528869992599466
712,1.233662156934857,4.351755442368955,5.5854175993038115
713,1.2387207281725159,4.179376732776125,5.4180974609486405
714,1.233282755918913,4.0904571818963955,5.323739937815309
715,1.2299585669426512,4.138983644503339,5.36894221144599
716,1.2307306676156977,4.223132371148208,5.453863038763906
717,1.2287829114259956,4.291777646489503,5.520560557915499
718,1.2333882279890176,4.323550506261358,5.556938734250376
719,1.2335690950572744,4.31189678026694,5.545465875324214
720,1.2334963771414489,4.269177379927892,5.50267375706934
721,1.2427976836605406,3.961569859172708,5.204367542833248
722,1.232568145613908,4.123923174632387,5.356491320246295
723,1.2308353511681362,4.23668592339212,5.467521274560256
724,1.2308173167664473,4.268661896677025,5.499479213443472
725,1.2328994649567857,4.2693713741084,5.5022708390651855
726,1.2324098766875047,4.300628722270896,5.5330385989584006
727,1.2337247198867034,4.229931716170522,5.463656436057225
728,1.2355622817575629,4.057985463003827,5.29354774476139
729,1.2311657809141707,4.1705206413827955,5.401686422296966
730,1.2295792252266273,4.266216605487781,5.495795830714409
731,1.22999165415355,4.233565800793587,5.463557454947137
732,1.2327865674054044,4.227522181495023,5.460308748900427
733,1.2341932294766964,4.223961848553968,5.458155078030664
734,1.2351971124455365,4.162124979949524,5.3973220923950604
735,1.2442500891619095,3.7966290176275446,5.040879106789454
736,1.2444469166536576,3.7578439256783276,5.002290842331985
737,1.2416688579989916,3.868157523775963,5.109826381774955
738,1.243865808564854,3.9078312337442354,5.151697042309089
739,1.2427177343666307,3.966360427554674,5.209078161921305
740,1.2418568585204435,3.966160991718155,5.2080178502385985
741,1.237231675791665,3.938089249332703,5.175320925124368
742,1.243368214756078,3.8597652895159373,5.103133504272016
743,1.2459420168624369,3.83063565552975,5.076577672392187
744,1.2429032782753362,3.8294739215086726,5.072377199784009
745,1.2436936532932008,3.8810183451724773,5.124711998465678
746,1.2399283261592435,3.898638089109518,5.138566415268762
747,1.2431066242776299,3.9830114000885617,5.226118024366191
748,1.2376853771107617,3.8910174471967394,5.128702824307501
749,1.2420421865318978,3.882477967355009,5.124520153886907
750,1.2461713592310704,3.8495857842663743,5.095757143497445
751,1.24585626296021,3.7929240063876732,5.038780269347884
752,1.2373643230667015,3.889551498350137,5.126915821416839
753,1.239322883203436,3.9179662338735324,5.157289117076968
754,1.2410118373161099,3.932286358361858,5.173298195677968
755,1.2421281352512237,3.8688328237222285,5.110960958973452
756,1.2424865534575735,3.878107742433325,5.120594295890898
757,1.2461215557806509,3.795974839662999,5.04209639544365
758,1.2414980909300657,3.867579341012695,5.109077431942761
759,1.2392761117546618,3.8952444714494994,5.134520583204161
760,1.2381556322102154,3.930101323244312,5.1682569554545275
761,1.2469907748242939,3.8526961009831218,5.099686875807416
762,1.243503274161521,3.8574523267917393,5.10095560095326
763,1.244796732963314,3.836899008706414,5.081695741669728
764,1.2574015148602429,3.7044944111247857,4.961895925985028
765,1.2482666388814494,3.741207791120357,4.989474430001806
766,1.246398791570553,3.755358146325263,5.001756937895816
767,1.251292915955395,3.81753317342773,5.0688260893831245
768,1.253380302955098,3.7766003197512927,5.029980622706391
769,1.2370471577025732,3.7990769288624686,5.036124086565042
770,1.2412715295844745,3.7643440846150007,5.005615614199475
771,1.2496471616997353,3.7436373982591293,4.993284559958864
772,1.2514504184276123,3.727413126049674,4.978863544477287
773,1.2474891543662663,3.746069936475302,4.993559090841568
774,1.2485421044760898,3.752834971709537,5.001377076185626
775,1.2497445490608257,3.795227484512709,5.044972033573535
776,1.2483893580154557,3.7820907996893656,5.0304801577048215
777,1.240704463710431,3.7774097272363396,5.01811419094677
778,1.249610222345356,3.74445330190671,4.994063524252066
779,1.2538053660124144,3.7296188792532723,4.983424245265686
780,1.2433358868480426,3.746153476778431,4.989489363626474
781,1.246302083436249,3.7491608518816792,4.995462935317928
782,1.2519849810157428,3.7739657810183673,5.02595076203411
783,1.2492293449180603,3.7758628242459635,5.025092169164024
784,1.2437782206942531,3.747054931554205,4.990833152248459
785,1.2521372041089487,3.732809286251192,4.984946490360141
786,1.2460719810855625,3.742678442181234,4.988750423266796
787,1.2466598248831204,3.7526885261394622,4.999348351022583
788,1.2496135728475612,3.763976506689496,5.013590079537058
789,1.2509882959066982,3.7615666214843846,5.012554917391083
790,1.2513992108907686,3.7479409353939515,4.99934014628472
791,1.2523643560190783,3.7370738949073097,4.989438250926388
792,1.2534178273460117,3.671334131746534,4.9247519590925455
793,1.2517906277613269,3.683176569600727,4.934967197362054
794,1.2547393651032879,3.706946993232925,4.9616863583362125
795,1.2554382337907022,3.73185810050034,4.987296334291042
796,1.239705068606504,3.703739008786614,4.943444077393118
797,1.2418066419452245,3.702257237583329,4.944063879528553
798,1.2479344595398494,3.6924566938065615,4.940391153346411
799,1.2554218355083573,3.6633917055429195,4.918813541051277
800,1.2526610787447028,3.672239994053062,4.9249010727977645
801,1.2535250302812788,3.681503973658336,4.935029003939615
802,1.2594429908139848,3.7368842162886966,4.996327207102682
803,1.2523750506805225,3.725373254862557,4.97774830554308
804,1.2447747006350407,3.7097668426574097,4.95454154329245
805,1.2506373740744108,3.686859209102376,4.937496583176786
806,1.25599824584759,3.6840308880951076,4.940029133942698
807,1.2505850605222844,3.676677217610492,4.927262278132776
808,1.2521693845558857,3.684578171467854,4.9367475560237395
809,1.2510118994275905,3.70414249722059,4.95515439664818
810,1.2518348324126738,3.714048970548765,4.9658838029614385
811,1.2469853781993065,3.6818596598839894,4.9288450380832955
812,1.25187134997777,3.679722369072053,4.931593719049823
813,1.250944486117041,3.671769717849693,4.922714203966734
814,1.253108067667122,3.6960375045180753,4.949145572185198
815,1.2521268803470114,3.7031196033476097,4.955246483694621
816,1.2525631816642826,3.7134412383406885,4.966004420004971
817,1.253937550346666,3.686409528369691,4.940347078716357
818,1.24994269218119,3.67028456279496,4.92022725497615
819,1.27545459864167,3.794949881287798,5.0704044799294685
820,1.2685711774180326,3.8337606355027245,5.102331812920757
821,1.255000878247512,3.911040373152595,5.166041251400107
822,1.2330108945538398,4.250659399694615,5.483670294248455
823,1.2387407038169544,3.9185520052789244,5.157292709095879
824,1.2456985922997943,3.757136174686795,5.002834766986589
825,1.2665079346759447,3.743574096040719,5.010082030716664
826,1.2799542012225813,3.7925730237753212,5.072527224997902
827,1.273975671284853,3.7857621601993023,5.0597378314841555
828,1.26579947542217,3.818443114832124,5.084242590254294
829,1.242389971874002,4.079698053600466,5.322088025474468
830,1.2360832924801768,4.009039409703872,5.245122702184049
831,1.2472486600895025,3.771555660214389,5.018804320303891
832,1.2498345232248966,3.719776983021651,4.969611506246547
833,1.2712510372079286,3.80491033126864,5.076161368476569
834,1.2649004897106961,3.84475980735705,5.109660297067746
835,1.2504924160574369,3.9519340340439273,5.202426450101364
836,1.2409488389326677,3.95427629170588,5.195225130638548
837,1.2419216262210508,3.8207388921231424,5.0626605183441935
838,1.2476626762545762,3.730895705137076,4.978558381391652
839,1.2699621249903998,3.813350777348259,5.083312902338658
840,1.2723011061192913,3.825178963166143,5.097480069285434
841,1.2573284419841766,3.895133870288842,5.152462312273018
842,1.2472369451436307,3.9445904718619036,5.191827417005534
843,1.2448408723574402,3.858060054037731,5.102900926395171
844,1.2465335011366645,3.748324480224371,4.994857981361036
845,1.2777374412067528,3.8312841551443864,5.109021596351139
846,1.2640258755181866,4.055711094512754,5.31973697003094
847,1.2522208826928647,4.034081738540042,5.286302621232907
848,1.2455899246049322,3.9327564346077195,5.178346359212652
849,1.2458569464680207,3.8044994902290736,5.050356436697094
850,1.2647649966856525,3.751249633907343,5.016014630592996
851,1.2818964586917643,3.808445284171646,5.09034174286341
852,1.2860672727737776,3.806096262803519,5.0921635355772965
853,1.2715807528474181,3.8583048230802235,5.129885575927641
854,1.2548309558416446,4.1355783614125725,5.390409317254218
855,1.2490473021538233,3.9375914167526616,5.186638718906485
856,1.2476295787137894,3.826993825337295,5.074623404051084
857,1.2471115813100322,3.7389709465688843,4.986082527878916
858,1.2805050538116935,3.837755256970086,5.11826031078178
859,1.2720401871461748,3.8951026512801703,5.167142838426345
860,1.2507388961911208,4.26360859475206,5.51434749094318
861,1.249490906319661,4.099343882516792,5.348834788836453
862,1.2499035862063816,3.865666901082674,5.115570487289055
863,1.2464349496293075,3.7497047602549607,4.996139709884268
864,1.2725389144433865,3.8214077257751855,5.093946640218572
865,1.281584028484184,3.8567995642154287,5.138383592699613
866,1.2631346659721672,4.05335465080296,5.316489316775127
867,1.246539766931111,4.1008312264672675,5.347370993398378
868,1.2488579154829824,3.910521343498009,5.159379258980991
869,1.2481053475933277,3.7763904380893245,5.024495785682652
870,1.2722377702451293,3.980497510360399,5.2527352806055285
871,1.2614255655189965,4.041295792990117,5.302721358509114
872,1.2461619933379056,3.97351845425968,5.219680447597586
873,1.245999053316805,3.854648198129768,5.100647251446573
874,1.2626892059805341,3.763317220546757,5.0260064265272915
875,1.2730487055452298,3.841113022553009,5.114161728098239
876,1.2803117615909914,3.8500315837603196,5.130343345351311
877,1.2793884925081918,3.8546307005171,5.134019193025292
878,1.2632975897103378,4.002196268306605,5.265493858016943
879,1.2569778906016347,3.9807511784003466,5.237729069001981
880,1.2513162707873133,3.8798042307168514,5.1311205015041645
881,1.2496368234825561,3.766975193146802,5.016612016629358
882,1.2787024541446694,3.8637294269309255,5.142431881075595
883,1.278080598804107,3.821504510525593,5.0995851093297
884,1.256990548989986,4.6008004339303055,5.857790982920291
885,1.2595246017830393,4.070683892803434,5.330208494586473
886,1.2542300350846403,3.9317116601720343,5.185941695256675
887,1.2503748450988483,3.7695983010381546,5.019973146137003
888,1.27045397134863,3.849304459838931,5.119758431187561
889,1.2746528671395916,3.898348821950906,5.173001689090498
890,1.2698660863692004,3.936813153494684,5.206679239863885
891,1.2539478929876084,4.3700647377112,5.624012630698808
892,1.2569072379275725,3.963666498058986,5.220573735986559
893,1.2531953024866946,3.815039872445434,5.068235174932129
894,1.2587364810064106,4.095967114107101,5.354703595113511
895,1.2468919271864813,4.008681744424982,5.255573671611463
896,1.2457674347100465,3.9037066999375507,5.149474134647598
897,1.2559745559300213,3.80044756318757,5.056422119117592
898,1.2638574420398823,3.912993635138817,5.176851077178699
899,1.271761234852374,3.9003186014131,5.172079836265474
900,1.279813367940892,3.8407829317431075,5.120596299683999
901,1.2693587736685836,3.9467060334365165,5.2160648071051
902,1.2638177913114388,3.907881606548858,5.171699397860297
903,1.2518508119980123,3.872825311606887,5.1246761236049
904,1.2531646277844768,3.791912257299878,5.045076885084354
905,1.2638032637260947,4.041845856739641,5.305649120465736
906,1.2700512588511146,3.989400293298755,5.259451552149869
907,1.2761721045771135,3.873394354267858,5.149566458844971
908,1.2717471979112436,3.8634431589581446,5.135190356869388
909,1.2528405543443104,3.9349251913940533,5.187765745738364
910,1.2516986129351153,3.842791574586641,5.094490187521757
911,1.260044628857543,3.898566216565085,5.158610845422628
912,1.2717216022786726,3.934929560378088,5.20665116265676
913,1.2800313345773402,3.8100779953163393,5.0901093298936795
914,1.2684706606492078,3.8976011158194104,5.166071776468618
915,1.2574362418406615,3.9543722619472947,5.211808503787957
916,1.2579119651816981,3.8128532351061772,5.070765200287875
917,1.2386091002035462,4.167130465388359,5.405739565591905
918,1.240054907454107,3.9529315276562076,5.192986435110314
919,1.2344802136247988,4.172267612844133,5.406747826468932
920,1.2352975623267766,4.267173768809359,5.502471331136135
921,1.2402345117570328,4.223766593597306,5.464001105354338
922,1.2517308176503044,4.236359312831345,5.488090130481649
923,1.2565233128400632,4.033444221881325,5.289967534721388
924,1.249485717028242,4.105044374833459,5.354530091861701
925,1.2375414993938902,4.109826532736889,5.347368032130779
926,1.2376109928937549,3.9280452914472606,5.165656284341015
927,1.233348541111053,4.393409830761103,5.626758371872156
928,1.2387445909884685,4.459795732585484,5.698540323573952
929,1.2554376147967765,4.080556249988542,5.335993864785319
930,1.251619754600088,4.0755390021229765,5.3271587567230645
931,1.244462647743922,4.054609481843515,5.2990721295874375
932,1.237335945941899,4.0543367000466075,5.291672645988506
933,1.234991583150512,4.298194547922076,5.533186131072588
934,1.2358220616542468,4.436418495485712,5.672240557139959
935,1.2439500882904686,4.201220678156659,5.445170766447127
936,1.2491890225846523,4.014130693923495,5.263319716508148
937,1.2521701479173342,3.9330958991637037,5.185266047081038
938,1.2405199836710874,4.038227587180503,5.278747570851591
939,1.242039618709161,3.8801727265784973,5.122212345287658
940,1.2390728708434142,3.878925863249935,5.117998734093349
941,1.2407365840652598,3.9411409482801476,5.181877532345407
942,1.2402905924018315,4.018306841061431,5.258597433463263
943,1.2442916753938627,4.001078334558541,5.245370009952403
944,1.2414643018862743,3.980798901737687,5.222263203623961
945,1.2442056002178898,3.9737409403702086,5.217946540588098
946,1.2476096914065817,3.8848529428321483,5.13246263423873
947,1.2409330863938222,3.838540116430069,5.079473202823891
948,1.2371073847286636,3.99023189146167,5.2273392761903335
949,1.238145156634574,3.967890027753717,5.206035184388291
950,1.2429739795055057,4.041787631031872,5.2847616105373785
951,1.2422930424608531,3.9719212829286565,5.214214325389509
952,1.2425179148655994,3.9325808726000204,5.17509878746562
953,1.2498174813075833,3.8214399198928777,5.0712574012004605
954,1.2398832881200748,3.9427316847506626,5.182614972870738
955,1.2375893653511316,3.9938024438132187,5.23139180916435
956,1.2381213443890624,3.986678402382121,5.2247997467711835
957,1.2450969317689484,3.9428927105799545,5.187989642348903
958,1.2438582181064544,3.899026293822827,5.142884511929282
959,1.242379563046543,3.8761135311284054,5.118493094174949
960,1.2468179367037038,3.7396703514014553,4.986488288105159
961,1.2452099955577078,3.779289322086725,5.024499317644433
962,1.2445844000844366,3.8074410105099536,5.05202541059439
963,1.2462772608108956,3.8770440966806943,5.12332135749159
964,1.2417723461860615,3.822902461647363,5.064674807833424
965,1.2422169315449438,3.792259342615672,5.034476274160616
966,1.2517889996841538,3.766918289343951,5.018707289028105
967,1.25087141101917,3.7384943523518013,4.989365763370971
968,1.238699306370985,3.7842373500100552,5.02293665638104
969,1.240659815158735,3.8084600357780873,5.0491198509368225
970,1.2441457177200377,3.8443602645712014,5.088505982291239
971,1.2440705848870455,3.798403543223908,5.042474128110953
972,1.2471552823476748,3.7664906783156593,5.013645960663334
973,1.2519912090806762,3.7452283032226132,4.997219512303289
974,1.2431853732139837,3.7670034093131184,5.010188782527102
975,1.241453361780159,3.8014161077068875,5.042869469487046
976,1.2445433084435586,3.8275121703309662,5.072055478774525
977,1.2503822088992125,3.787982892692417,5.038365101591629
978,1.2476608264018823,3.7605731528288593,5.0082339792307415
979,1.2491206136757518,3.7475581854446056,4.996678799120358
980,1.265516435087855,3.749266225582111,5.014782660669966
981,1.265631373218763,3.7439509150723347,5.009582288291098
982,1.2627565804264422,3.755206789644879,5.017963370071321
983,1.2452794191266858,3.8903357479687393,5.135615167095425
984,1.2374528669835247,3.9442689852921906,5.181721852275715
985,1.2484717891990058,3.7449551461724173,4.993426935371423
986,1.2556206470373552,3.7094615074601274,4.965082154497482
987,1.2647215433283372,3.7489734835033115,5.013695026831648
988,1.2621478258334085,3.741007733067073,5.003155558900481
989,1.2534202308579339,3.7972532181019067,5.050673448959841
990,1.2435476268830459,3.871626811278413,5.115174438161459
991,1.2401321336814224,3.7840882746765634,5.024220408357985
992,1.2524979762290724,3.721197067676005,4.973695043905077
993,1.2631194353486765,3.76733165009682,5.030451085445496
994,1.2675633378064066,3.7585279407826664,5.026091278589073
995,1.2603305705699939,3.7637495514854606,5.024080122055454
996,1.2495563956736069,3.782855279498638,5.032411675172245
997,1.2447574169689866,3.809425595909467,5.054183012878454
998,1.250167958563862,3.728180361231122,4.978348319794984
999,1.278631272338549,3.8034689586515626,5.082100230990111
1000,1.2686533699578886,3.841585423998111,5.1102387939559994
1001,1.2457586545997097,4.1050674005679495,5.350826055167659
1002,1.2389068426252436,4.027555257741687,5.2664621003669305
1003,1.2462842078379024,3.7926912588417534,5.038975466679656
1004,1.249035363545045,3.723792730453717,4.972828093998762
1005,1.2821204542144566,3.82572120801287,5.107841662227327
1006,1.2708973313030114,3.8432286667615903,5.114125998064601
1007,1.2564902271987572,3.92643725176665,5.182927478965407
1008,1.2444379893589008,4.0007531349909655,5.245191124349867
1009,1.2409704187929618,3.862310775173786,5.1032811939667475
1010,1.2451052090775816,3.7419177152788023,4.987022924356384
1011,1.2739716734115254,3.8193356406281627,5.093307314039688
1012,1.2738303802248871,3.8583675363828966,5.132197916607784
1013,1.2603849302703853,3.9883186648723985,5.248703595142784
1014,1.2478953858501085,4.000050462260541,5.24794584811065
1015,1.2447155120502935,3.902210855287188,5.146926367337482
1016,1.243936161837758,3.757703076707549,5.001639238545307
1017,1.2789036183996048,3.868189911358433,5.147093529758037
1018,1.255534986732522,4.295192576633068,5.55072756336559
1019,1.2492457483928185,3.97360608119712,5.222851829589938
1020,1.2442418618620228,3.8473753226805303,5.091617184542553
1021,1.2485308067879823,3.744593119927055,4.993123926715038
1022,1.2860087124935442,3.835356045249182,5.121364757742726
1023,1.2844455863220474,3.824788746230602,5.109234332552649
1024,1.2624415489647316,4.047244110827077,5.309685659791809
1025,1.2507548948813123,4.167790995595325,5.418545890476638
1026,1.2474236168033228,3.8902068764392914,5.1376304932426144
1027,1.2471578071885423,3.766331226467207,5.013489033655749
1028,1.2732361328093618,3.8221234596342932,5.095359592443655
1029,1.2833242618066545,3.8611121193071605,5.144436381113815
1030,1.2646226753006524,4.275289390550709,5.539912065851361
1031,1.2506858142845876,4.1466453640161385,5.3973311783007265
1032,1.248134000771186,3.9876689952509317,5.235802996022118
1033,1.248085019265039,3.791476833187042,5.039561852452081
1034,1.2675166964247189,3.960235627144332,5.227752323569051
1035,1.2614705261898191,3.927255460762058,5.188725986951877
1036,1.2516071178698998,3.8729419924040336,5.124549110273933
1037,1.2535255885548187,3.7928048575456557,5.046330446100474
1038,1.2739610488841562,3.867365935178744,5.1413269840629
1039,1.2811556899394503,3.8621334964385694,5.14328918637802
1040,1.274508694929947,4.128271688103101,5.402780383033049
1041,1.2632820911779705,4.046946471956156,5.310228563134126
1042,1.256666460560684,3.9208367166203133,5.177503177180998
1043,1.2521718330850873,3.8039107408923174,5.056082573977404
1044,1.2670818613244579,3.846089067955505,5.1131709292799625
1045,1.2773564083496542,3.8931334370537387,5.170489845403393
1046,1.278857222095646,3.881172771297417,5.160029993393063
1047,1.248082463546564,4.776157612143453,6.024240075690017
1048,1.2594285224991955,3.9712047975158073,5.230633320015003
1049,1.2568074266760974,3.8057806397237726,5.06258806639987
1050,1.260315993449253,3.9433560876780223,5.203672081127275
1051,1.2471819324283284,3.924948093752861,5.17213002618119
1052,1.2456049994068017,3.847814452904383,5.093419452311185
1053,1.247478906080031,4.2045223433293435,5.452001249409374
1054,1.2544881086165662,4.163043188804879,5.417531297421446
1055,1.2623037384838893,3.924941498479832,5.187245236963721
1056,1.2682049505426662,3.897373614625223,5.165578565167889
1057,1.2506938794872862,3.943441832726737,5.194135712214023
1058,1.2468944985656942,3.871344366430384,5.118238864996078
1059,1.2488040241012421,4.064446480295321,5.313250504396564
1060,1.2510858848710495,4.18651035881174,5.437596243682789
1061,1.2555242408774945,4.347023821349608,5.602548062227102
1062,1.2641017603215996,3.9012421416826513,5.165343902004251
1063,1.2667557464084502,3.879263974589448,5.146019720997899
1064,1.2498609959531135,3.8590317339453435,5.108892729898457
1065,1.24089725566613,3.9492523070137793,5.19014956267991
1066,1.2431894906360044,3.829753826931098,5.072943317567102
1067,1.2352517197900146,4.1174310169586015,5.352682736748616
1068,1.2373604174296995,4.09986002316579,5.337220440595489
1069,1.248293815373371,4.023946310281675,5.2722401256550455
1070,1.2536614468192342,3.9187192944670772,5.172380741286311
1071,1.246146395878261,3.971361058456009,5.21750745433427
1072,1.2418896922095253,3.8973450888356007,5.1392347810451255
1073,1.2382748042417642,4.027253475113942,5.265528279355706
1074,1.2332992837769912,4.18467267857429,5.417971962351281
1075,1.2390045005918204,4.132826626353028,5.371831126944848
1076,1.2468670619386573,3.95802238963123,5.204889451569887
1077,1.2439399316481035,3.9926499552827943,5.236589886930898
1078,1.2430810261938798,3.9251902998677304,5.16827132606161
1079,1.2498674875436129,3.744120050905526,4.993987538449139
1080,1.2422939455396613,3.8200838248617757,5.0623777704014365
1081,1.2461517820164083,3.8061365865361707,5.0522883685525795
1082,1.2504369734484981,3.814039334850202,5.0644763082987
1083,1.249927180820554,3.8130911514433556,5.06301833226391
1084,1.2516223657774745,3.8018963059709074,5.053518671748382
1085,1.2554635976087762,3.7588257329378703,5.014289330546647
1086,1.2489460576706286,3.777517354254706,5.026463411925334
1087,1.2424369016989556,3.824234816020364,5.06667171771932
1088,1.2469432201797381,3.792910282088623,5.039853502268361
1089,1.2460916327851406,3.7992440820049564,5.045335714790097
1090,1.2502715358240655,3.794172412328359,5.044443948152424
1091,1.2520878288226072,3.7728764129610473,5.024964241783654
1092,1.2482064493935519,3.7351025642097917,4.9833090136033436
1093,1.2493748037253563,3.755044610856823,5.00441941458218
1094,1.2513443160418627,3.7628246469445363,5.014168962986399
1095,1.2478866351550408,3.740682661994028,4.988569297149069
1096,1.2480716330106516,3.7361105012787403,4.984182134289392
1097,1.2577205499567605,3.7272201100924107,4.984940660049171
1098,1.2503505895028981,3.7205616151665937,4.970912204669492
1099,1.250137070418487,3.760329071814789,5.010466142233276
1100,1.2496688531065328,3.776885389356188,5.026554242462721
1101,1.2504916112458186,3.7323603652286095,4.982851976474429
1102,1.2481234203003375,3.721652439896514,4.969775860196852
1103,1.256474736404445,3.7276660009141267,4.9841407373185715
1104,1.2734404634263163,3.9025944033746565,5.176034866800973
1105,1.2564914174652693,4.04885684457619,5.305348262041459
1106,1.2412738244593853,4.108088408567444,5.349362233026829
1107,1.2356216319344473,3.9212579064155815,5.1568795383500285
1108,1.240515065487885,3.7618067859805593,5.002321851468444
1109,1.2726342802341182,3.840231242521771,5.1128655227558895
1110,1.2861357213887645,3.885081588692001,5.171217310080765
1111,1.2605993230311037,4.095190340847919,5.3557896638790226
1112,1.249051721013578,4.020889651651449,5.269941372665027
1113,1.2385487563713427,3.9631272605540397,5.201676016925383
1114,1.240193997985227,3.7940242110564024,5.034218209041629
1115,1.2652087624713355,4.122670857145247,5.387879619616582
1116,1.250368912771588,4.22718508185062,5.477553994622208
1117,1.2478302951019244,3.898128705643248,5.145959000745172
1118,1.2466620880567074,3.767252524938607,5.013914612995315
1119,1.2669559082221336,3.8263634753489155,5.093319383571049
1120,1.2826406697646622,3.8731329054055683,5.1557735751702305
1121,1.2763899159358876,4.122065334020144,5.398455249956031
1122,1.252936950423202,4.251184858964552,5.504121809387755
1123,1.2478930892417333,4.004764028316125,5.252657117557859
1124,1.2482232647262657,3.8253387503824348,5.073562015108701
1125,1.2671179874499847,3.9116264156960376,5.178744403146022
1126,1.2529352968597836,3.9509265054260707,5.2038618022858545
1127,1.248728353487138,3.8068906446870487,5.055618998174187
1128,1.2554890963113545,3.914429819327822,5.169918915639177
1129,1.2654549305811493,4.004898963481852,5.2703538940630015
1130,1.2717875016706996,3.9809072065987436,5.252694708269443
1131,1.275926279630786,3.903389077280704,5.17931535691149
1132,1.2641543276257161,3.875745619139791,5.1398999467655075
1133,1.2528034311453784,3.818452331192793,5.071255762338171
1134,1.2509113923339208,3.9010753658369026,5.151986758170823
1135,1.24735045247446,3.818026702389471,5.065377154863931
1136,1.244207683254961,3.981472115706202,5.225679798961163
1137,1.2440584353338209,4.197686952934047,5.441745388267869
1138,1.2535759685127845,4.0171193502816145,5.270695318794399
1139,1.2606110389303882,3.8416162288312132,5.102227267761601
1140,1.2671408370056891,3.8392674220405976,5.106408259046287
1141,1.2487813145967301,3.842137607011542,5.090918921608273
1142,1.2465195720887292,3.7745891054113785,5.0211086775001075
1143,1.2401689753201854,3.832941746079251,5.073110721399437
1144,1.236661783155819,3.957781736211527,5.194443519367346
1145,1.2443330321135586,3.883347657919252,5.127680690032811
1146,1.2485168048045479,3.8658420644797897,5.114358869284338
1147,1.2537088144008788,3.8305182678215575,5.084227082222436
1148,1.2484743394609081,3.796485517134221,5.0449598565951295
1149,1.2469545032324307,3.7380634642585497,4.985017967490981
1150,1.2441176887539556,3.760439384614684,5.004557073368639
1151,1.2495397401147634,3.7648916719035945,5.014431412018358
1152,1.2472337296157658,3.7524929495059314,4.999726679121697
1153,1.2487763434415837,3.734076119100285,4.982852462541869
1154,1.2544924650238556,3.7367483981904943,4.99124086321435
1155,1.2718626613843196,3.8671260594548977,5.138988720839217
1156,1.2608795838252576,3.8694923316671384,5.130371915492396
1157,1.2522283010079083,3.9469808811252993,5.199209182133208
1158,1.2439759482090929,3.8767332841122006,5.1207092323212935
1159,1.2441433553191172,3.7573051214748365,5.0014484767939535
1160,1.269363688600397,4.044600165279582,5.313963853879979
1161,1.2518813139457123,4.062916193073974,5.314797507019686
1162,1.2399904978138312,4.024645081979999,5.264635579793831
1163,1.2446401884794465,3.824252376007233,5.06889256448668
1164,1.266773730809054,3.973872648511178,5.240646379320232
1165,1.2510983174797086,4.073800219464791,5.324898536944499
1166,1.2499795617280083,3.8120377391485643,5.0620173008765725
1167,1.2589108268056963,3.8462618486102493,5.105172675415946
1168,1.2508427274465759,3.7883194646390628,5.039162192085639
1169,1.250458813037016,3.7812647670456285,5.0317235800826445
