0,0,0,-0.07574336946064318,-100.6624673838125,623.078
1,0,1,8.24908583800203,-94.07134166493937,622.489
2,0,2,16.471194136329803,-87.1888810572085,622.886
3,0,3,24.44993596434085,-79.70244048155176,624.145
4,0,4,32.01166571521865,-71.22880534439639,626.056
5,0,5,38.912045324237035,-61.30258021607607,628.351
6,0,6,44.79584348285282,-49.42882909876417,630.737
7,0,7,49.19997336533913,-35.23566185253182,632.95
8,0,8,51.58245604596089,-18.979895297718805,634.769
9,0,9,51.55688723280294,-1.8769522056187828,636.056
10,0,10,49.13045911506133,14.33388280351295,636.77
11,0,11,44.69919289100255,28.461936148840273,636.963
12,0,12,38.806512071371166,40.27275219559239,636.773
13,0,13,31.912498198659232,50.146702471100014,636.395
14,0,14,24.368540600001808,58.57878273734503,636.051
15,0,15,16.41547516062813,66.03165976342034,635.952
16,0,16,8.224027581484545,72.88546772758299,636.266
17,0,17,-0.07570047400502565,79.45635559594537,637.093
18,0,18,-8.364074634000133,86.02141048275656,638.437
19,0,19,-16.54519923598689,92.87606539037631,640.218
20,0,20,-24.481539249630497,100.3296049448011,642.264
21,0,21,-32.0033397146204,108.76076996569734,644.34
22,0,22,-38.871296415648736,118.62925267477436,646.176
23,0,23,-44.73690578050478,130.42507133365643,647.502
24,0,24,-49.144727380237484,144.52214464845585,648.089
25,0,25,-51.55786394985426,160.68397048897182,647.775
26,0,26,-51.585580857506166,177.73011458170765,646.492
27,0,27,-49.22036489510621,-166.06051781868743,644.284
28,0,28,-44.84287958057211,-151.89439129137915,641.298
29,0,29,-38.98853661275201,-140.03185534468443,637.779
30,0,30,-32.11585342081802,-130.1079729712494,634.028
31,0,31,-24.577453888597695,-121.63306058871925,630.383
32,0,32,-16.61617514674708,-114.14449582423063,627.171
33,0,33,-8.404833787872183,-107.2603891409098,624.67
34,1,0,4.093140270518235,-86.80427993523426,622.657
35,1,1,12.377712356353067,-80.107771227657,622.57
36,1,2,20.49680176520318,-72.96679479003033,623.418
37,1,3,28.292561117802297,-65.04018267331212,625.034
38,1,4,35.56027000793126,-55.90389282816586,627.172
39,1,5,42.00694747114238,-45.059703935774166,629.55
40,1,6,47.21529797745185,-32.052588793630775,631.88
41,1,7,50.67384281086326,-16.740426533033364,633.919
42,1,8,51.881167539122224,0.14668179422167496,635.483
43,1,9,50.62688184522484,17.010080693918177,636.483
44,1,10,47.13405970746372,32.26567703535684,636.925
45,1,11,41.90370916183764,45.22025777749907,636.905
46,1,12,35.462786133002254,55.997138570714874,636.594
47,1,13,28.20823560230932,65.08813743147476,636.205
48,1,14,20.434978307930812,72.97851539464607,635.958
49,1,15,12.34462777378717,80.08930922633046,636.049
50,1,16,4.084428364231884,86.76508147958756,636.612
51,1,17,-4.227079853255362,93.30153836434391,637.703
52,1,18,-12.472608443360285,99.97149812661733,639.281
53,1,19,-20.549594004845503,107.08261297719271,641.22
54,1,20,-28.303629439352303,114.97217814785277,643.313
55,1,21,-35.53442798720652,124.0591164611511,645.304
56,1,22,-41.954853618342696,134.83585723548893,646.918
57,1,23,-47.15500789764815,147.75481854110953,647.9
58,1,24,-50.6305120907687,162.9680267285591,648.051
59,1,25,-51.88111631270345,179.7755240116947,647.255
60,1,26,-50.686253264585176,-163.3901734004009,645.498
61,1,27,-47.25244737634755,-148.1128843781583,642.876
62,1,28,-42.068692381239295,-135.11063574579853,639.587
63,1,29,-35.65755580737434,-124.28179428847186,635.913
64,1,30,-28.416221692725376,-115.14418963191038,632.172
65,1,31,-20.641391747290474,-107.21471566592993,628.705
66,1,32,-12.536723429099194,-100.07117107717532,625.818
67,1,33,-4.251599805488885,-93.36699889734932,623.753
68,2,0,-0.07574336946064318,-79.49246680608724,623.078
69,2,1,8.24908583800203,-72.90134108721409,622.489
70,2,2,16.471194136329803,-66.01888047948324,622.886
71,2,3,24.44993596434085,-58.53243990382649,624.145
72,2,4,32.01166571521865,-50.05880476667112,626.056
73,2,5,38.912045324237035,-40.132579638350805,628.351
74,2,6,44.79584348285282,-28.258830228586188,630.737
75,2,7,49.19997336533913,-14.065660421032902,632.95
76,2,8,51.58245604596089,2.1901050665630546,634.769
77,2,9,51.55688723280294,19.293049225880136,636.056
78,2,10,49.13045911506133,35.50388338123822,636.77
79,2,11,44.69919289100255,49.63193501901825,636.963
80,2,12,38.806512071371166,61.44275618841225,636.773
81,2,13,31.912498198659232,71.31670304882529,636.395
82,2,14,24.368540600001808,79.7487833150703,636.051
83,2,15,16.41547516062813,87.2016603411456,635.952
84,2,16,8.224027581484545,94.05546830530825,636.266
85,2,17,-0.07570047400502565,100.62635617367064,637.093
86,2,18,-8.364074634000133,107.19141106048184,638.437
87,2,19,-16.54519923598689,114.04606596810157,640.218
88,2,20,-24.481539249630497,121.4995986923372,642.264
89,2,21,-32.0033397146204,129.9307705434226,644.34
90,2,22,-38.871296415648736,139.79924642231046,646.176
91,2,23,-44.73690578050478,151.59507874157086,647.502
92,2,24,-49.144727380237484,165.69213839599198,648.089
93,2,25,-51.55786394985426,-178.14603212102642,647.775
94,2,26,-51.585580857506166,-161.09988802829056,646.492
95,2,27,-49.22036489510621,-144.89052407115133,644.284
96,2,28,-44.84287958057211,-130.72439754384305,641.298
97,2,29,-38.98853661275201,-118.86184793676998,637.779
98,2,30,-32.11585342081802,-108.93797239352413,634.028
99,2,31,-24.577453888597695,-100.46306684118315,630.383
100,2,32,-16.61617514674708,-92.97449524650536,627.171
101,2,33,-8.404833787872183,-86.09038856318453,624.67
102,3,0,4.093140270518235,-65.6242799605641,622.657
103,3,1,12.377712356353067,-58.92776442279766,622.57
104,3,2,20.49680176520318,-51.78679140026557,623.418
105,3,3,28.292561117802297,-43.86018269864194,625.034
106,3,4,35.56027000793126,-34.72389285349569,627.172
107,3,5,42.00694747114238,-23.8797022535567,629.55
108,3,6,47.21529797745185,-10.872587111413315,631.88
109,3,7,50.67384281086326,4.4395751491840985,633.919
110,3,8,51.881167539122224,21.32668340973807,635.483
111,3,9,50.62688184522484,38.190080668588344,636.483
112,3,10,47.13405970746372,53.44568042512159,636.925
113,3,11,41.90370916183764,66.40025775216924,636.905
114,3,12,35.462786133002254,77.17714196047963,636.594
115,3,13,28.20823560230932,86.26813740614494,636.205
116,3,14,20.434978307930812,94.15851536931623,635.958
117,3,15,12.34462777378717,101.26930920100062,636.049
118,3,16,4.084428364231884,107.94508145425773,636.612
119,3,17,-4.227079853255362,114.48154516920324,637.703
120,3,18,-12.472608443360285,121.15150493147667,639.281
121,3,19,-20.549594004845503,128.26261978205204,641.22
122,3,20,-28.303629439352303,136.15217129233378,643.313
123,3,21,-35.53442798720652,145.23912326601044,645.304
124,3,22,-41.954853618342696,156.01585037996992,646.918
125,3,23,-47.15500789764815,168.93482534596887,647.9
126,3,24,-50.6305120907687,-175.85197648449423,648.051
127,3,25,-51.88111631270345,-159.04447920135863,647.255
128,3,26,-50.686253264585176,-142.21016659554158,645.498
129,3,27,-47.25244737634755,-126.93289123367728,642.876
130,3,28,-42.068692381239295,-113.93063577112837,639.587
131,3,29,-35.65755580737434,-103.10179431380169,635.913
132,3,30,-28.416221692725376,-93.96418965724021,632.172
133,3,31,-20.641391747290474,-86.03471569125975,628.705
134,3,32,-12.536723429099194,-78.89117110250515,625.818
135,3,33,-4.251599805488885,-72.18699892267914,623.753
136,4,0,-0.07574336946064318,-58.312473661606234,623.078
137,4,1,8.24908583800203,-51.721344527638514,622.489
138,4,2,16.471194136329803,-44.83888391990765,622.886
139,4,3,24.44993596434085,-37.35244334425091,624.145
140,4,4,32.01166571521865,-28.87880820709554,626.056
141,4,5,38.912045324237035,-18.952583078775216,628.351
142,4,6,44.79584348285282,-7.078833242123779,630.737
143,4,7,49.19997336533913,7.114336565429506,632.95
144,4,8,51.58245604596089,23.370101839582052,634.769
145,4,9,51.55688723280294,40.473044077908426,636.056
146,4,10,49.13045911506133,56.6838799408138,636.77
147,4,11,44.69919289100255,70.81193157859384,636.963
148,4,12,38.806512071371166,82.62274933289325,636.773
149,4,13,31.912498198659232,92.49669619330629,636.395
150,4,14,24.368540600001808,100.9287764595513,636.051
151,4,15,16.41547516062813,108.3816534856266,635.952
152,4,16,8.224027581484545,115.23546827997843,636.266
153,4,17,-0.07570047400502565,121.80635614834081,637.093
154,4,18,-8.364074634000133,128.37141103515202,638.437
155,4,19,-16.54519923598689,135.22606594277175,640.218
156,4,20,-24.481539249630497,142.67960549719655,642.264
157,4,21,-32.0033397146204,151.1107636879036,644.34
158,4,22,-38.871296415648736,160.9792532271698,646.176
159,4,23,-44.73690578050478,172.77507188605188,647.502
160,4,24,-49.144727380237484,-173.12786481706135,648.089
161,4,25,-51.55786394985426,-156.9660389765454,647.775
162,4,26,-51.585580857506166,-139.91989488380958,646.492
163,4,27,-49.22036489510621,-123.71051726629199,644.284
164,4,28,-44.84287958057211,-109.54439756917289,641.298
165,4,29,-38.98853661275201,-97.68185479228897,637.779
166,4,30,-32.11585342081802,-87.75797924904315,634.028
167,4,31,-24.577453888597695,-79.28306686651298,630.383
168,4,32,-16.61617514674708,-71.79450210202435,627.171
169,4,33,-8.404833787872183,-64.91038858851435,624.67
170,5,0,4.093140270518235,-44.4442834009885,622.657
171,5,1,12.377712356353067,-37.74777127831666,622.57
172,5,2,20.49680176520318,-30.60679484068999,623.418
173,5,3,28.292561117802297,-22.680186139066354,625.034
174,5,4,35.56027000793126,-13.543896293920104,627.172
175,5,5,42.00694747114238,-2.6997063343113523,629.55
176,5,6,47.21529797745185,10.30740944816227,631.88
177,5,7,50.67384281086326,25.619571708759683,633.919
178,5,8,51.881167539122224,42.50667826176636,635.483
179,5,9,50.62688184522484,59.37008064325852,636.483
180,5,10,47.13405970746372,74.62567698469718,636.925
181,5,11,41.90370916183764,87.5802577268394,636.905
182,5,12,35.462786133002254,98.35713510496063,636.594
183,5,13,28.20823560230932,107.44813738081511,636.205
184,5,14,20.434978307930812,115.33850851379724,635.958
185,5,15,12.34462777378717,122.44930917567079,636.049
186,5,16,4.084428364231884,129.1250814289279,636.612
187,5,17,-4.227079853255362,135.6615451438734,637.703
188,5,18,-12.472608443360285,142.33149807595768,639.281
189,5,19,-20.549594004845503,149.44261292653306,641.22
190,5,20,-28.303629439352303,157.33217809719312,643.313
191,5,21,-35.53442798720652,166.41911641049143,645.304
192,5,22,-41.954853618342696,177.1958435244509,646.918
193,5,23,-47.15500789764815,-169.88517786708445,647.9
194,5,24,-50.6305120907687,-154.67196967963488,648.051
195,5,25,-51.88111631270345,-137.86447239649928,647.255
196,5,26,-50.686253264585176,-121.03017345106056,645.498
197,5,27,-47.25244737634755,-105.75289125900711,642.876
198,5,28,-42.068692381239295,-92.7506357964582,639.587
199,5,29,-35.65755580737434,-81.92179433913152,635.913
200,5,30,-28.416221692725376,-72.78419651275921,632.172
201,5,31,-20.641391747290474,-64.85471571658958,628.705
202,5,32,-12.536723429099194,-57.71117795802416,625.818
203,5,33,-4.251599805488885,-51.00699894800897,623.753
204,6,0,-0.07574336946064318,-37.14246625369179,623.078
205,6,1,8.24908583800203,-30.551340534818657,622.489
206,6,2,16.471194136329803,-23.668878219540503,622.886
207,6,3,24.44993596434085,-16.18243764388376,624.145
208,6,4,32.01166571521865,-7.708803360502035,626.056
209,6,5,38.912045324237035,2.217420700601228,628.351
210,6,6,44.79584348285282,14.091170323809253,630.737
211,6,7,49.19997336533913,28.284340985136186,632.95
212,6,8,51.58245604596089,44.540104124854615,634.769
213,6,9,51.55688723280294,61.643051485822866,636.056
214,6,10,49.13045911506133,77.85388393363367,636.77
215,6,11,44.69919289100255,91.98193898650828,636.963
216,6,12,38.806512071371166,103.79275674080769,636.773
217,6,13,31.912498198659232,113.66670360122073,636.395
218,6,14,24.368540600001808,122.09878386746574,636.051
219,6,15,16.41547516062813,129.55165406335186,635.952
220,6,16,8.224027581484545,136.40547568789287,636.266
221,6,17,-0.07570047400502565,142.97636355625525,637.093
222,6,18,-8.364074634000133,149.54141844306645,638.437
223,6,19,-16.54519923598689,156.39607335068618,640.218
224,6,20,-24.481539249630497,163.84959924473264,642.264
225,6,21,-32.0033397146204,172.28077109581804,644.34
226,6,22,-38.871296415648736,-177.8507493828284,646.176
227,6,23,-44.73690578050478,-166.05493072394637,647.502
228,6,24,-49.144727380237484,-151.95785740914692,648.089
229,6,25,-51.55786394985426,-135.79603156863098,647.775
230,6,26,-51.585580857506166,-118.74988747589512,646.492
231,6,27,-49.22036489510621,-102.54051668856671,644.284
232,6,28,-44.84287958057211,-88.37439699144763,641.298
233,6,29,-38.98853661275201,-76.51185421456371,637.779
234,6,30,-32.11585342081802,-66.5879718411287,634.028
235,6,31,-24.577453888597695,-58.11306628878771,630.383
236,6,32,-16.61617514674708,-50.62449469410992,627.171
237,6,33,-8.404833787872183,-43.7403845956945,624.67
238,7,0,4.093140270518235,-23.274281115715944,622.657
239,7,1,12.377712356353067,-16.577770700591387,622.57
240,7,2,20.49680176520318,-9.436795116738363,623.418
241,7,3,28.292561117802297,-1.51018566806279,625.034
242,7,4,35.56027000793126,7.626104283805167,627.172
243,7,5,42.00694747114238,18.470294883744153,629.55
244,7,6,47.21529797745185,31.47740831834025,631.88
245,7,7,50.67384281086326,46.789572286484955,633.919
246,7,8,51.881167539122224,63.676678839491636,635.483
247,7,9,50.62688184522484,80.54008122098378,636.483
248,7,10,47.13405970746372,95.79567756242244,636.925
249,7,11,41.90370916183764,108.75025830456468,636.905
250,7,12,35.462786133002254,119.5271356826859,636.594
251,7,13,28.20823560230932,128.61813112835122,636.205
252,7,14,20.434978307930812,136.50851592171168,635.958
253,7,15,12.34462777378717,143.6193029232069,636.049
254,7,16,4.084428364231884,150.295075176464,636.612
255,7,17,-4.227079853255362,156.8315388914095,637.703
256,7,18,-12.472608443360285,163.50149182349378,639.281
257,7,19,-20.549594004845503,170.61260667406916,641.22
258,7,20,-28.303629439352303,178.50217184472922,643.313
259,7,21,-35.53442798720652,-172.4108861995068,645.304
260,7,22,-41.954853618342696,-161.63414542516898,646.918
261,7,23,-47.15500789764815,-148.71518411954835,647.9
262,7,24,-50.6305120907687,-133.5019759320988,648.051
263,7,25,-51.88111631270345,-116.6944786489632,647.255
264,7,26,-50.686253264585176,-99.8601728733353,645.498
265,7,27,-47.25244737634755,-84.58289068128184,642.876
266,7,28,-42.068692381239295,-71.58063521873292,639.587
267,7,29,-35.65755580737434,-60.75179376140625,635.913
268,7,30,-28.416221692725376,-51.61419251993935,632.172
269,7,31,-20.641391747290474,-43.68471513886431,628.705
270,7,32,-12.536723429099194,-36.54117738029889,625.818
271,7,33,-4.251599805488885,-29.836998370283702,623.753
272,8,0,-0.07574336946064318,-15.962474816758082,623.078
273,8,1,8.24908583800203,-9.371349097884947,622.489
274,8,2,16.471194136329803,-2.4888852885029156,622.886
275,8,3,24.44993596434085,4.997555500597242,624.145
276,8,4,32.01166571521865,13.471189783978964,626.056
277,8,5,38.912045324237035,23.39741405852564,628.351
278,8,6,44.79584348285282,35.271165175837545,630.737
279,8,7,49.19997336533913,49.464332422069894,632.95
280,8,8,51.58245604596089,65.7201006844302,634.769
281,8,9,51.55688723280294,82.82304463030387,636.056
282,8,10,49.13045911506133,99.03387707811466,636.77
283,8,11,44.69919289100255,113.16193213098927,636.963
284,8,12,38.806512071371166,124.97274988528869,636.773
285,8,13,31.912498198659232,134.84668991551257,636.395
286,8,14,24.368540600001808,143.27877701194674,636.051
287,8,15,16.41547516062813,150.73164720783288,635.952
288,8,16,8.224027581484545,157.58546883237386,636.266
289,8,17,-0.07570047400502565,164.15635670073627,637.093
290,8,18,-8.364074634000133,170.72141158754746,638.437
291,8,19,-16.54519923598689,177.5760664951672,640.218
292,8,20,-24.481539249630497,-174.97040396832068,642.264
293,8,21,-32.0033397146204,-166.5392321172353,644.34
294,8,22,-38.871296415648736,-156.67075623834742,646.176
295,8,23,-44.73690578050478,-144.87493757946535,647.502
296,8,24,-49.144727380237484,-130.77786426466594,648.089
297,8,25,-51.55786394985426,-114.61603842414998,647.775
298,8,26,-51.585580857506166,-97.56989433141413,646.492
299,8,27,-49.22036489510621,-81.36052354408572,644.284
300,8,28,-44.84287958057211,-67.19440384696662,641.298
301,8,29,-38.98853661275201,-55.33185765498812,637.779
302,8,30,-32.11585342081802,-45.407982111742285,634.028
303,8,31,-24.577453888597695,-36.93307314430671,630.383
304,8,32,-16.61617514674708,-29.444501549628917,627.171
305,8,33,-8.404833787872183,-22.560393158760796,624.67
306,9,0,4.093140270518235,-2.0942819948194185,622.657
307,9,1,12.377712356353067,4.602229700965605,622.57
308,9,2,20.49680176520318,11.743204857931806,623.418
309,9,3,28.292561117802297,19.669814413329085,625.034
310,9,4,35.56027000793126,28.806104258475337,627.172
311,9,5,42.00694747114238,39.65029315086703,629.55
312,9,6,47.21529797745185,52.65740829301042,631.88
313,9,7,50.67384281086326,67.96956884606054,633.919
314,9,8,51.881167539122224,84.85667881416181,635.483
315,9,9,50.62688184522484,101.72008119565396,636.483
316,9,10,47.13405970746372,116.97567753709262,636.925
317,9,11,41.90370916183764,129.93025144904567,636.905
318,9,12,35.462786133002254,140.70714248754524,636.594
319,9,13,28.20823560230932,149.79813793321054,636.205
320,9,14,20.434978307930812,157.6885090661927,635.958
321,9,15,12.34462777378717,164.79930972806625,636.049
322,9,16,4.084428364231884,171.47508198132334,636.612
323,9,17,-4.227079853255362,178.01154569626885,637.703
324,9,18,-12.472608443360285,-175.31849772918122,639.281
325,9,19,-20.549594004845503,-168.20738287860584,641.22
326,9,20,-28.303629439352303,-160.3178313683241,643.313
327,9,21,-35.53442798720652,-151.23087939464745,645.304
328,9,22,-41.954853618342696,-140.45415228068796,646.918
329,9,23,-47.15500789764815,-127.53517731468901,647.9
330,9,24,-50.6305120907687,-112.32197595742862,648.051
331,9,25,-51.88111631270345,-95.51447867429302,647.255
332,9,26,-50.686253264585176,-78.68017289866512,645.498
333,9,27,-47.25244737634755,-63.40289070661167,642.876
334,9,28,-42.068692381239295,-50.40063865915734,639.587
335,9,29,-35.65755580737434,-39.57179378673607,635.913
336,9,30,-28.416221692725376,-30.43419254526918,632.172
337,9,31,-20.641391747290474,-22.504715164194142,628.705
338,9,32,-12.536723429099194,-15.361175698081425,625.818
339,9,33,-4.251599805488885,-8.656998395613531,623.753
340,10,0,-0.07574336946064318,5.217525157912088,623.078
341,10,1,8.24908583800203,11.808650876785222,622.489
342,10,2,16.471194136329803,18.691114899610668,622.886
343,10,3,24.44993596434085,26.17755547526741,624.145
344,10,4,32.01166571521865,34.65118890487549,626.056
345,10,5,38.912045324237035,44.57741403319581,628.351
346,10,6,44.79584348285282,56.45116515050771,630.737
347,10,7,49.19997336533913,70.64433239674007,632.95
348,10,8,51.58245604596089,86.90010065910037,634.769
349,10,9,51.55688723280294,104.00304460497404,636.056
350,10,10,49.13045911506133,120.213883882974,636.77
351,10,11,44.69919289100255,134.3419252754703,636.963
352,10,12,38.806512071371166,146.15274302976968,636.773
353,10,13,31.912498198659232,156.0266967203719,636.395
354,10,14,24.368540600001808,164.45877015642773,636.051
355,10,15,16.41547516062813,171.91165401269222,635.952
356,10,16,8.224027581484545,178.76546197685488,636.266
357,10,17,-0.07570047400502565,-174.66364651231706,637.093
358,10,18,-8.364074634000133,-168.0985916255059,638.437
359,10,19,-16.54519923598689,-161.24393671788613,640.218
360,10,20,-24.481539249630497,-153.79039716346134,642.264
361,10,21,-32.0033397146204,-145.3592389727543,644.34
362,10,22,-38.871296415648736,-135.49074943348808,646.176
363,10,23,-44.73690578050478,-123.69493077460602,647.502
364,10,24,-49.144727380237484,-109.59786428999575,648.089
365,10,25,-51.55786394985426,-93.4360384494798,647.775
366,10,26,-51.585580857506166,-76.38989435674397,646.492
367,10,27,-49.22036489510621,-60.18052356941555,644.284
368,10,28,-44.84287958057211,-46.014400457201866,641.298
369,10,29,-38.98853661275201,-34.15185768031795,637.779
370,10,30,-32.11585342081802,-24.227982137072114,634.028
371,10,31,-24.577453888597695,-15.753073169636538,630.383
372,10,32,-16.61617514674708,-8.264502428732396,627.171
373,10,33,-8.404833787872183,-1.3803930773689188,624.67
374,11,0,4.093140270518235,19.085718833624398,622.657
375,11,1,12.377712356353067,25.78222924874895,622.57
376,11,2,20.49680176520318,32.923205686375624,623.418
377,11,3,28.292561117802297,40.84981438799925,625.034
378,11,4,35.56027000793126,49.986104233145504,627.172
379,11,5,42.00694747114238,60.8302931255372,629.55
380,11,6,47.21529797745185,73.83741168277517,631.88
381,11,7,50.67384281086326,89.1495688207307,633.919
382,11,8,51.881167539122224,106.03667878883198,635.483
383,11,9,50.62688184522484,122.90007434013495,636.483
384,11,10,47.13405970746372,138.1556706815736,636.925
385,11,11,41.90370916183764,151.11025825390502,636.905
386,11,12,35.462786133002254,161.88713563202623,636.594
387,11,13,28.20823560230932,170.97813107769156,636.205
388,11,14,20.434978307930812,178.868515871052,635.958
389,11,15,12.34462777378717,-174.02069348498708,636.049
390,11,16,4.084428364231884,-167.34492123172998,636.612
391,11,17,-4.227079853255362,-160.80845751678447,637.703
392,11,18,-12.472608443360285,-154.1385045847002,639.281
393,11,19,-20.549594004845503,-147.02738973412485,641.22
394,11,20,-28.303629439352303,-139.13782456346476,643.313
395,11,21,-35.53442798720652,-130.05088625016646,645.304
396,11,22,-41.954853618342696,-119.27414547582863,646.918
397,11,23,-47.15500789764815,-106.35517734001884,647.9
398,11,24,-50.6305120907687,-91.14197598275845,648.051
399,11,25,-51.88111631270345,-74.33447869962285,647.255
400,11,26,-50.686253264585176,-57.50017292399495,645.498
401,11,27,-47.25244737634755,-42.222890731941504,642.876
402,11,28,-42.068692381239295,-29.220638684487167,639.587
403,11,29,-35.65755580737434,-18.391793812065906,635.913
404,11,30,-28.416221692725376,-9.254194278146304,632.172
405,11,31,-20.641391747290474,-1.3247152962456787,628.705
406,11,32,-12.536723429099194,5.8188234228150995,625.818
407,11,33,-4.251599805488885,12.523001579056638,623.753
408,12,0,-0.07574336946064318,26.38753256582653,623.078
409,12,1,8.24908583800203,32.97865999224695,622.489
410,12,2,16.471194136329803,39.861120599977816,622.886
411,12,3,24.44993596434085,47.34756117563456,624.145
412,12,4,32.01166571521865,55.82119631278993,626.056
413,12,5,38.912045324237035,65.74742144111025,628.351
414,12,6,44.79584348285282,77.62117255842216,630.737
415,12,7,49.19997336533913,91.81433980465451,632.95
416,12,8,51.58245604596089,108.07010806701481,634.769
417,12,9,51.55688723280294,125.17305201288848,636.056
418,12,10,49.13045911506133,141.38389129088844,636.77
419,12,11,44.69919289100255,155.5119326833847,636.963
420,12,12,38.806512071371166,167.32275043768414,636.773
421,12,13,31.912498198659232,177.19670412828634,636.395
422,12,14,24.368540600001808,-174.37121879319216,636.051
423,12,15,16.41547516062813,-166.91833493692766,635.952
424,12,16,8.224027581484545,-160.064526972765,636.266
425,12,17,-0.07570047400502565,-153.49363910440263,637.093
426,12,18,-8.364074634000133,-146.92858421759144,638.437
427,12,19,-16.54519923598689,-140.0739293099717,640.218
428,12,20,-24.481539249630497,-132.6203897555469,642.264
429,12,21,-32.0033397146204,-124.18923156483984,644.34
430,12,22,-38.871296415648736,-114.32074885576282,646.176
431,12,23,-44.73690578050478,-102.52492336669158,647.502
432,12,24,-49.144727380237484,-88.42785688208131,648.089
433,12,25,-51.55786394985426,-72.26603104156536,647.775
434,12,26,-51.585580857506166,-55.21988694882952,646.492
435,12,27,-49.22036489510621,-39.01051616150111,644.284
436,12,28,-44.84287958057211,-24.844393049287426,641.298
437,12,29,-38.98853661275201,-12.981851126177157,637.779
438,12,30,-32.11585342081802,-3.0579743022708508,634.028
439,12,31,-24.577453888597695,5.416934665164725,630.383
440,12,32,-16.61617514674708,12.905504979182046,627.171
441,12,33,-8.404833787872183,19.78961422382382,624.67
442,13,0,4.093140270518235,40.25572453399155,622.657
443,13,1,12.377712356353067,46.952236656663395,622.57
444,13,2,20.49680176520318,54.093213094290064,623.418
445,13,3,28.292561117802297,62.01981838081911,625.034
446,13,4,35.56027000793126,71.15611164105995,627.172
447,13,5,42.00694747114238,82.00030053345164,629.55
448,13,6,47.21529797745185,95.00741909068961,631.88
449,13,7,50.67384281086326,110.31957622864515,633.919
450,13,8,51.881167539122224,127.20668619674642,635.483
451,13,9,50.62688184522484,144.0700817480494,636.483
452,13,10,47.13405970746372,159.32567808948806,636.925
453,13,11,41.90370916183764,172.28026566181947,636.905
454,13,12,35.462786133002254,-176.94285331759366,636.594
455,13,13,28.20823560230932,-167.85185787192833,636.205
456,13,14,20.434978307930812,-159.9614867389462,635.958
457,13,15,12.34462777378717,-152.85068607707265,636.049
458,13,16,4.084428364231884,-146.17491382381556,636.612
459,13,17,-4.227079853255362,-139.63845010887002,637.703
460,13,18,-12.472608443360285,-132.96849717678577,639.281
461,13,19,-20.549594004845503,-125.8573823262104,641.22
462,13,20,-28.303629439352303,-117.96781715555034,643.313
463,13,21,-35.53442798720652,-108.880878842252,645.304
464,13,22,-41.954853618342696,-98.10414489810336,646.918
465,13,23,-47.15500789764815,-85.1851699321044,647.9
466,13,24,-50.6305120907687,-69.97196857484401,648.051
467,13,25,-51.88111631270345,-53.16447129170841,647.255
468,13,26,-50.686253264585176,-36.33016551608051,645.498
469,13,27,-47.25244737634755,-21.052885031574355,642.876
470,13,28,-42.068692381239295,-8.050629569025432,639.587
471,13,29,-35.65755580737434,2.7782127420748903,635.913
472,13,30,-28.416221692725376,11.915813129768138,632.172
473,13,31,-20.641391747290474,19.84529221839047,628.705
474,13,32,-12.536723429099194,26.988831684503186,625.818
475,13,33,-4.251599805488885,33.69300898697108,623.753
476,14,0,-0.07574336946064318,47.56752741785482,623.078
477,14,1,8.24908583800203,54.158653136727956,622.489
478,14,2,16.471194136329803,61.04111374445881,622.886
479,14,3,24.44993596434085,68.52755432011556,624.145
480,14,4,32.01166571521865,77.00118945727093,626.056
481,14,5,38.912045324237035,86.92741458559125,628.351
482,14,6,44.79584348285282,98.80116570290316,630.737
483,14,7,49.19997336533913,112.9943329491355,632.95
484,14,8,51.58245604596089,129.2501012114958,634.769
485,14,9,51.55688723280294,146.35304515736948,636.056
486,14,10,49.13045911506133,162.56388443536943,636.77
487,14,11,44.69919289100255,176.69192582786573,636.963
488,14,12,38.806512071371166,-171.4972527753692,636.773
489,14,13,31.912498198659232,-161.62329908476698,636.395
490,14,14,24.368540600001808,-153.19122564871114,636.051
491,14,15,16.41547516062813,-145.73834179244668,635.952
492,14,16,8.224027581484545,-138.88453382828402,636.266
493,14,17,-0.07570047400502565,-132.31364595992164,637.093
494,14,18,-8.364074634000133,-125.74859107311043,638.437
495,14,19,-16.54519923598689,-118.8939361654907,640.218
496,14,20,-24.481539249630497,-111.44040344125507,642.264
497,14,21,-32.0033397146204,-103.00923159016968,644.34
498,14,22,-38.871296415648736,-93.14075571128181,646.176
499,14,23,-44.73690578050478,-81.34493022221058,647.502
500,14,24,-49.144727380237484,-67.24786373760031,648.089
501,14,25,-51.55786394985426,-51.08604131217894,647.775
502,14,26,-51.585580857506166,-34.039893804348516,646.492
503,14,27,-49.22036489510621,-17.830523017020106,644.284
504,14,28,-44.84287958057211,-3.6643999048064257,641.298
505,14,29,-38.98853661275201,8.198142018303843,637.779
506,14,30,-32.11585342081802,18.122018415323325,634.028
507,14,31,-24.577453888597695,26.596927382758903,630.383
508,14,32,-16.61617514674708,34.08549897743669,627.171
509,14,33,-8.404833787872183,40.96960907585211,624.67
510,15,0,4.093140270518235,61.435734753945475,622.657
511,15,1,12.377712356353067,68.13224346152273,622.57
512,15,2,20.49680176520318,75.27321989914941,623.418
513,15,3,28.292561117802297,83.19982518567845,625.034
514,15,4,35.56027000793126,92.33611844591928,627.172
515,15,5,42.00694747114238,103.18030733831098,629.55
516,15,6,47.21529797745185,116.18741906535979,631.88
517,15,7,50.67384281086326,131.49958303350448,633.919
518,15,8,51.881167539122224,148.38669300160575,635.483
519,15,9,50.62688184522484,165.25008855290875,636.483
520,15,10,47.13405970746372,-179.49431146318693,636.925
521,15,11,41.90370916183764,-166.53972389085553,636.905
522,15,12,35.462786133002254,-155.7628465127343,636.594
523,15,13,28.20823560230932,-146.67185106706899,636.205
524,15,14,20.434978307930812,-138.78147993408686,635.958
525,15,15,12.34462777378717,-131.6706792722133,636.049
526,15,16,4.084428364231884,-124.99490701895621,636.612
527,15,17,-4.227079853255362,-118.45844330401069,637.703
528,15,18,-12.472608443360285,-111.78849037192643,639.281
529,15,19,-20.549594004845503,-104.67737552135105,641.22
530,15,20,-28.303629439352303,-96.78781035069099,643.313
531,15,21,-35.53442798720652,-87.70087203739267,645.304
532,15,22,-41.954853618342696,-76.92413809324401,646.918
533,15,23,-47.15500789764815,-64.00516312724505,647.9
534,15,24,-50.6305120907687,-48.79196176998467,648.051
535,15,25,-51.88111631270345,-31.98446448684907,647.255
536,15,26,-50.686253264585176,-15.150158711221174,645.498
537,15,27,-47.25244737634755,0.12712221351202116,642.876
538,15,28,-42.068692381239295,13.129377235833909,639.587
539,15,29,-35.65755580737434,23.958220400707877,635.913
540,15,30,-28.416221692725376,33.09582164217477,632.172
541,15,31,-20.641391747290474,41.02529902324981,628.705
542,15,32,-12.536723429099194,48.16883678181524,625.818
543,15,33,-4.251599805488885,54.87301579183042,623.753
544,16,0,-0.07574336946064318,68.74753422271417,623.078
545,16,1,8.24908583800203,75.3386599415873,622.489
546,16,2,16.471194136329803,82.22112054931816,622.886
547,16,3,24.44993596434085,89.7075611249749,624.145
548,16,4,32.01166571521865,98.18119626213027,626.056
549,16,5,38.912045324237035,108.1074213904506,628.351
550,16,6,44.79584348285282,119.98116567757333,630.737
551,16,7,49.19997336533913,134.17433975399484,632.95
552,16,8,51.58245604596089,150.43010801635515,634.769
553,16,9,51.55688723280294,167.53305196222883,636.056
554,16,10,49.13045911506133,-176.2561187776839,636.77
555,16,11,44.69919289100255,-162.12806372480927,636.963
556,16,12,38.806512071371166,-150.31724597050987,636.773
557,16,13,31.912498198659232,-140.44329227990764,636.395
558,16,14,24.368540600001808,-132.0112188438518,636.051
559,16,15,16.41547516062813,-124.55833498758733,635.952
560,16,16,8.224027581484545,-117.70452702342467,636.266
561,16,17,-0.07570047400502565,-111.13363915506228,637.093
562,16,18,-8.364074634000133,-104.5685842682511,638.437
563,16,19,-16.54519923598689,-97.71392936063135,640.218
564,16,20,-24.481539249630497,-90.26039663639574,642.264
565,16,21,-32.0033397146204,-81.82922478531033,644.34
566,16,22,-38.871296415648736,-71.96074890642247,646.176
567,16,23,-44.73690578050478,-60.16492341735124,647.502
568,16,24,-49.144727380237484,-46.06785693274097,648.089
569,16,25,-51.55786394985426,-29.906034507319607,647.775
570,16,26,-51.585580857506166,-12.859887853262824,646.492
571,16,27,-49.22036489510621,3.349483147508998,644.284
572,16,28,-44.84287958057211,17.515606900052916,641.298
573,16,29,-38.98853661275201,29.37814967693683,637.779
574,16,30,-32.11585342081802,39.302025220182664,634.028
575,16,31,-24.577453888597695,47.776934187618245,630.383
576,16,32,-16.61617514674708,55.26550578229603,627.171
577,16,33,-8.404833787872183,62.14961246561686,624.67
578,17,0,4.093140270518235,82.61572789842647,622.657
579,17,1,12.377712356353067,89.31223660600374,622.57
580,17,2,20.49680176520318,96.4532130436304,623.418
581,17,3,28.292561117802297,104.37981833015945,625.034
582,17,4,35.56027000793126,113.51611159040029,627.172
583,17,5,42.00694747114238,124.36030048279198,629.55
584,17,6,47.21529797745185,137.36741220984078,631.88
585,17,7,50.67384281086326,152.6795761779855,633.919
586,17,8,51.881167539122224,169.56668614608677,635.483
587,17,9,50.62688184522484,-173.56991466014458,636.483
588,17,10,47.13405970746372,-158.31431831870594,636.925
589,17,11,41.90370916183764,-145.35973074637454,636.905
590,17,12,35.462786133002254,-134.5828533682533,636.594
591,17,13,28.20823560230932,-125.491857922588,636.205
592,17,14,20.434978307930812,-117.60148678960587,635.958
593,17,15,12.34462777378717,-110.4906861277323,636.049
594,17,16,4.084428364231884,-103.81491387447521,636.612
595,17,17,-4.227079853255362,-97.27845015952968,637.703
596,17,18,-12.472608443360285,-90.60849722744543,639.281
597,17,19,-20.549594004845503,-83.49738237687006,641.22
598,17,20,-28.303629439352303,-75.60781720620999,643.313
599,17,21,-35.53442798720652,-66.52087889291167,645.304
600,17,22,-41.954853618342696,-55.744144948763015,646.918
601,17,23,-47.15500789764815,-42.82516998276406,647.9
602,17,24,-50.6305120907687,-27.611968625503668,648.051
603,17,25,-51.88111631270345,-10.804469634820778,647.255
604,17,26,-50.686253264585176,6.029833579486181,645.498
605,17,27,-47.25244737634755,21.307114917765986,642.876
606,17,28,-42.068692381239295,34.30936867276762,639.587
607,17,29,-35.65755580737434,45.138213545188876,635.913
608,17,30,-28.416221692725376,54.27581478665577,632.172
609,17,31,-20.641391747290474,62.20529216773081,628.705
610,17,32,-12.536723429099194,69.34882992629623,625.818
611,17,33,-4.251599805488885,76.05300893631141,623.753
612,18,0,-0.07574336946064318,89.91752797025026,623.078
613,18,1,8.24908583800203,96.50865368912339,622.489
614,18,2,16.471194136329803,103.39111429685425,622.886
615,18,3,24.44993596434085,110.877554872511,624.145
616,18,4,32.01166571521865,119.35119000966637,626.056
617,18,5,38.912045324237035,129.27740830779751,628.351
618,18,6,44.79584348285282,141.15115942510943,630.737
619,18,7,49.19997336533913,155.34433350153094,632.95
620,18,8,51.58245604596089,171.60010176389125,634.769
621,18,9,51.55688723280294,-171.2969506477694,636.056
622,18,10,49.13045911506133,-155.08612503014777,636.77
623,18,11,44.69919289100255,-140.95806997727317,636.963
624,18,12,38.806512071371166,-129.14725222297375,636.773
625,18,13,31.912498198659232,-119.27329853237154,636.395
626,18,14,24.368540600001808,-110.84122509631571,636.051
627,18,15,16.41547516062813,-103.3883480702404,635.952
628,18,16,8.224027581484545,-96.53453327588858,636.266
629,18,17,-0.07570047400502565,-89.96364540752619,637.093
630,18,18,-8.364074634000133,-83.39859052071499,638.437
631,18,19,-16.54519923598689,-76.54393561309526,640.218
632,18,20,-24.481539249630497,-69.09040288885963,642.264
633,18,21,-32.0033397146204,-60.659231037774234,644.34
634,18,22,-38.871296415648736,-50.79075174379179,646.176
635,18,23,-44.73690578050478,-38.994929669815136,647.502
636,18,24,-49.144727380237484,-24.89786318520487,648.089
637,18,25,-51.55786394985426,-8.736039052236212,647.775
638,18,26,-51.585580857506166,8.310105894273278,646.492
639,18,27,-49.22036489510621,24.519477535375334,644.284
640,18,28,-44.84287958057211,38.68560064758901,641.298
641,18,29,-38.98853661275201,50.54814342447293,637.779
642,18,30,-32.11585342081802,60.47202238281335,634.028
643,18,31,-24.577453888597695,68.94692793515435,630.383
644,18,32,-16.61617514674708,76.43549952983213,627.171
645,18,33,-8.404833787872183,83.31960621315297,624.67
646,19,0,4.093140270518235,103.78572164596257,622.657
647,19,1,12.377712356353067,110.48223035353983,622.57
648,19,2,20.49680176520318,117.62320679116651,623.418
649,19,3,28.292561117802297,125.54981890788473,625.034
650,19,4,35.56027000793126,134.68611216812556,627.172
651,19,5,42.00694747114238,145.53029423032808,629.55
652,19,6,47.21529797745185,158.53740595737688,631.88
653,19,7,50.67384281086326,173.8495699255216,633.919
654,19,8,51.881167539122224,-169.26331646391148,635.483
655,19,9,50.62688184522484,-152.39992091260848,636.483
656,19,10,47.13405970746372,-137.14432457116982,636.925
657,19,11,41.90370916183764,-124.18973699883843,636.905
658,19,12,35.462786133002254,-113.4128596207172,636.594
659,19,13,28.20823560230932,-104.3218641750519,636.205
660,19,14,20.434978307930812,-96.4314862118806,635.958
661,19,15,12.34462777378717,-89.3206923801962,636.049
662,19,16,4.084428364231884,-82.64492012693911,636.612
663,19,17,-4.227079853255362,-76.10845641199359,637.703
664,19,18,-12.472608443360285,-69.43850347990933,639.281
665,19,19,-20.549594004845503,-62.32738862933395,641.22
666,19,20,-28.303629439352303,-54.43782687376847,643.313
667,19,21,-35.53442798720652,-45.35088173028098,645.304
668,19,22,-41.954853618342696,-34.57415120122692,646.918
669,19,23,-47.15500789764815,-21.655176235227955,647.9
670,19,24,-50.6305120907687,-6.4419744510807435,648.051
671,19,25,-51.88111631270345,10.365524112715324,647.255
672,19,26,-50.686253264585176,27.19982818079593,645.498
673,19,27,-47.25244737634755,42.47711037284938,642.876
674,19,28,-42.068692381239295,55.479362420303715,639.587
675,19,29,-35.65755580737434,66.30820729272497,635.913
676,19,30,-28.416221692725376,75.44580511909729,632.172
677,19,31,-20.641391747290474,83.37528591526691,628.705
678,19,32,-12.536723429099194,90.51882367383233,625.818
679,19,33,-4.251599805488885,97.22300268384753,623.753
680,20,0,-0.07574336946064318,111.09752111473126,623.078
681,20,1,8.24908583800203,117.68864000341523,622.489
682,20,2,16.471194136329803,124.57110744133526,622.886
683,20,3,24.44993596434085,132.05755484718117,624.145
684,20,4,32.01166571521865,140.53118315414739,626.056
685,20,5,38.912045324237035,150.45740145227853,628.351
686,20,6,44.79584348285282,162.33115256959042,630.737
687,20,7,49.19997336533913,176.52432664601196,632.95
688,20,8,51.58245604596089,-167.21990144916208,634.769
689,20,9,51.55688723280294,-150.1169575032884,636.056
690,20,10,49.13045911506133,-133.90613188566678,636.77
691,20,11,44.69919289100255,-119.77807683279217,636.963
692,20,12,38.806512071371166,-107.96725907849276,636.773
693,20,13,31.912498198659232,-98.09331221807972,636.395
694,20,14,24.368540600001808,-89.66123195183471,636.051
695,20,15,16.41547516062813,-82.2083549257594,635.952
696,20,16,8.224027581484545,-75.35454013140757,636.266
697,20,17,-0.07570047400502565,-68.78365226304518,637.093
698,20,18,-8.364074634000133,-62.218597376233994,638.437
699,20,19,-16.54519923598689,-55.363942468614255,640.218
700,20,20,-24.481539249630497,-47.91040974437863,642.264
701,20,21,-32.0033397146204,-39.47924130838782,644.34
702,20,22,-38.871296415648736,-29.610758599310785,646.176
703,20,23,-44.73690578050478,-17.81493823288143,647.502
704,20,24,-49.144727380237484,-3.7178700407238705,648.089
705,20,25,-51.55786394985426,12.44395409224479,647.775
706,20,26,-51.585580857506166,29.490099892527923,646.492
707,20,27,-49.22036489510621,45.69947067985633,644.284
708,20,28,-44.84287958057211,59.86559037697543,641.298
709,20,29,-38.98853661275201,71.72813315385935,637.779
710,20,30,-32.11585342081802,81.65201552729435,634.028
711,20,31,-24.577453888597695,90.12692107963534,630.383
712,20,32,-16.61617514674708,97.61549267431313,627.171
713,20,33,-8.404833787872183,104.49959935763397,624.67
714,21,0,4.093140270518235,124.96572845082191,622.657
715,21,1,12.377712356353067,131.66223715839917,622.57
716,21,2,20.49680176520318,138.80321359602584,623.418
717,21,3,28.292561117802297,146.72982571274406,625.034
718,21,4,35.56027000793126,155.8661189729849,627.172
719,21,5,42.00694747114238,166.71030103518743,629.55
720,21,6,47.21529797745185,179.71741276223622,631.88
721,21,7,50.67384281086326,-164.9704196271534,633.919
722,21,8,51.881167539122224,-148.08330965905213,635.483
723,21,9,50.62688184522484,-131.21991410774916,636.483
724,21,10,47.13405970746372,-115.96431776631049,636.925
725,21,11,41.90370916183764,-103.00973702416826,636.905
726,21,12,35.462786133002254,-92.23285281585787,636.594
727,21,13,28.20823560230932,-83.14185737019255,636.205
728,21,14,20.434978307930812,-75.25147940702125,635.958
729,21,15,12.34462777378717,-68.14068557533687,636.049
730,21,16,4.084428364231884,-61.46491332207977,636.612
731,21,17,-4.227079853255362,-54.92845302222883,637.703
732,21,18,-12.472608443360285,-48.25849667504999,639.281
733,21,19,-20.549594004845503,-41.147381824474614,641.22
734,21,20,-28.303629439352303,-33.25782006890913,643.313
735,21,21,-35.53442798720652,-24.17087492542164,645.304
736,21,22,-41.954853618342696,-13.394143542593929,646.918
737,21,23,-47.15500789764815,-0.47516959045117574,647.9
738,21,24,-50.6305120907687,14.738031926891773,648.051
739,21,25,-51.88111631270345,31.54552921002737,647.255
740,21,26,-50.686253264585176,48.379834985655265,645.498
741,21,27,-47.25244737634755,63.65711717770872,642.876
742,21,28,-42.068692381239295,76.65937264025764,639.587
743,21,29,-35.65755580737434,87.48821409758432,635.913
744,21,30,-28.416221692725376,96.62581192395663,632.172
745,21,31,-20.641391747290474,104.55529272012625,628.705
746,21,32,-12.536723429099194,111.69883047869168,625.818
747,21,33,-4.251599805488885,118.40300948870686,623.753
748,22,0,-0.07574336946064318,132.2775279195906,623.078
749,22,1,8.24908583800203,138.86864680827458,622.489
750,22,2,16.471194136329803,145.7511142461946,622.886
751,22,3,24.44993596434085,153.2375616520405,624.145
752,22,4,32.01166571521865,161.7111899590067,626.056
753,22,5,38.912045324237035,171.63740825713785,628.351
754,22,6,44.79584348285282,-176.48883698308455,630.737
755,22,7,49.19997336533913,-162.29566290666304,632.95
756,22,8,51.58245604596089,-146.03989464430273,634.769
757,22,9,51.55688723280294,-128.93695069842906,636.056
758,22,10,49.13045911506133,-112.72611825061827,636.77
759,22,11,44.69919289100255,-98.59807002793283,636.963
760,22,12,38.806512071371166,-86.78725227363341,636.773
761,22,13,31.912498198659232,-76.91330541322037,636.395
762,22,14,24.368540600001808,-68.48122514697536,636.051
763,22,15,16.41547516062813,-61.02834812090006,635.952
764,22,16,8.224027581484545,-54.174533326548236,636.266
765,22,17,-0.07570047400502565,-47.60364545818585,637.093
766,22,18,-8.364074634000133,-41.038590571374655,638.437
767,22,19,-16.54519923598689,-34.183935663754916,640.218
768,22,20,-24.481539249630497,-26.73040293951929,642.264
769,22,21,-32.0033397146204,-18.299232795981183,644.34
770,22,22,-38.871296415648736,-8.430753501998737,646.176
771,22,23,-44.73690578050478,3.3650689988647327,647.502
772,22,24,-49.144727380237484,17.46213676413547,648.089
773,22,25,-51.55786394985426,33.623959189556835,647.775
774,22,26,-51.585580857506166,50.67010669738726,646.492
775,22,27,-49.22036489510621,66.87947748471568,644.284
776,22,28,-44.84287958057211,81.04559718183476,641.298
777,22,29,-38.98853661275201,92.90813995871869,637.779
778,22,30,-32.11585342081802,102.8320223321537,634.028
779,22,31,-24.577453888597695,111.30692788449468,630.383
780,22,32,-16.61617514674708,118.79549947917248,627.171
781,22,33,-8.404833787872183,125.6796061624933,624.67
782,23,0,4.093140270518235,146.13573585873635,622.657
783,23,1,12.377712356353067,152.83224456631362,622.57
784,23,2,20.49680176520318,159.9732210039403,623.418
785,23,3,28.292561117802297,167.8998331206585,625.034
786,23,4,35.56027000793126,177.03612638089933,627.172
787,23,5,42.00694747114238,-172.11968791443246,629.55
788,23,6,47.21529797745185,-159.11257618738367,631.88
789,23,7,50.67384281086326,-143.80041221923895,633.919
790,23,8,51.881167539122224,-126.9133022511377,635.483
791,23,9,50.62688184522484,-110.04990669983471,636.483
792,23,10,47.13405970746372,-94.79431035839605,636.925
793,23,11,41.90370916183764,-81.83972961625382,636.905
794,23,12,35.462786133002254,-71.06284540794343,636.594
795,23,13,28.20823560230932,-61.971849962278114,636.205
796,23,14,20.434978307930812,-54.08147199910681,635.958
797,23,15,12.34462777378717,-46.97067816742243,636.049
798,23,16,4.084428364231884,-40.29490249907074,636.612
799,23,17,-4.227079853255362,-33.75844561431439,637.703
800,23,18,-12.472608443360285,-27.08848926713555,639.281
801,23,19,-20.549594004845503,-19.977372709012883,641.22
802,23,20,-28.303629439352303,-12.087811807221044,643.313
803,23,21,-35.53442798720652,-3.0008681578374317,645.304
804,23,22,-41.954853618342696,7.775863865320512,646.918
805,23,23,-47.15500789764815,20.694837977545824,647.9
806,23,24,-50.6305120907687,35.90803933480621,648.051
807,23,25,-51.88111631270345,52.715536617941815,647.255
808,23,26,-50.686253264585176,69.5498423935697,645.498
809,23,27,-47.25244737634755,84.82712458562315,642.876
810,23,28,-42.068692381239295,97.82938004817208,639.587
811,23,29,-35.65755580737434,108.65822150549876,635.913
812,23,30,-28.416221692725376,117.79581933187107,632.172
813,23,31,-20.641391747290474,125.72530012804069,628.705
814,23,32,-12.536723429099194,132.86884471679528,625.818
815,23,33,-4.251599805488885,139.5730168966213,623.753
816,24,0,-0.07574336946064318,153.44753532750505,623.078
817,24,1,8.24908583800203,160.038654216189,622.489
818,24,2,16.471194136329803,166.92112165410904,622.886
819,24,3,24.44993596434085,174.40756905995497,624.145
820,24,4,32.01166571521865,-177.1187989906132,626.056
821,24,5,38.912045324237035,-167.192580692482,628.351
822,24,6,44.79584348285282,-155.31882957517013,630.737
823,24,7,49.19997336533913,-141.1256554987486,632.95
824,24,8,51.58245604596089,-124.8698872363883,634.769
825,24,9,51.55688723280294,-107.7669501207038,636.056
826,24,10,49.13045911506133,-91.55611084270383,636.77
827,24,11,44.69919289100255,-77.42806262001838,636.963
828,24,12,38.806512071371166,-65.61724486571897,636.773
829,24,13,31.912498198659232,-55.74329459021135,636.395
830,24,14,24.368540600001808,-47.31121432396634,636.051
831,24,15,16.41547516062813,-39.85834071298562,635.952
832,24,16,8.224027581484545,-33.004525918633796,636.266
833,24,17,-0.07570047400502565,-26.4336397578187,637.093
834,24,18,-8.364074634000133,-19.86858316346021,638.437
835,24,19,-16.54519923598689,-13.013929109614121,640.218
836,24,20,-24.481539249630497,-5.560395104718027,642.264
837,24,21,-32.0033397146204,2.870774398489845,644.34
838,24,22,-38.871296415648736,12.739253905915705,646.176
839,24,23,-44.73690578050478,24.53507597989235,647.502
840,24,24,-49.144727380237484,38.63214417204991,648.089
841,24,25,-51.55786394985426,54.793966597471275,647.775
842,24,26,-51.585580857506166,71.84011410530171,646.492
843,24,27,-49.22036489510621,88.04948489263012,644.284
844,24,28,-44.84287958057211,102.2156045897492,641.298
845,24,29,-38.98853661275201,114.07814736663313,637.779
846,24,30,-32.11585342081802,124.00202974006814,634.028
847,24,31,-24.577453888597695,132.4769421225983,630.383
848,24,32,-16.61617514674708,139.96550688708692,627.171
849,24,33,-8.404833787872183,146.84961357040774,624.67
850,25,0,4.093140270518235,167.3157426635957,622.657
851,25,1,12.377712356353067,174.01225137117297,622.57
852,25,2,20.49680176520318,-178.8467685487347,623.418
853,25,3,28.292561117802297,-170.9201700923948,625.034
854,25,4,35.56027000793126,-161.783876832154,627.172
855,25,5,42.00694747114238,-150.93968110957312,629.55
856,25,6,47.21529797745185,-137.93256938252432,631.88
857,25,7,50.67384281086326,-122.62040541437962,633.919
858,25,8,51.881167539122224,-105.73329544627835,635.483
859,25,9,50.62688184522484,-88.86989989497536,636.483
860,25,10,47.13405970746372,-73.6143035535367,636.925
861,25,11,41.90370916183764,-60.659722811394474,636.905
862,25,12,35.462786133002254,-49.88283860308408,636.594
863,25,13,28.20823560230932,-40.791839742324186,636.205
864,25,14,20.434978307930812,-32.90146519424747,635.958
865,25,15,12.34462777378717,-25.79067307011038,636.049
866,25,16,4.084428364231884,-19.1148956942114,636.612
867,25,17,-4.227079853255362,-12.578438809455047,637.703
868,25,18,-12.472608443360285,-5.90848246227621,639.281
869,25,19,-20.549594004845503,1.202633455516223,641.22
870,25,20,-28.303629439352303,9.092194997638295,643.313
871,25,21,-35.53442798720652,18.179139287352143,645.304
872,25,22,-41.954853618342696,28.955869816406206,646.918
873,25,23,-47.15500789764815,41.87484478240516,647.9
874,25,24,-50.6305120907687,57.08804613966556,648.051
875,25,25,-51.88111631270345,73.89554342280115,647.255
876,25,26,-50.686253264585176,90.72984919842905,645.498
877,25,27,-47.25244737634755,106.0071313904825,642.876
878,25,28,-42.068692381239295,119.00938002284225,639.587
879,25,29,-35.65755580737434,129.83822148016893,635.913
880,25,30,-28.416221692725376,138.9758261367304,632.172
881,25,31,-20.641391747290474,146.90530693290003,628.705
882,25,32,-12.536723429099194,154.04885152165463,625.818
883,25,33,-4.251599805488885,160.75302370148063,623.753
884,26,0,-0.07574336946064318,174.6275421323644,623.078
885,26,1,8.24908583800203,-178.78133533648597,622.489
886,26,2,16.471194136329803,-171.89886789856595,622.886
887,26,3,24.44993596434085,-164.41243415309836,624.145
888,26,4,32.01166571521865,-155.93879218575384,626.056
889,26,5,38.912045324237035,-146.0125738876227,628.351
890,26,6,44.79584348285282,-134.13882277031078,630.737
891,26,7,49.19997336533913,-119.94564869388927,632.95
892,26,8,51.58245604596089,-103.68988726171813,634.769
893,26,9,51.55688723280294,-86.58694331584445,636.056
894,26,10,49.13045911506133,-70.3761040378445,636.77
895,26,11,44.69919289100255,-56.24805581515905,636.963
896,26,12,38.806512071371166,-44.437238060859634,636.773
897,26,13,31.912498198659232,-34.56328778535201,636.395
898,26,14,24.368540600001808,-26.131207519106997,636.051
899,26,15,16.41547516062813,-18.67833390812628,635.952
900,26,16,8.224027581484545,-11.8245199675481,636.266
901,26,17,-0.07570047400502565,-5.253632099185714,637.093
902,26,18,-8.364074634000133,1.3114234279557166,638.437
903,26,19,-16.54519923598689,8.16607769524522,640.218
904,26,20,-24.481539249630497,15.61961127325449,642.264
905,26,21,-32.0033397146204,24.050781416792596,644.34
906,26,22,-38.871296415648736,33.91926241832234,646.176
907,26,23,-44.73690578050478,45.715084492298985,647.502
908,26,24,-49.144727380237484,59.81215097690925,648.089
909,26,25,-51.55786394985426,75.9739768174252,647.775
910,26,26,-51.585580857506166,93.02012091016104,646.492
911,26,27,-49.22036489510621,109.22949169748945,644.284
912,26,28,-44.84287958057211,123.39561822479772,641.298
913,26,29,-38.98853661275201,135.25815417149246,637.779
914,26,30,-32.11585342081802,145.18203654492748,634.028
915,26,31,-24.577453888597695,153.65694892745765,630.383
916,26,32,-16.61617514674708,161.14551369194626,627.171
917,26,33,-8.404833787872183,168.0296203752671,624.67
918,27,0,4.093140270518235,-171.50427420983598,622.657
919,27,1,12.377712356353067,-164.80776550225872,622.57
920,27,2,20.49680176520318,-157.66678906463204,623.418
921,27,3,28.292561117802297,-149.74019060829215,625.034
922,27,4,35.56027000793126,-140.60389734805133,627.172
923,27,5,42.00694747114238,-129.75970162547046,629.55
924,27,6,47.21529797745185,-116.75258989842166,631.88
925,27,7,50.67384281086326,-101.44042593027696,633.919
926,27,8,51.881167539122224,-84.55331596217569,635.483
927,27,9,50.62688184522484,-67.6899204108727,636.483
928,27,10,47.13405970746372,-52.434320654339466,636.925
929,27,11,41.90370916183764,-39.479743327291814,636.905
930,27,12,35.462786133002254,-28.702859118981426,636.594
931,27,13,28.20823560230932,-19.61186196576882,636.205
932,27,14,20.434978307930812,-11.721486563918459,635.958
933,27,15,12.34462777378717,-4.610693159120897,636.049
934,27,16,4.084428364231884,2.0650831495610253,636.612
935,27,17,-4.227079853255362,8.601540674647612,637.703
936,27,18,-12.472608443360285,15.27149702182645,639.281
937,27,19,-20.549594004845503,22.38261357994912,641.22
938,27,20,-28.303629439352303,30.27217362796731,643.313
939,27,21,-35.53442798720652,39.3591187714548,645.304
940,27,22,-41.954853618342696,50.135849300508866,646.918
941,27,23,-47.15500789764815,63.05482426650782,647.9
942,27,24,-50.6305120907687,78.26802562376821,648.051
943,27,25,-51.88111631270345,95.07552290690381,647.255
944,27,26,-50.686253264585176,111.90982868253171,645.498
945,27,27,-47.25244737634755,127.18711087458516,642.876
946,27,28,-42.068692381239295,140.18935950694492,639.587
947,27,29,-35.65755580737434,151.01820096427159,635.913
948,27,30,-28.416221692725376,160.15580562083306,632.172
949,27,31,-20.641391747290474,168.0852864170027,628.705
950,27,32,-12.536723429099194,175.22883100575729,625.818
951,27,33,-4.251599805488885,-178.06699317195103,623.753
952,28,0,-0.07574336946064318,-164.1924747410673,623.078
953,28,1,8.24908583800203,-157.6013558523833,622.489
954,28,2,16.471194136329803,-150.7188884144633,622.886
955,28,3,24.44993596434085,-143.2324546689957,624.145
956,28,4,32.01166571521865,-134.75881270165118,626.056
957,28,5,38.912045324237035,-124.83259440352002,628.351
958,28,6,44.79584348285282,-112.95884328620812,630.737
959,28,7,49.19997336533913,-98.7656692097866,632.95
960,28,8,51.58245604596089,-82.50990777761547,634.769
961,28,9,51.55688723280294,-65.40696383174179,636.056
962,28,10,49.13045911506133,-49.196127968836414,636.77
963,28,11,44.69919289100255,-35.06807633105639,636.963
964,28,12,38.806512071371166,-23.257256869209684,636.773
965,28,13,31.912498198659232,-13.383309155022996,636.395
966,28,14,24.368540600001808,-4.951228461891161,636.051
967,28,15,16.41547516062813,2.501646216306615,635.952
968,28,16,8.224027581484545,9.355459516554559,636.266
969,28,17,-0.07570047400502565,15.926346531143299,637.093
970,28,18,-8.364074634000133,22.491403125501787,638.437
971,28,19,-16.54519923598689,29.346058033121526,640.218
972,28,20,-24.481539249630497,36.79959075735715,642.264
973,28,21,-32.0033397146204,45.230759193347964,644.34
974,28,22,-38.871296415648736,55.099241902425,646.176
975,28,23,-44.73690578050478,66.89506397640164,647.502
976,28,24,-49.144727380237484,80.99213046101191,648.089
977,28,25,-51.55786394985426,97.15395630152786,647.775
978,28,26,-51.585580857506166,114.2001003942637,646.492
979,28,27,-49.22036489510621,130.40947118159212,644.284
980,28,28,-44.84287958057211,144.57559770890037,641.298
981,28,29,-38.98853661275201,156.43813365559512,637.779
982,28,30,-32.11585342081802,166.36201602903014,634.028
983,28,31,-24.577453888597695,174.8369284115603,630.383
984,28,32,-16.61617514674708,-177.67450318148542,627.171
985,28,33,-8.404833787872183,-170.79039649816457,624.67
986,29,0,4.093140270518235,-150.33429412267822,622.657
987,29,1,12.377712356353067,-143.63778541510095,622.57
988,29,2,20.49680176520318,-136.49680897747427,623.418
989,29,3,28.292561117802297,-128.5702105211344,625.034
990,29,4,35.56027000793126,-119.43391726089357,627.172
991,29,5,42.00694747114238,-108.5897215383127,629.55
992,29,6,47.21529797745185,-95.5826098112639,631.88
993,29,7,50.67384281086326,-80.27044584311919,633.919
994,29,8,51.881167539122224,-63.38333587501793,635.483
995,29,9,50.62688184522484,-46.51994032371495,636.483
996,29,10,47.13405970746372,-31.2643405671817,636.925
997,29,11,41.90370916183764,-18.309763240134053,636.905
998,29,12,35.462786133002254,-7.532879885597309,636.594
999,29,13,28.20823560230932,1.5581181213889412,636.205
1000,29,14,20.434978307930812,9.448493523239303,635.958
1001,29,15,12.34462777378717,16.55928650115004,636.049
1002,29,16,4.084428364231884,23.235063877049022,636.612
1003,29,17,-4.227079853255362,29.771520761805373,637.703
1004,29,18,-12.472608443360285,36.44147710898421,639.281
1005,29,19,-20.549594004845503,43.552591959559585,641.22
1006,29,20,-28.303629439352303,51.44215371512507,643.313
1007,29,21,-35.53442798720652,60.52909544351798,645.304
1008,29,22,-41.954853618342696,71.30582938766663,646.918
1009,29,23,-47.15500789764815,84.22480435366559,647.9
1010,29,24,-50.6305120907687,99.43800571092598,648.051
1011,29,25,-51.88111631270345,116.24550299406157,647.255
1012,29,26,-50.686253264585176,133.0798019395003,645.498
1013,29,27,-47.25244737634755,148.35709096174293,642.876
1014,29,28,-42.068692381239295,161.35933959410266,639.587
1015,29,29,-35.65755580737434,172.18818105142935,635.913
1016,29,30,-28.416221692725376,-178.6742106495435,632.172
1017,29,31,-20.641391747290474,-170.74472985337388,628.705
1018,29,32,-12.536723429099194,-163.60119892499762,625.818
1019,29,33,-4.251599805488885,-156.89701308479326,623.753
1020,30,0,-0.07574336946064318,-143.02244001239617,623.078
1021,30,1,8.24908583800203,-136.4313211237122,622.489
1022,30,2,16.471194136329803,-129.54885368579218,622.886
1023,30,3,24.44993596434085,-122.06241994032459,624.145
1024,30,4,32.01166571521865,-113.58877797298005,626.056
1025,30,5,38.912045324237035,-103.66255967484891,628.351
1026,30,6,44.79584348285282,-91.788808557537,630.737
1027,30,7,49.19997336533913,-77.59563448111548,632.95
1028,30,8,51.58245604596089,-61.33987304894434,634.769
1029,30,9,51.55688723280294,-44.23692910307067,636.056
1030,30,10,49.13045911506133,-28.026093240165295,636.77
1031,30,11,44.69919289100255,-13.898039894837973,636.963
1032,30,12,38.806512071371166,-2.0872229943122105,636.773
1033,30,13,31.912498198659232,7.786725573648125,636.395
1034,30,14,24.368540600001808,16.21880669366678,636.051
1035,30,15,16.41547516062813,23.671680304647502,635.952
1036,30,16,8.224027581484545,30.525495098999325,636.266
1037,30,17,-0.07570047400502565,37.09638296736171,637.093
1038,30,18,-8.364074634000133,43.66143785417291,638.437
1039,30,19,-16.54519923598689,50.51609276179265,640.218
1040,30,20,-24.481539249630497,57.96962548602827,642.264
1041,30,21,-32.0033397146204,66.40079733711367,644.34
1042,30,22,-38.871296415648736,76.26927321600154,646.176
1043,30,23,-44.73690578050478,88.06509870507277,647.502
1044,30,24,-49.144727380237484,102.16216518968304,648.089
1045,30,25,-51.55786394985426,118.32398420000982,647.775
1046,30,26,-51.585580857506166,135.37012829274565,646.492
1047,30,27,-49.22036489510621,151.57950591026324,644.284
1048,30,28,-44.84287958057211,165.74563243757152,641.298
1049,30,29,-38.98853661275201,177.60816838426624,637.779
1050,30,30,-32.11585342081802,-172.4679455998331,634.028
1051,30,31,-24.577453888597695,-163.99304687768125,630.383
1052,30,32,-16.61617514674708,-156.50446845281428,627.171
1053,30,33,-8.404833787872183,-149.62036176949346,624.67
1054,31,0,4.093140270518235,-129.15425999706218,622.657
1055,31,1,12.377712356353067,-122.45775128948493,622.57
1056,31,2,20.49680176520318,-115.31677485185826,623.418
1057,31,3,28.292561117802297,-107.39016956532922,625.034
1058,31,4,35.56027000793126,-98.25387630508837,627.172
1059,31,5,42.00694747114238,-87.40968741269668,629.55
1060,31,6,47.21529797745185,-74.40257568564788,631.88
1061,31,7,50.67384281086326,-59.09041171750317,633.919
1062,31,8,51.881167539122224,-42.20330516449649,635.483
1063,31,9,50.62688184522484,-25.339904490551632,636.483
1064,31,10,47.13405970746372,-10.084308149112973,636.925
1065,31,11,41.90370916183764,2.870271525812203,636.905
1066,31,12,35.462786133002254,13.647154240018711,636.594
1067,31,13,28.20823560230932,22.73815224700496,636.205
1068,31,14,20.434978307930812,30.62852850262897,635.958
1069,31,15,12.34462777378717,37.73932233431336,636.049
1070,31,16,4.084428364231884,44.41509800266504,636.612
1071,31,17,-4.227079853255362,50.951554887421395,637.703
1072,31,18,-12.472608443360285,57.621511234600234,639.281
1073,31,19,-20.549594004845503,64.73262608517561,641.22
1074,31,20,-28.303629439352303,72.62219125583567,643.313
1075,31,21,-35.53442798720652,81.70912956913399,645.304
1076,31,22,-41.954853618342696,92.48586351328265,646.918
1077,31,23,-47.15500789764815,105.40483847928161,647.9
1078,31,24,-50.6305120907687,120.618039836542,648.051
1079,31,25,-51.88111631270345,137.42553711967759,647.255
1080,31,26,-50.686253264585176,154.25983606511633,645.498
1081,31,27,-47.25244737634755,169.53712508735893,642.876
1082,31,28,-42.068692381239295,-177.46062263781565,639.587
1083,31,29,-35.65755580737434,-166.63178118048896,635.913
1084,31,30,-28.416221692725376,-157.49417652392748,632.172
1085,31,31,-20.641391747290474,-149.56469572775785,628.705
1086,31,32,-12.536723429099194,-142.4211647993816,625.818
1087,31,33,-4.251599805488885,-135.71697895917725,623.753
1088,32,0,-0.07574336946064318,-121.8424605282935,623.078
1089,32,1,8.24908583800203,-115.25134163960954,622.489
1090,32,2,16.471194136329803,-108.36887420168951,622.886
1091,32,3,24.44993596434085,-100.88243362603276,624.145
1092,32,4,32.01166571521865,-92.4087984888774,626.056
1093,32,5,38.912045324237035,-82.48258019074625,628.351
1094,32,6,44.79584348285282,-70.60882907343434,630.737
1095,32,7,49.19997336533913,-56.415658412107405,632.95
1096,32,8,51.58245604596089,-40.15989356484168,634.769
1097,32,9,51.55688723280294,-23.056949618968012,636.056
1098,32,10,49.13045911506133,-6.8461137560626355,636.77
1099,32,11,44.69919289100255,7.281939589264687,636.963
1100,32,12,38.806512071371166,19.092757343564095,636.773
1101,32,13,31.912498198659232,28.966705911524432,636.395
1102,32,14,24.368540600001808,37.398786177769445,636.051
1103,32,15,16.41547516062813,44.85165978875016,635.952
1104,32,16,8.224027581484545,51.70547458310199,636.266
1105,32,17,-0.07570047400502565,58.27636245146437,637.093
1106,32,18,-8.364074634000133,64.84141733827558,638.437
1107,32,19,-16.54519923598689,71.69607224589531,640.218
1108,32,20,-24.481539249630497,79.14960497013094,642.264
1109,32,21,-32.0033397146204,87.58077682121633,644.34
1110,32,22,-38.871296415648736,97.4492527001042,646.176
1111,32,23,-44.73690578050478,109.24507818917543,647.502
1112,32,24,-49.144727380237484,123.34215150397486,648.089
1113,32,25,-51.55786394985426,139.50396368411248,647.775
1114,32,26,-51.585580857506166,156.5501077768483,646.492
1115,32,27,-49.22036489510621,172.7594853943659,644.284
1116,32,28,-44.84287958057211,-173.0743980962385,641.298
1117,32,29,-38.98853661275201,-161.21184848916542,637.779
1118,32,30,-32.11585342081802,-151.2879661157304,634.028
1119,32,31,-24.577453888597695,-142.8130673935786,630.383
1120,32,32,-16.61617514674708,-135.32448896871162,627.171
1121,32,33,-8.404833787872183,-128.4403822853908,624.67
1122,33,0,4.093140270518235,-107.9742873431487,622.657
1123,33,1,12.377712356353067,-101.27777180538227,622.57
1124,33,2,20.49680176520318,-94.13680219794477,623.418
1125,33,3,28.292561117802297,-86.21019008122656,625.034
1126,33,4,35.56027000793126,-77.07389682098571,627.172
1127,33,5,42.00694747114238,-66.22970792859402,629.55
1128,33,6,47.21529797745185,-53.222596201545215,631.88
1129,33,7,50.67384281086326,-37.91043223340051,633.919
1130,33,8,51.881167539122224,-21.02332568039383,635.483
1131,33,9,50.62688184522484,-4.159925433335797,636.483
1132,33,10,47.13405970746372,11.095671334989687,636.925
1133,33,11,41.90370916183764,24.050250369584628,636.905
1134,33,12,35.462786133002254,34.827134577895016,636.594
1135,33,13,28.20823560230932,43.91813343865491,636.205
1136,33,14,20.434978307930812,51.80850798673163,635.958
1137,33,15,12.34462777378717,58.91930181841602,636.049
1138,33,16,4.084428364231884,65.59507407167311,636.612
1139,33,17,-4.227079853255362,72.13153778661864,637.703
1140,33,18,-12.472608443360285,78.8014907187029,639.281
1141,33,19,-20.549594004845503,85.91260556927827,641.22
1142,33,20,-28.303629439352303,93.80217073993833,643.313
1143,33,21,-35.53442798720652,102.88910905323665,645.304
1144,33,22,-41.954853618342696,113.66584299738531,646.918
1145,33,23,-47.15500789764815,126.58481113319509,647.9
1146,33,24,-50.6305120907687,141.79801932064467,648.051
1147,33,25,-51.88111631270345,158.60551660378025,647.255
1148,33,26,-50.686253264585176,175.439815549219,645.498
1149,33,27,-47.25244737634755,-169.28289178607272,642.876
1150,33,28,-42.068692381239295,-156.280643153713,639.587
1151,33,29,-35.65755580737434,-145.4518016963863,635.913
1152,33,30,-28.416221692725376,-136.31419703982482,632.172
1153,33,31,-20.641391747290474,-128.3847162436552,628.705
1154,33,32,-12.536723429099194,-121.24118531527894,625.818
1155,33,33,-4.251599805488885,-114.53700630526376,623.753
