0,0,0,-0.07938015837909068,-100.66289768573021,502.867
1,0,1,7.1123809968927665,-95.2040329161376,502.294
2,0,2,14.239714131652336,-89.57043141700855,502.454
3,0,3,21.2274373460032,-83.57117574066288,503.282
4,0,4,27.982837652151606,-76.9835197578881,504.665
5,0,5,34.383339621478854,-69.53827888330488,506.448
6,0,6,40.26034515696506,-60.91488501840781,508.457
7,0,7,45.38097895885864,-50.76943472339217,510.508
8,0,8,49.43809425037329,-38.841783168245115,512.432
9,0,9,52.0752781002394,-25.183460715159782,514.086
10,0,10,52.98067090114337,-10.412375795327026,515.369
11,0,11,52.02915041767972,4.338408521631985,516.23
12,0,12,49.355196244416845,17.94605908192546,516.669
13,0,13,45.27538081919566,29.812491651541695,516.737
14,0,14,40.146110243096594,39.900445414124164,516.529
15,0,15,34.272294405952785,48.47543372837335,516.167
16,0,16,27.88416190921243,55.881445411458614,515.793
17,0,17,21.147956142179055,62.43719075043108,515.547
18,0,18,14.184215429551399,68.40972672674367,515.552
19,0,19,7.083916610413562,74.01985286569538,515.9
20,0,20,-0.07933461489114844,79.45678589786309,516.641
21,0,21,-7.239924534359,84.89410825081347,517.777
22,0,22,-14.332342595855112,90.50535454078907,519.259
23,0,23,-21.28319388774531,96.4794546304216,520.989
24,0,24,-28.001917785598035,103.03662064874142,522.834
25,0,25,-34.36861714872289,110.4426972186238,524.63
26,0,26,-40.21818922940774,119.01425677790964,526.203
27,0,27,-45.32219835086151,129.09161350199483,527.385
28,0,28,-49.378743321580465,140.93559865490383,528.029
29,0,29,-52.03562543701289,154.5056272525884,528.026
30,0,30,-52.98067431623795,169.20702204477223,527.313
31,0,31,-52.08143210068158,-176.0714851040401,525.889
32,0,32,-49.46111198787623,-162.4512136348209,523.806
33,0,33,-45.42721592444504,-150.54642613792046,521.175
34,0,34,-40.3319016338047,-140.41183242859057,518.154
35,0,35,-34.479273043466264,-131.79202441300777,514.935
36,0,36,-28.10033398134875,-124.34674938747868,511.728
37,0,37,-21.362564100995442,-117.7577068763024,508.744
38,0,38,-14.38784129795605,-111.75688025644762,506.174
39,0,39,-7.268460210937667,-106.12215860629469,504.179
40,1,0,3.5202679722803474,-88.94417820219925,502.487
41,1,1,10.688510951960533,-83.42045395624821,502.285
42,1,2,17.756283983383945,-77.6294985590204,502.79
43,1,3,24.64096611014235,-71.36649512787469,503.913
44,1,4,31.23669196142149,-64.3870116829838,505.517
45,1,5,37.40012489484677,-56.395523014434204,507.436
46,1,6,42.93269765086757,-47.052695078975944,509.488
47,1,7,47.56430356856657,-36.03591072135261,511.495
48,1,8,50.95634285002957,-23.205531846625178,513.3
49,1,9,52.75820480968688,-8.873914104595736,514.778
50,1,10,52.73448356269943,6.04388925502442,515.853
51,1,11,50.89023344905302,20.33769763112961,516.5
52,1,12,47.46821646732283,33.10976547336535,516.744
53,1,13,42.82113675605917,44.06602410965861,516.66
54,1,14,37.28617684892344,53.35566536204999,516.358
55,1,15,31.130844519853802,61.30350229161402,515.973
56,1,16,24.5511679055769,68.24768731887428,515.646
57,1,17,17.688308233216688,74.4816282951016,515.512
58,1,18,10.646248302697433,80.24771497356139,515.679
59,1,19,3.5059685443661026,85.74893374619725,516.22
60,1,20,-3.663963199586368,91.16472734288377,517.162
61,1,21,-10.79895937970787,96.66673158727417,518.48
62,1,22,-17.830596441553684,102.43420479413547,520.101
63,1,23,-24.67821113168643,108.66975086481774,521.907
64,1,24,-31.238314131349366,115.61487162799429,523.749
65,1,25,-37.3706423832944,123.56138691595393,525.455
66,1,26,-42.88054574145994,132.84454290372838,526.853
67,1,27,-47.502910413211914,143.78488036906634,527.782
68,1,28,-50.90417386514902,156.52704905821037,528.113
69,1,29,-52.736180864708174,170.77633996885268,527.76
70,1,30,-52.759734772060966,-174.3570803016102,526.688
71,1,31,-50.96983930382952,-160.07033263355953,524.924
72,1,32,-47.59842719365996,-147.2703122421455,522.55
73,1,33,-42.991539730567226,-136.26977348946306,519.702
74,1,34,-37.484125976354164,-126.93362889410764,516.556
75,1,35,-31.34384396912065,-118.94356432000001,513.317
76,1,36,-24.767823213596998,-111.96315879957118,510.195
77,1,37,-17.89852096530217,-105.698570764538,507.396
78,1,38,-10.84126301010599,-99.90622200871952,505.097
79,1,39,-3.678351419959823,-94.38171229101391,503.433
80,2,0,-0.07938015837909068,-82.66289718483458,502.867
81,2,1,7.1123809968927665,-77.20403241524197,502.294
82,2,2,14.239714131652336,-71.57043091611293,502.454
83,2,3,21.2274373460032,-65.57117523976724,503.282
84,2,4,27.982837652151606,-58.98351925699247,504.665
85,2,5,34.383339621478854,-51.538274967314656,506.448
86,2,6,40.26034515696506,-42.91488793260676,508.457
87,2,7,45.38097895885864,-32.76943422249654,510.508
88,2,8,49.43809425037329,-20.841782667349477,512.432
89,2,9,52.0752781002394,-7.183460214264151,514.086
90,2,10,52.98067090114337,7.587624705568608,515.369
91,2,11,52.02915041767972,22.338408595640797,516.23
92,2,12,49.355196244416845,35.94605958282109,516.669
93,2,13,45.27538081919566,47.81249215243733,516.737
94,2,14,40.146110243096594,57.900449330114384,516.529
95,2,15,34.272294405952785,66.47543764436357,516.167
96,2,16,27.88416190921243,73.88144591235425,515.793
97,2,17,21.147956142179055,80.43719125132671,515.547
98,2,18,14.184215429551399,86.40972722763931,515.552
99,2,19,7.083916610413562,92.01985336659102,515.9
100,2,20,-0.07933461489114844,97.45678639875872,516.641
101,2,21,-7.239924534359,102.89410875170911,517.777
102,2,22,-14.332342595855112,108.50535504168471,519.259
103,2,23,-21.28319388774531,114.47945513131722,520.989
104,2,24,-28.001917785598035,121.03662114963706,522.834
105,2,25,-34.36861714872289,128.4427045497086,524.63
106,2,26,-40.21818922940774,137.0142504486161,526.203
107,2,27,-45.32219835086151,147.09162083307965,527.385
108,2,28,-49.378743321580465,158.9355923256103,528.029
109,2,29,-52.03562543701289,172.5056345836732,528.026
110,2,30,-52.98067431623795,-172.7929669816773,527.313
111,2,31,-52.08143210068158,-158.07149143333365,525.889
112,2,32,-49.46111198787623,-144.45120630373611,523.806
113,2,33,-45.42721592444504,-132.54641880683567,521.175
114,2,34,-40.3319016338047,-122.41182509750577,518.154
115,2,35,-34.479273043466264,-113.79201708192295,514.935
116,2,36,-28.10033398134875,-106.34675571677221,511.728
117,2,37,-21.362564100995442,-99.75769954521759,508.744
118,2,38,-14.38784129795605,-93.75687975555198,506.174
119,2,39,-7.268460210937667,-88.12215810539905,504.179
120,3,0,3.5202679722803474,-70.94417770130362,502.487
121,3,1,10.688510951960533,-65.42045345535257,502.285
122,3,2,17.756283983383945,-59.62949805812477,502.79
123,3,3,24.64096611014235,-53.36649462697905,503.913
124,3,4,31.23669196142149,-46.38700776699357,505.517
125,3,5,37.40012489484677,-38.39552251353857,507.436
126,3,6,42.93269765086757,-29.052694578080306,509.488
127,3,7,47.56430356856657,-18.035908512909682,511.495
128,3,8,50.95634285002957,-5.205530918842722,513.3
129,3,9,52.75820480968688,9.126086396299899,514.778
130,3,10,52.73448356269943,24.043889755920056,515.853
131,3,11,50.89023344905302,38.337698132025245,516.5
132,3,12,47.46821646732283,51.10976597426099,516.744
133,3,13,42.82113675605917,62.06602461055425,516.66
134,3,14,37.28617684892344,71.35566927804021,516.358
135,3,15,31.130844519853802,79.30350279250966,515.973
136,3,16,24.5511679055769,86.24768781976992,515.646
137,3,17,17.688308233216688,92.48162879599724,515.512
138,3,18,10.646248302697433,98.24771547445702,515.679
139,3,19,3.5059685443661026,103.74893424709289,516.22
140,3,20,-3.663963199586368,109.16472784377939,517.162
141,3,21,-10.79895937970787,114.66673208816981,518.48
142,3,22,-17.830596441553684,120.43419846484193,520.101
143,3,23,-24.67821113168643,126.66975136571337,521.907
144,3,24,-31.238314131349366,133.61486529870075,523.749
145,3,25,-37.3706423832944,141.5613805866604,525.455
146,3,26,-42.88054574145994,150.84453657443484,526.853
147,3,27,-47.502910413211914,161.78488770015116,527.782
148,3,28,-50.90417386514902,174.52705638929515,528.113
149,3,29,-52.736180864708174,-171.22366271797517,527.76
150,3,30,-52.759734772060966,-156.35707297052542,526.688
151,3,31,-50.96983930382952,-142.07033896285307,524.924
152,3,32,-47.59842719365996,-129.27030491106072,522.55
153,3,33,-42.991539730567226,-118.26976615837825,519.702
154,3,34,-37.484125976354164,-108.93362156302284,516.556
155,3,35,-31.34384396912065,-100.9435569889152,513.317
156,3,36,-24.767823213596998,-93.96315829867554,510.195
157,3,37,-17.89852096530217,-87.69857026364237,507.396
158,3,38,-10.84126301010599,-81.90622150782389,505.097
159,3,39,-3.678351419959823,-76.38171179011829,503.433
160,4,0,-0.07938015837909068,-64.66289668393894,502.867
161,4,1,7.1123809968927665,-59.20403191434634,502.294
162,4,2,14.239714131652336,-53.57043383031187,502.454
163,4,3,21.2274373460032,-47.57117473887161,503.282
164,4,4,27.982837652151606,-40.98351875609684,504.665
165,4,5,34.383339621478854,-33.538274466419026,506.448
166,4,6,40.26034515696506,-24.914887431711126,508.457
167,4,7,45.38097895885864,-14.769433721600908,510.508
168,4,8,49.43809425037329,-2.8417815261236106,512.432
169,4,9,52.0752781002394,10.816540286631483,514.086
170,4,10,52.98067090114337,25.587625206464242,515.369
171,4,11,52.02915041767972,40.33841080408372,516.23
172,4,12,49.355196244416845,53.94606008371672,516.669
173,4,13,45.27538081919566,65.81249265333297,516.737
174,4,14,40.146110243096594,75.90044983101002,516.529
175,4,15,34.272294405952785,84.4754381452592,516.167
176,4,16,27.88416190921243,91.88144641324988,515.793
177,4,17,21.147956142179055,98.43719175222235,515.547
178,4,18,14.184215429551399,104.40972772853493,515.552
179,4,19,7.083916610413562,110.01985386748665,515.9
180,4,20,-0.07933461489114844,115.45679372984353,516.641
181,4,21,-7.239924534359,120.89411608279391,517.777
182,4,22,-14.332342595855112,126.50534871239117,519.259
183,4,23,-21.28319388774531,132.47945563221285,520.989
184,4,24,-28.001917785598035,139.03662848072187,522.834
185,4,25,-34.36861714872289,146.44269822041505,524.63
186,4,26,-40.21818922940774,155.0142577797009,526.203
187,4,27,-45.32219835086151,165.0916145037861,527.385
188,4,28,-49.378743321580465,176.9355996566951,528.029
189,4,29,-52.03562543701289,-169.49436810315467,528.026
190,4,30,-52.98067431623795,-154.79297331097084,527.313
191,4,31,-52.08143210068158,-140.07148410224883,525.889
192,4,32,-49.46111198787623,-126.45121263302964,523.806
193,4,33,-45.42721592444504,-114.54641830594004,521.175
194,4,34,-40.3319016338047,-104.4118314267993,518.154
195,4,35,-34.479273043466264,-95.79201658102733,514.935
196,4,36,-28.10033398134875,-88.34675521587658,511.728
197,4,37,-21.362564100995442,-81.75769904432195,508.744
198,4,38,-14.38784129795605,-75.75687925465634,506.174
199,4,39,-7.268460210937667,-70.12215760450341,504.179
200,5,0,3.5202679722803474,-52.94417720040799,502.487
201,5,1,10.688510951960533,-47.420452954456934,502.285
202,5,2,17.756283983383945,-41.629497557229136,502.79
203,5,3,24.64096611014235,-35.36649412608342,503.913
204,5,4,31.23669196142149,-28.38700726609794,505.517
205,5,5,37.40012489484677,-20.395523720190234,507.436
206,5,6,42.93269765086757,-11.052694077184674,509.488
207,5,7,47.56430356856657,-0.03590867568965736,511.495
208,5,8,50.95634285002957,12.794469155166087,513.3
209,5,9,52.75820480968688,27.126087750969177,514.778
210,5,10,52.73448356269943,42.04389196436298,515.853
211,5,11,50.89023344905302,56.337698632920876,516.5
212,5,12,47.46821646732283,69.10976647515662,516.744
213,5,13,42.82113675605917,80.06602511144987,516.66
214,5,14,37.28617684892344,89.35566977893585,516.358
215,5,15,31.130844519853802,97.30350329340529,515.973
216,5,16,24.5511679055769,104.24768832066556,515.646
217,5,17,17.688308233216688,110.48162929689288,515.512
218,5,18,10.646248302697433,116.24771597535266,515.679
219,5,19,3.5059685443661026,121.74894157817769,516.22
220,5,20,-3.663963199586368,127.16473517486419,517.162
221,5,21,-10.79895937970787,132.66672575887628,518.48
222,5,22,-17.830596441553684,138.43420579592674,520.101
223,5,23,-24.67821113168643,144.66974503641984,521.907
224,5,24,-31.238314131349366,151.61487262978557,523.749
225,5,25,-37.3706423832944,159.5613879177452,525.455
226,5,26,-42.88054574145994,168.84454390551966,526.853
227,5,27,-47.502910413211914,179.78488137085762,527.782
228,5,28,-50.90417386514902,-167.4729462975327,528.113
229,5,29,-52.736180864708174,-153.22365538689036,527.76
230,5,30,-52.759734772060966,-138.35707929981896,526.688
231,5,31,-50.96983930382952,-124.07033163176825,524.924
232,5,32,-47.59842719365996,-111.27030441016508,522.55
233,5,33,-42.991539730567226,-100.26976565748262,519.702
234,5,34,-37.484125976354164,-90.93362106212722,516.556
235,5,35,-31.34384396912065,-82.94355648801957,513.317
236,5,36,-24.767823213596998,-75.9631577977799,510.195
237,5,37,-17.89852096530217,-69.69856976274674,507.396
238,5,38,-10.84126301010599,-63.906221006928256,505.097
239,5,39,-3.678351419959823,-58.38171128922265,503.433
240,6,0,-0.07938015837909068,-46.662896183043316,502.867
241,6,1,7.1123809968927665,-41.20403482854529,502.294
242,6,2,14.239714131652336,-35.57043332941624,502.454
243,6,3,21.2274373460032,-29.571174237975974,503.282
244,6,4,27.982837652151606,-22.983518255201208,504.665
245,6,5,34.383339621478854,-15.538273965523393,506.448
246,6,6,40.26034515696506,-6.914886503928671,508.457
247,6,7,45.38097895885864,3.2305659255210797,510.508
248,6,8,49.43809425037329,15.158218334441788,512.432
249,6,9,52.0752781002394,28.816540787527117,514.086
250,6,10,52.98067090114337,43.58762399981258,515.369
251,6,11,52.02915041767972,58.33840788988477,516.23
252,6,12,49.355196244416845,71.94605716951777,516.669
253,6,13,45.27538081919566,83.81249315422859,516.737
254,6,14,40.146110243096594,93.90045033190565,516.529
255,6,15,34.272294405952785,102.47543864615484,516.167
256,6,16,27.88416190921243,109.88144691414551,515.793
257,6,17,21.147956142179055,116.4371854229288,515.547
258,6,18,14.184215429551399,122.40973505961973,515.552
259,6,19,7.083916610413562,128.01984753819312,515.9
260,6,20,-0.07933461489114844,133.45678740054998,516.641
261,6,21,-7.239924534359,138.89410975350037,517.777
262,6,22,-14.332342595855112,144.50535604347598,519.259
263,6,23,-21.28319388774531,150.47946296329766,520.989
264,6,24,-28.001917785598035,157.03662215142833,522.834
265,6,25,-34.36861714872289,164.44270555149987,524.63
266,6,26,-40.21818922940774,173.0142514504074,526.203
267,6,27,-45.32219835086151,-176.90838818304175,527.385
268,6,28,-49.378743321580465,-165.06440303013278,528.029
269,6,29,-52.03562543701289,-151.49436077206985,528.026
270,6,30,-52.98067431623795,-136.79296597988602,527.313
271,6,31,-52.08143210068158,-122.07149043154237,525.889
272,6,32,-49.46111198787623,-108.45120530194484,523.806
273,6,33,-45.42721592444504,-96.5464178050444,521.175
274,6,34,-40.3319016338047,-86.41183092590367,518.154
275,6,35,-34.479273043466264,-77.79201608013169,514.935
276,6,36,-28.10033398134875,-70.34675471498095,511.728
277,6,37,-21.362564100995442,-63.75769854342633,508.744
278,6,38,-14.38784129795605,-57.75687875376072,506.174
279,6,39,-7.268460210937667,-52.1221536885132,504.179
280,7,0,3.5202679722803474,-34.944180114606944,502.487
281,7,1,10.688510951960533,-29.42045586865589,502.285
282,7,2,17.756283983383945,-23.629500471428088,502.79
283,7,3,24.64096611014235,-17.366497040282365,503.913
284,7,4,31.23669196142149,-10.387011034070538,505.517
285,7,5,37.40012489484677,-2.3955262075023613,507.436
286,7,6,42.93269765086757,6.947303008616375,509.488
287,7,7,47.56430356856657,17.964089073786997,511.495
288,7,8,50.95634285002957,30.794467948514427,513.3
289,7,9,52.75820480968688,45.126083129222934,514.778
290,7,10,52.73448356269943,60.043885635069444,515.853
291,7,11,50.89023344905302,74.33769571872193,516.5
292,7,12,47.46821646732283,87.10976014586308,516.744
293,7,13,42.82113675605917,98.06601878215635,516.66
294,7,14,37.28617684892344,107.35566344964231,516.358
295,7,15,31.130844519853802,115.30349696411176,515.973
296,7,16,24.5511679055769,122.24768199137202,515.646
297,7,17,17.688308233216688,128.48162296759935,515.512
298,7,18,10.646248302697433,134.24770964605912,515.679
299,7,19,3.5059685443661026,139.74893524888415,516.22
300,7,20,-3.663963199586368,145.16472884557066,517.162
301,7,21,-10.79895937970787,150.66673308996107,518.48
302,7,22,-17.830596441553684,156.4341994666332,520.101
303,7,23,-24.67821113168643,162.66975236750463,521.907
304,7,24,-31.238314131349366,169.61486630049203,523.749
305,7,25,-37.3706423832944,177.56138158845167,525.455
306,7,26,-42.88054574145994,-173.15547244168656,526.853
307,7,27,-47.502910413211914,-162.21512131597026,527.782
308,7,28,-50.90417386514902,-149.47295262682624,528.113
309,7,29,-52.736180864708174,-135.2236617161839,527.76
310,7,30,-52.759734772060966,-120.35708562911249,526.688
311,7,31,-50.96983930382952,-106.0703379610618,524.924
312,7,32,-47.59842719365996,-93.27031073945861,522.55
313,7,33,-42.991539730567226,-82.26977198677615,519.702
314,7,34,-37.484125976354164,-72.93362739142074,516.556
315,7,35,-31.34384396912065,-64.94356281731311,513.317
316,7,36,-24.767823213596998,-57.96316412707344,510.195
317,7,37,-17.89852096530217,-51.69857267694569,507.396
318,7,38,-10.84126301010599,-45.90622392112721,505.097
319,7,39,-3.678351419959823,-40.3817142034216,503.433
320,8,0,-0.07938015837909068,-28.662895682147678,502.867
321,8,1,7.1123809968927665,-23.204034327649655,502.294
322,8,2,14.239714131652336,-17.570431120973314,502.454
323,8,3,21.2274373460032,-11.571174590853987,503.282
324,8,4,27.982837652151606,-4.98351860807922,504.665
325,8,5,34.383339621478854,2.4617261084854176,506.448
326,8,6,40.26034515696506,11.08511357008014,508.457
327,8,7,45.38097895885864,21.23056728019036,510.508
328,8,8,49.43809425037329,33.15821883533742,512.432
329,8,9,52.0752781002394,46.81654128842275,514.086
330,8,10,52.98067090114337,61.587624500708216,515.369
331,8,11,52.02915041767972,76.3384083907804,516.23
332,8,12,49.355196244416845,89.94605767041341,516.669
333,8,13,45.27538081919566,101.81249365512423,516.737
334,8,14,40.146110243096594,111.90045083280128,516.529
335,8,15,34.272294405952785,120.47543914705047,516.167
336,8,16,27.88416190921243,127.88144058485197,515.793
337,8,17,21.147956142179055,134.4371927540136,515.547
338,8,18,14.184215429551399,140.4097287303262,515.552
339,8,19,7.083916610413562,146.0198548692779,515.9
340,8,20,-0.07933461489114844,151.4567947316348,516.641
341,8,21,-7.239924534359,156.8941170845852,517.777
342,8,22,-14.332342595855112,162.50534971418244,519.259
343,8,23,-21.28319388774531,168.47945663400412,520.989
344,8,24,-28.001917785598035,175.03662948251312,522.834
345,8,25,-34.36861714872289,-177.55729713532799,524.63
346,8,26,-40.21818922940774,-168.98573757604214,526.203
347,8,27,-45.32219835086151,-158.90838085195696,527.385
348,8,28,-49.378743321580465,-147.06440935942632,528.029
349,8,29,-52.03562543701289,-133.4943671013634,528.026
350,8,30,-52.98067431623795,-118.79297230917958,527.313
351,8,31,-52.08143210068158,-104.07148993064673,525.889
352,8,32,-49.46111198787623,-90.45120480104922,523.806
353,8,33,-45.42721592444504,-78.54641730414876,521.175
354,8,34,-40.3319016338047,-68.41183042500803,518.154
355,8,35,-34.479273043466264,-59.79201557923605,514.935
356,8,36,-28.10033398134875,-52.346754214085315,511.728
357,8,37,-21.362564100995442,-45.75770145762528,508.744
358,8,38,-14.38784129795605,-39.75687825286508,506.174
359,8,39,-7.268460210937667,-34.12215318761756,504.179
360,9,0,3.5202679722803474,-16.944179613711306,502.487
361,9,1,10.688510951960533,-11.420453660212964,502.285
362,9,2,17.756283983383945,-5.629500824306101,502.79
363,9,3,24.64096611014235,0.6335029270047388,503.913
364,9,4,31.23669196142149,7.612989466825096,505.517
365,9,5,37.40012489484677,15.60447386650645,507.436
366,9,6,42.93269765086757,24.947303509512007,509.488
367,9,7,47.56430356856657,35.96408786713534,511.495
368,9,8,50.95634285002957,48.79446844941006,513.3
369,9,9,52.75820480968688,63.126083630118565,514.778
370,9,10,52.73448356269943,78.04388613596508,515.853
371,9,11,50.89023344905302,92.33769621961756,516.5
372,9,12,47.46821646732283,105.10976064675872,516.744
373,9,13,42.82113675605917,116.06601928305197,516.66
374,9,14,37.28617684892344,125.35566395053795,516.358
375,9,15,31.130844519853802,133.30350429519655,515.973
376,9,16,24.5511679055769,140.24768932245684,515.646
377,9,17,17.688308233216688,146.48163029868414,515.512
378,9,18,10.646248302697433,152.24771697714394,515.679
379,9,19,3.5059685443661026,157.7489289195906,516.22
380,9,20,-3.663963199586368,163.16472251627712,517.162
381,9,21,-10.79895937970787,168.66672676066753,518.48
382,9,22,-17.830596441553684,174.434206797718,520.101
383,9,23,-24.67821113168643,-179.33025031932323,521.907
384,9,24,-31.238314131349366,-172.38513638633583,523.749
385,9,25,-37.3706423832944,-164.43862109837622,525.455
386,9,26,-42.88054574145994,-155.15546511060174,526.853
387,9,27,-47.502910413211914,-144.21511398488545,527.782
388,9,28,-50.90417386514902,-131.47294529574145,528.113
389,9,29,-52.736180864708174,-117.2236543850991,527.76
390,9,30,-52.759734772060966,-102.35707829802769,526.688
391,9,31,-50.96983930382952,-88.07033746016616,524.924
392,9,32,-47.59842719365996,-75.27031023856298,522.55
393,9,33,-42.991539730567226,-64.26977148588053,519.702
394,9,34,-37.484125976354164,-54.93362689052511,516.556
395,9,35,-31.34384396912065,-46.943558901322895,513.317
396,9,36,-24.767823213596998,-39.9631636261778,510.195
397,9,37,-17.89852096530217,-33.69857217605006,507.396
398,9,38,-10.84126301010599,-27.906223420231573,505.097
399,9,39,-3.678351419959823,-22.381713702525968,503.433
400,10,0,-0.07938015837909068,-10.662895181252047,502.867
401,10,1,7.1123809968927665,-5.204032972980374,502.294
402,10,2,14.239714131652336,0.4295688996746434,502.454
403,10,3,21.2274373460032,6.428825483154823,503.282
404,10,4,27.982837652151606,13.016481892816413,504.665
405,10,5,34.383339621478854,20.461727036267874,506.448
406,10,6,40.26034515696506,29.085114070975774,508.457
407,10,7,45.38097895885864,39.230567781085995,510.508
408,10,8,49.43809425037329,51.15821933623305,512.432
409,10,9,52.0752781002394,64.81654178931838,514.086
410,10,10,52.98067090114337,79.58762500160385,515.369
411,10,11,52.02915041767972,94.33840889167604,516.23
412,10,12,49.355196244416845,107.94605817130903,516.669
413,10,13,45.27538081919566,119.81250098620903,516.737
414,10,14,40.146110243096594,129.90044450350774,516.529
415,10,15,34.272294405952785,138.47543281775694,516.167
416,10,16,27.88416190921243,145.88144791593677,515.793
417,10,17,21.147956142179055,152.43718642472007,515.547
418,10,18,14.184215429551399,158.409736061411,515.552
419,10,19,7.083916610413562,164.0198485399844,515.9
420,10,20,-0.07933461489114844,169.45678840234126,516.641
421,10,21,-7.239924534359,174.89411075529165,517.777
422,10,22,-14.332342595855112,-179.49463931226708,519.259
423,10,23,-21.28319388774531,-173.52054605282373,520.989
424,10,24,-28.001917785598035,-166.96337320431473,522.834
425,10,25,-34.36861714872289,-159.55730346462153,524.63
426,10,26,-40.21818922940774,-150.98574390533568,526.203
427,10,27,-45.32219835086151,-140.9083871812505,527.385
428,10,28,-49.378743321580465,-129.0644020283415,528.029
429,10,29,-52.03562543701289,-115.49435977027859,528.026
430,10,30,-52.98067431623795,-100.79297180828394,527.313
431,10,31,-52.08143210068158,-86.0714894297511,525.889
432,10,32,-49.46111198787623,-72.45120430015358,523.806
433,10,33,-45.42721592444504,-60.54641680325313,521.175
434,10,34,-40.3319016338047,-50.411826509017814,518.154
435,10,35,-34.479273043466264,-41.792018493435,514.935
436,10,36,-28.10033398134875,-34.34675371318968,511.728
437,10,37,-21.362564100995442,-27.75769924918235,508.744
438,10,38,-14.38784129795605,-21.756877751969448,506.174
439,10,39,-7.268460210937667,-16.122152686721932,504.179
440,11,0,3.5202679722803474,1.055820460297503,502.487
441,11,1,10.688510951960533,6.579546840682671,502.285
442,11,2,17.756283983383945,12.370499676589533,502.79
443,11,3,24.64096611014235,18.6335039615089,503.913
444,11,4,31.23669196142149,25.612990821494375,505.517
445,11,5,37.40012489484677,33.604476074949375,507.436
446,11,6,42.93269765086757,42.94730401040764,509.488
447,11,7,47.56430356856657,53.96408836803097,511.495
448,11,8,50.95634285002957,66.7944689503057,513.3
449,11,9,52.75820480968688,81.1260841310142,514.778
450,11,10,52.73448356269943,96.0438866368607,515.853
451,11,11,50.89023344905302,110.3376967205132,516.5
452,11,12,47.46821646732283,123.10976114765435,516.744
453,11,13,42.82113675605917,134.06602661413677,516.66
454,11,14,37.28617684892344,143.35567128162273,516.358
455,11,15,31.130844519853802,151.30349796590303,515.973
456,11,16,24.5511679055769,158.2476829931633,515.646
457,11,17,17.688308233216688,164.4816239693906,515.512
458,11,18,10.646248302697433,170.2477106478504,515.679
459,11,19,3.5059685443661026,175.74893625067543,516.22
460,11,20,-3.663963199586368,-178.8352665101724,517.162
461,11,21,-10.79895937970787,-173.33327592616033,518.48
462,11,22,-17.830596441553684,-167.56579588910986,520.101
463,11,23,-24.67821113168643,-161.33025664861677,521.907
464,11,24,-31.238314131349366,-154.38512905525104,523.749
465,11,25,-37.3706423832944,-146.4386137672914,525.455
466,11,26,-42.88054574145994,-137.15547143989528,526.853
467,11,27,-47.502910413211914,-126.21512031417899,527.782
468,11,28,-50.90417386514902,-113.47295162503498,528.113
469,11,29,-52.736180864708174,-99.22366071439264,527.76
470,11,30,-52.759734772060966,-84.35707779713205,526.688
471,11,31,-50.96983930382952,-70.07033695927053,524.924
472,11,32,-47.59842719365996,-57.27030632257276,522.55
473,11,33,-42.991539730567226,-46.269767569890305,519.702
474,11,34,-37.484125976354164,-36.93362638962948,516.556
475,11,35,-31.34384396912065,-28.943558400427257,513.317
476,11,36,-24.767823213596998,-21.96316141773488,510.195
477,11,37,-17.89852096530217,-15.69856996760713,507.396
478,11,38,-10.84126301010599,-9.906222065562293,505.097
479,11,39,-3.678351419959823,-4.381713201630335,503.433
480,12,0,-0.07938015837909068,7.337105319643587,502.867
481,12,1,7.1123809968927665,12.79596752791526,502.294
482,12,2,14.239714131652336,18.429569880817954,502.454
483,12,3,21.2274373460032,24.428825557163634,503.282
484,12,4,27.982837652151606,31.01648324748569,504.665
485,12,5,34.383339621478854,38.461727537163505,506.448
486,12,6,40.26034515696506,47.08511457187141,508.457
487,12,7,45.38097895885864,57.230568281981625,510.508
488,12,8,49.43809425037329,69.15821983712868,512.432
489,12,9,52.0752781002394,82.81654229021402,514.086
490,12,10,52.98067090114337,97.58762550249948,515.369
491,12,11,52.02915041767972,112.33840939257166,516.23
492,12,12,49.355196244416845,125.94606550239385,516.669
493,12,13,45.27538081919566,137.8124946569155,516.737
494,12,14,40.146110243096594,147.90045183459256,516.529
495,12,15,34.272294405952785,156.47544014884173,516.167
496,12,16,27.88416190921243,163.88144158664323,515.793
497,12,17,21.147956142179055,170.43719375580488,515.547
498,12,18,14.184215429551399,176.40972973211748,515.552
499,12,19,7.083916610413562,-177.98014048646513,515.9
500,12,20,-0.07933461489114844,-172.54321428448662,516.641
501,12,21,-7.239924534359,-167.10589193153623,517.777
502,12,22,-14.332342595855112,-161.49464564156062,519.259
503,12,23,-21.28319388774531,-155.52053872173894,520.989
504,12,24,-28.001917785598035,-148.96337953360828,522.834
505,12,25,-34.36861714872289,-141.55729613353674,524.63
506,12,26,-40.21818922940774,-132.9857365742509,526.203
507,12,27,-45.32219835086151,-122.90837985016569,527.385
508,12,28,-49.378743321580465,-111.06440152744587,528.029
509,12,29,-52.03562543701289,-97.49436609957213,528.026
510,12,30,-52.98067431623795,-82.7929713073883,527.313
511,12,31,-52.08143210068158,-68.07148892885547,525.889
512,12,32,-49.46111198787623,-54.45120379925794,523.806
513,12,33,-45.42721592444504,-42.5464163023575,521.175
514,12,34,-40.3319016338047,-32.41182600812218,518.154
515,12,35,-34.479273043466264,-23.79201628499208,514.935
516,12,36,-28.10033398134875,-16.346751504746756,511.728
517,12,37,-21.362564100995442,-9.757699602060365,508.744
518,12,38,-14.38784129795605,-3.7568776779606368,506.174
519,12,39,-7.268460210937667,1.8778473872868775,504.179
520,13,0,3.5202679722803474,19.05582821826913,502.487
521,13,1,10.688510951960533,24.579554171767473,502.285
522,13,2,17.756283983383945,30.370507861447983,502.79
523,13,3,24.64096611014235,36.6335112925937,503.913
524,13,4,31.23669196142149,43.61299815257918,505.517
525,13,5,37.40012489484677,51.60448340603418,507.436
526,13,6,42.93269765086757,60.94730792639786,509.488
527,13,7,47.56430356856657,71.96409569911577,511.495
528,13,8,50.95634285002957,84.7944762813905,513.3
529,13,9,52.75820480968688,99.126091462099,514.778
530,13,10,52.73448356269943,114.04389396794551,515.853
531,13,11,50.89023344905302,128.33769722140883,516.5
532,13,12,47.46821646732283,141.10976847873914,516.744
533,13,13,42.82113675605917,152.0660339452216,516.66
534,13,14,37.28617684892344,161.35567861270755,516.358
535,13,15,31.130844519853802,169.30350529698782,515.973
536,13,16,24.5511679055769,176.24769032424808,515.646
537,13,17,17.688308233216688,-177.51836505705893,515.512
538,13,18,10.646248302697433,-171.75227837859913,515.679
539,13,19,3.5059685443661026,-166.2510527757741,516.22
540,13,20,-3.663963199586368,-160.8352591790876,517.162
541,13,21,-10.79895937970787,-155.33326859507554,518.48
542,13,22,-17.830596441553684,-149.56578855802505,520.101
543,13,23,-24.67821113168643,-143.33024931753195,521.907
544,13,24,-31.238314131349366,-136.38512172416623,523.749
545,13,25,-37.3706423832944,-128.43860643620658,525.455
546,13,26,-42.88054574145994,-119.15546410881049,526.853
547,13,27,-47.502910413211914,-108.21510615290501,527.782
548,13,28,-50.90417386514902,-95.47294429395018,528.113
549,13,29,-52.736180864708174,-81.22365338330783,527.76
550,13,30,-52.759734772060966,-66.35707046604725,526.688
551,13,31,-50.96983930382952,-52.07032621309114,524.924
552,13,32,-47.59842719365996,-39.270298991487955,522.55
553,13,33,-42.991539730567226,-28.2697602388055,519.702
554,13,34,-37.484125976354164,-18.933619058544675,516.556
555,13,35,-31.34384396912065,-10.943551923116102,513.317
556,13,36,-24.767823213596998,-3.9631540866500763,510.195
557,13,37,-17.89852096530217,2.301436723147439,507.396
558,13,38,-10.84126301010599,8.093785265522511,505.097
559,13,39,-3.678351419959823,13.618294129454469,503.433
560,14,0,-0.07938015837909068,25.33709899035005,502.867
561,14,1,7.1123809968927665,30.795960344848076,502.294
562,14,2,14.239714131652336,36.429561843977126,502.454
563,14,3,21.2274373460032,42.42882093541739,503.282
564,14,4,27.982837652151606,49.016476918192154,504.665
565,14,5,34.383339621478854,56.46172120786997,506.448
566,14,6,40.26034515696506,65.08511165767246,508.457
567,14,7,45.38097895885864,75.23055853759351,510.508
568,14,8,49.43809425037329,87.15821350783516,512.432
569,14,9,52.0752781002394,100.81653596092048,514.086
570,14,10,52.98067090114337,115.58761917320595,515.369
571,14,11,52.02915041767972,130.33840989346731,516.23
572,14,12,49.355196244416845,143.9460591731003,516.669
573,14,13,45.27538081919566,155.81248832762196,516.737
574,14,14,40.146110243096594,165.90044550529902,516.529
575,14,15,34.272294405952785,174.4754338195482,516.167
576,14,16,27.88416190921243,-178.11856110018462,515.793
577,14,17,21.147956142179055,-171.56280893102297,515.547
578,14,18,14.184215429551399,-165.5902729547104,515.552
579,14,19,7.083916610413562,-159.98014681575867,515.9
580,14,20,-0.07933461489114844,-154.54322061378014,516.641
581,14,21,-7.239924534359,-149.10589826082975,517.777
582,14,22,-14.332342595855112,-143.49465197085416,519.259
583,14,23,-21.28319388774531,-137.52054505103246,520.989
584,14,24,-28.001917785598035,-130.96338586290182,522.834
585,14,25,-34.36861714872289,-123.55730246283026,524.63
586,14,26,-40.21818922940774,-114.98574290354442,526.203
587,14,27,-45.32219835086151,-104.90838617945923,527.385
588,14,28,-49.378743321580465,-93.06440785673941,528.029
589,14,29,-52.03562543701289,-79.49437242886566,528.026
590,14,30,-52.98067431623795,-64.79297763668184,527.313
591,14,31,-52.08143210068158,-50.071491843054424,525.889
592,14,32,-49.46111198787623,-36.45121012855148,523.806
593,14,33,-45.42721592444504,-24.546422631651033,521.175
594,14,34,-40.3319016338047,-14.411834044963012,518.154
595,14,35,-34.479273043466264,-5.792023041172438,514.935
596,14,36,-28.10033398134875,1.6532417390728857,511.728
597,14,37,-21.362564100995442,8.242294068646098,508.744
598,14,38,-14.38784129795605,14.24311641963265,506.174
599,14,39,-7.268460210937667,19.877841484880165,504.179
600,15,0,3.5202679722803474,37.05582188897559,502.487
601,15,1,10.688510951960533,42.579546134926645,502.285
602,15,2,17.756283983383945,48.37050153215444,502.79
603,15,3,24.64096611014235,54.63350496330017,503.913
604,15,4,31.23669196142149,61.61299182328564,505.517
605,15,5,37.40012489484677,69.60447707674064,507.436
606,15,6,42.93269765086757,78.94730159710433,509.488
607,15,7,47.56430356856657,89.96408936982223,511.495
608,15,8,50.95634285002957,102.79446995209696,513.3
609,15,9,52.75820480968688,117.12609196299464,514.778
610,15,10,52.73448356269943,132.04389446884116,515.853
611,15,11,50.89023344905302,146.3376908921153,516.5
612,15,12,47.46821646732283,159.1097621494456,516.744
613,15,13,42.82113675605917,170.06602761592805,516.66
614,15,14,37.28617684892344,179.355672283414,516.358
615,15,15,31.130844519853802,-172.69649738984003,515.973
616,15,16,24.5511679055769,-165.75231236257977,515.646
617,15,17,17.688308233216688,-159.51837138635247,515.512
618,15,18,10.646248302697433,-153.75228470789267,515.679
619,15,19,3.5059685443661026,-148.25105910506764,516.22
620,15,20,-3.663963199586368,-142.83526550838113,517.162
621,15,21,-10.79895937970787,-137.33327492436905,518.48
622,15,22,-17.830596441553684,-131.5657948873186,520.101
623,15,23,-24.67821113168643,-125.33025564682549,521.907
624,15,24,-31.238314131349366,-118.38512805345977,523.749
625,15,25,-37.3706423832944,-110.43861276550014,525.455
626,15,26,-42.88054574145994,-101.15546360791485,526.853
627,15,27,-47.502910413211914,-90.21511248219855,527.782
628,15,28,-50.90417386514902,-77.4729506232437,528.113
629,15,29,-52.736180864708174,-63.22365971260137,527.76
630,15,30,-52.759734772060966,-48.35708021043537,526.688
631,15,31,-50.96983930382952,-34.070332542384676,524.924
632,15,32,-47.59842719365996,-21.270305320781492,522.55
633,15,33,-42.991539730567226,-10.269767421872684,519.702
634,15,34,-37.484125976354164,-0.9336252811165071,516.556
635,15,35,-31.34384396912065,7.056441320703539,513.317
636,15,36,-24.767823213596998,14.036839584056388,510.195
637,15,37,-17.89852096530217,20.301431034184137,507.396
638,15,38,-10.84126301010599,26.09377808245533,505.097
639,15,39,-3.678351419959823,31.61828780016093,503.433
640,16,0,-0.07938015837909068,43.33710632143485,502.867
641,16,1,7.1123809968927665,48.79596767593288,502.294
642,16,2,14.239714131652336,54.42956917506193,502.454
643,16,3,21.2274373460032,60.428828266502194,503.282
644,16,4,27.982837652151606,67.01648424927696,504.665
645,16,5,34.383339621478854,74.46172512386019,506.448
646,16,6,40.26034515696506,83.08511898875726,508.457
647,16,7,45.38097895885864,93.23056586867831,510.508
648,16,8,49.43809425037329,105.15822083891996,512.432
649,16,9,52.0752781002394,118.81653646181611,514.086
650,16,10,52.98067090114337,133.58762650429074,515.369
651,16,11,52.02915041767972,148.3384172245521,516.23
652,16,12,49.355196244416845,161.9460665041851,516.669
653,16,13,45.27538081919566,173.81249565870675,516.737
654,16,14,40.146110243096594,-176.0995435211505,516.529
655,16,15,34.272294405952785,-167.5245552069013,516.167
656,16,16,27.88416190921243,-160.1185537690998,515.793
657,16,17,21.147956142179055,-153.56280159993818,515.547
658,16,18,14.184215429551399,-147.59026562362558,515.552
659,16,19,7.083916610413562,-141.98013948467388,515.9
660,16,20,-0.07933461489114844,-136.54321328269535,516.641
661,16,21,-7.239924534359,-131.10589092974496,517.777
662,16,22,-14.332342595855112,-125.49464463976936,519.259
663,16,23,-21.28319388774531,-119.52053771994767,520.989
664,16,24,-28.001917785598035,-112.96337170162784,522.834
665,16,25,-34.36861714872289,-105.55729513174546,524.63
666,16,26,-40.21818922940774,-96.98574240264878,526.203
667,16,27,-45.32219835086151,-86.90837884837443,527.385
668,16,28,-49.378743321580465,-75.0644005256546,528.029
669,16,29,-52.03562543701289,-61.494365097780864,528.026
670,16,30,-52.98067431623795,-46.79297030559704,527.313
671,16,31,-52.08143210068158,-32.071484511969615,525.889
672,16,32,-49.46111198787623,-18.45120450501397,523.806
673,16,33,-45.42721592444504,-6.546415300566231,521.175
674,16,34,-40.3319016338047,3.5881741398954374,518.154
675,16,35,-34.479273043466264,12.207983863025541,514.935
676,16,36,-28.10033398134875,19.653249497044513,511.728
677,16,37,-21.362564100995442,26.242302253504548,508.744
678,16,38,-14.38784129795605,32.24312375071745,506.174
679,16,39,-7.268460210937667,37.87784881596497,504.179
680,17,0,3.5202679722803474,55.05581555968205,502.487
681,17,1,10.688510951960533,60.57954322072769,502.285
682,17,2,17.756283983383945,66.37049178776633,502.79
683,17,3,24.64096611014235,72.63349521891205,503.913
684,17,4,31.23669196142149,79.6129854939921,505.517
685,17,5,37.40012489484677,87.60447074744711,507.436
686,17,6,42.93269765086757,96.94729526781079,509.488
687,17,7,47.56430356856657,107.9640830405287,511.495
688,17,8,50.95634285002957,120.79446362280342,513.3
689,17,9,52.75820480968688,135.1260856337011,514.778
690,17,10,52.73448356269943,150.04388813954762,515.853
691,17,11,50.89023344905302,164.33768456282175,516.5
692,17,12,47.46821646732283,177.1097558201521,516.744
693,17,13,42.82113675605917,-171.93398873127816,516.66
694,17,14,37.28617684892344,-162.6443440637922,516.358
695,17,15,31.130844519853802,-154.69650371913357,515.973
696,17,16,24.5511679055769,-147.7523186918733,515.646
697,17,17,17.688308233216688,-141.51837771564598,515.512
698,17,18,10.646248302697433,-135.7522910371862,515.679
699,17,19,3.5059685443661026,-130.25106543436118,516.22
700,17,20,-3.663963199586368,-124.83527183767467,517.162
701,17,21,-10.79895937970787,-119.33328125366259,518.48
702,17,22,-17.830596441553684,-113.56580121661213,520.101
703,17,23,-24.67821113168643,-107.33025514592985,521.907
704,17,24,-31.238314131349366,-100.38513438275331,523.749
705,17,25,-37.3706423832944,-92.43861909479367,525.455
706,17,26,-42.88054574145994,-83.1554699372084,526.853
707,17,27,-47.502910413211914,-72.21511881149209,527.782
708,17,28,-50.90417386514902,-59.472956952537245,528.113
709,17,29,-52.736180864708174,-45.22366604189491,527.76
710,17,30,-52.759734772060966,-30.357086539728908,526.688
711,17,31,-50.96983930382952,-16.07034057922551,524.924
712,17,32,-47.59842719365996,-3.2703120769618534,522.55
713,17,33,-42.991539730567226,7.73022624883378,519.702
714,17,34,-37.484125976354164,17.06636828286825,516.556
715,17,35,-31.34384396912065,25.05643456452318,513.317
716,17,36,-24.767823213596998,32.036831547215556,510.195
717,17,37,-17.89852096530217,38.30142299734331,507.396
718,17,38,-10.84126301010599,44.09377175316179,505.097
719,17,39,-3.678351419959823,49.618281470867394,503.433
720,18,0,-0.07938015837909068,61.33709999214132,502.867
721,18,1,7.1123809968927665,66.79596476173393,502.294
722,18,2,14.239714131652336,72.42956626086297,502.454
723,18,3,21.2274373460032,78.42882193720865,503.282
724,18,4,27.982837652151606,85.01647791998343,504.665
725,18,5,34.383339621478854,92.46171879456665,506.448
726,18,6,40.26034515696506,101.08511265946372,508.457
727,18,7,45.38097895885864,111.23055953938477,510.508
728,18,8,49.43809425037329,123.15821450962642,512.432
729,18,9,52.0752781002394,136.8165301325226,514.086
730,18,10,52.98067090114337,151.5876201749972,515.369
731,18,11,52.02915041767972,166.33841089525856,516.23
732,18,12,49.355196244416845,179.94606017489158,516.669
733,18,13,45.27538081919566,-168.1875070281211,516.737
734,18,14,40.146110243096594,-158.09954985044405,516.529
735,18,15,34.272294405952785,-149.52456153619485,516.167
736,18,16,27.88416190921243,-142.11856009839335,515.793
737,18,17,21.147956142179055,-135.56280792923172,515.547
738,18,18,14.184215429551399,-129.59027195291912,515.552
739,18,19,7.083916610413562,-123.98014581396741,515.9
740,18,20,-0.07933461489114844,-118.54321961198889,516.641
741,18,21,-7.239924534359,-113.10589042884932,517.777
742,18,22,-14.332342595855112,-107.4946509690629,519.259
743,18,23,-21.28319388774531,-101.52054404924121,520.989
744,18,24,-28.001917785598035,-94.96337803092138,522.834
745,18,25,-34.36861714872289,-87.557301461039,524.63
746,18,26,-40.21818922940774,-78.98574873194232,526.203
747,18,27,-45.32219835086151,-68.90838517766797,527.385
748,18,28,-49.378743321580465,-57.06440685494814,528.029
749,18,29,-52.03562543701289,-43.4943714270744,528.026
750,18,30,-52.98067431623795,-28.79297663489057,527.313
751,18,31,-52.08143210068158,-14.071492548810447,525.889
752,18,32,-49.46111198787623,-0.4512100338947115,523.806
753,18,33,-45.42721592444504,11.453578370140232,521.175
754,18,34,-40.3319016338047,21.588166956828253,518.154
755,18,35,-34.479273043466264,30.20797667995836,514.935
756,18,36,-28.10033398134875,37.65324146020368,511.728
757,18,37,-21.362564100995442,44.242294216663716,508.744
758,18,38,-14.38784129795605,50.24311742142392,506.174
759,18,39,-7.268460210937667,55.87784248667143,504.179
760,19,0,3.5202679722803474,73.05581947567228,502.487
761,19,1,10.688510951960533,78.5795505518125,502.285
762,19,2,17.756283983383945,84.37049911885113,502.79
763,19,3,24.64096611014235,90.63350254999685,503.913
764,19,4,31.23669196142149,97.61299282507692,505.517
765,19,5,37.40012489484677,105.60447807853191,507.436
766,19,6,42.93269765086757,114.94730259889559,509.488
767,19,7,47.56430356856657,125.96409720180267,511.495
768,19,8,50.95634285002957,138.79447095388824,513.3
769,19,9,52.75820480968688,153.1260929647859,514.778
770,19,10,52.73448356269943,168.0438954706324,515.853
771,19,11,50.89023344905302,-177.66230446362778,516.5
772,19,12,47.46821646732283,-164.89023320629744,516.744
773,19,13,42.82113675605917,-153.93398140019335,516.66
774,19,14,37.28617684892344,-144.6443367327074,516.358
775,19,15,31.130844519853802,-136.69649638804879,515.973
776,19,16,24.5511679055769,-129.7523113607885,515.646
777,19,17,17.688308233216688,-123.5183703845612,515.512
778,19,18,10.646248302697433,-117.75228370610141,515.679
779,19,19,3.5059685443661026,-112.25106493346554,516.22
780,19,20,-3.663963199586368,-106.83527133677903,517.162
781,19,21,-10.79895937970787,-101.33326709238862,518.48
782,19,22,-17.830596441553684,-95.56579388552733,520.101
783,19,23,-24.67821113168643,-89.33024781484505,521.907
784,19,24,-31.238314131349366,-82.3851270516685,523.749
785,19,25,-37.3706423832944,-74.43861176370886,525.455
786,19,26,-42.88054574145994,-65.15546260612359,526.853
787,19,27,-47.502910413211914,-54.21511148040728,527.782
788,19,28,-50.90417386514902,-41.47294620635786,528.113
789,19,29,-52.736180864708174,-27.22365700326281,527.76
790,19,30,-52.759734772060966,-12.357078354870458,526.688
791,19,31,-50.96983930382952,1.9296669653027065,524.924
792,19,32,-47.59842719365996,14.729695681009773,522.55
793,19,33,-42.991539730567226,25.730234433692228,519.702
794,19,34,-37.484125976354164,35.066375613953056,516.556
795,19,35,-31.34384396912065,43.05644360315527,513.317
796,19,36,-24.767823213596998,50.03683887830036,510.195
797,19,37,-17.89852096530217,56.30143032842811,507.396
798,19,38,-10.84126301010599,62.09378249934118,505.097
799,19,39,-3.678351419959823,67.61829221704679,503.433
800,20,0,-0.07938015837909068,79.33710732322612,502.867
801,20,1,7.1123809968927665,84.79597209281873,502.294
802,20,2,14.239714131652336,90.42957359194777,502.454
803,20,3,21.2274373460032,96.42882926829346,503.282
804,20,4,27.982837652151606,103.01648525106823,504.665
805,20,5,34.383339621478854,110.46172612565145,506.448
806,20,6,40.26034515696506,119.08511316035936,508.457
807,20,7,45.38097895885864,129.23056687046957,510.508
808,20,8,49.43809425037329,141.15822184071124,512.432
809,20,9,52.0752781002394,154.81653746360738,514.086
810,20,10,52.98067090114337,169.58762750608201,515.369
811,20,11,52.02915041767972,-175.6615917915693,516.23
812,20,12,49.355196244416845,-162.0539425119363,516.669
813,20,13,45.27538081919566,-150.1874996970363,516.737
814,20,14,40.146110243096594,-140.09954251935923,516.529
815,20,15,34.272294405952785,-131.52455420511006,516.167
816,20,16,27.88416190921243,-124.11855276730856,515.793
817,20,17,21.147956142179055,-117.56280059814691,515.547
818,20,18,14.184215429551399,-111.59027145202349,515.552
819,20,19,7.083916610413562,-105.98014531307177,515.9
820,20,20,-0.07933461489114844,-100.54321228090409,516.641
821,20,21,-7.239924534359,-95.10588309776452,517.777
822,20,22,-14.332342595855112,-89.4946436379781,519.259
823,20,23,-21.28319388774531,-83.52053671815641,520.989
824,20,24,-28.001917785598035,-76.96337069983657,522.834
825,20,25,-34.36861714872289,-69.55729412995419,524.63
826,20,26,-40.21818922940774,-60.98574140085752,526.203
827,20,27,-45.32219835086151,-50.90837784658316,527.385
828,20,28,-49.378743321580465,-39.06439952386334,528.029
829,20,29,-52.03562543701289,-25.494364095989596,528.026
830,20,30,-52.98067431623795,-10.792968450032122,527.313
831,20,31,-52.08143210068158,3.9285152091611795,525.889
832,20,32,-49.46111198787623,17.5487964967773,523.806
833,20,33,-45.42721592444504,29.453585701225034,521.175
834,20,34,-40.3319016338047,39.588175995460354,518.154
835,20,35,-34.479273043466264,48.20798401104316,514.935
836,20,36,-28.10033398134875,55.65324879128848,511.728
837,20,37,-21.362564100995442,62.24230496284311,508.744
838,20,38,-14.38784129795605,68.24312475250872,506.174
839,20,39,-7.268460210937667,73.87784640266165,504.179
840,21,0,3.5202679722803474,91.05581314637874,502.487
841,21,1,10.688510951960533,96.57954422251896,502.285
842,21,2,17.756283983383945,102.37049278955759,502.79
843,21,3,24.64096611014235,108.63349622070331,503.913
844,21,4,31.23669196142149,115.61298649578337,505.517
845,21,5,37.40012489484677,123.60447174923837,507.436
846,21,6,42.93269765086757,132.94729626960205,509.488
847,21,7,47.56430356856657,143.96409087250913,511.495
848,21,8,50.95634285002957,156.7944646245947,513.3
849,21,9,52.75820480968688,171.12608663549236,514.778
850,21,10,52.73448356269943,-173.95612087657378,515.853
851,21,11,50.89023344905302,-159.66231079292132,516.5
852,21,12,47.46821646732283,-146.89023953559098,516.744
853,21,13,42.82113675605917,-135.9339877294869,516.66
854,21,14,37.28617684892344,-126.64434306200093,516.358
855,21,15,31.130844519853802,-118.69650271734231,515.973
856,21,16,24.5511679055769,-111.75231769008205,515.646
857,21,17,17.688308233216688,-105.51837671385472,515.512
858,21,18,10.646248302697433,-99.75229003539495,515.679
859,21,19,3.5059685443661026,-94.25107126275908,516.22
860,21,20,-3.663963199586368,-88.83527766607257,517.162
861,21,21,-10.79895937970787,-83.33327342168216,518.48
862,21,22,-17.830596441553684,-77.56580021482087,520.101
863,21,23,-24.67821113168643,-71.33025414413859,521.907
864,21,24,-31.238314131349366,-64.38513338096203,523.749
865,21,25,-37.3706423832944,-56.438618093002404,525.455
866,21,26,-42.88054574145994,-47.155468935417126,526.853
867,21,27,-47.502910413211914,-36.21511780970082,527.782
868,21,28,-50.90417386514902,-23.47295424319869,528.113
869,21,29,-52.736180864708174,-9.223664186329993,527.76
870,21,30,-52.759734772060966,5.642915315836006,526.688
871,21,31,-50.96983930382952,19.929660422565757,524.924
872,21,32,-47.59842719365996,32.72968935171624,522.55
873,21,33,-42.991539730567226,43.73022810439869,519.702
874,21,34,-37.484125976354164,53.066369284659515,516.556
875,21,35,-31.34384396912065,61.05643385876715,513.317
876,21,36,-24.767823213596998,68.03683254900683,510.195
877,21,37,-17.89852096530217,74.30142741422917,507.396
878,21,38,-10.84126301010599,80.09377617004765,505.097
879,21,39,-3.678351419959823,85.61828588775325,503.433
880,22,0,-0.07938015837909068,97.33710099393258,502.867
881,22,1,7.1123809968927665,102.79596576352519,502.294
882,22,2,14.239714131652336,108.42956726265425,502.454
883,22,3,21.2274373460032,114.42882293899993,503.282
884,22,4,27.982837652151606,121.01647209158553,504.665
885,22,5,34.383339621478854,128.46171979635793,506.448
886,22,6,40.26034515696506,137.08510683106581,508.457
887,22,7,45.38097895885864,147.23056054117603,510.508
888,22,8,49.43809425037329,159.1582155114177,512.432
889,22,9,52.0752781002394,172.81653113431383,514.086
890,22,10,52.98067090114337,-172.41237518074584,515.369
891,22,11,52.02915041767972,-157.66159812086283,516.23
892,22,12,49.355196244416845,-144.05394884122984,516.669
893,22,13,45.27538081919566,-132.18750602632983,516.737
894,22,14,40.146110243096594,-122.09954884865279,516.529
895,22,15,34.272294405952785,-113.52456736459277,516.167
896,22,16,27.88416190921243,-106.11855909660208,515.793
897,22,17,21.147956142179055,-99.56281375762961,515.547
898,22,18,14.184215429551399,-93.59027778131703,515.552
899,22,19,7.083916610413562,-87.98015164236531,515.9
900,22,20,-0.07933461489114844,-82.54321861019761,516.641
901,22,21,-7.239924534359,-77.10588942705806,517.777
902,22,22,-14.332342595855112,-71.49464996727163,519.259
903,22,23,-21.28319388774531,-65.52054304744993,520.989
904,22,24,-28.001917785598035,-58.96337702913011,522.834
905,22,25,-34.36861714872289,-51.55730387434232,524.63
906,22,26,-40.21818922940774,-42.98574773015106,526.203
907,22,27,-45.32219835086151,-32.9083841758767,527.385
908,22,28,-49.378743321580465,-21.064407560704165,528.029
909,22,29,-52.03562543701289,-7.494369571509485,528.026
910,22,30,-52.98067431623795,7.207025220674341,527.313
911,22,31,-52.08143210068158,21.928508452980818,525.889
912,22,32,-49.46111198787623,35.54879187503106,523.806
913,22,33,-45.42721592444504,47.4535793719315,521.175
914,22,34,-40.3319016338047,57.58816625107223,518.154
915,22,35,-34.479273043466264,66.20798109684421,514.935
916,22,36,-28.10033398134875,73.65324246199495,511.728
917,22,37,-21.362564100995442,80.24229863354957,508.744
918,22,38,-14.38784129795605,86.24311842321518,506.174
919,22,39,-7.268460210937667,91.87784007336812,504.179
920,23,0,3.5202679722803474,109.05582047746354,502.487
921,23,1,10.688510951960533,114.57955155360376,502.285
922,23,2,17.756283983383945,120.37050012064239,502.79
923,23,3,24.64096611014235,126.63351038197729,503.913
924,23,4,31.23669196142149,133.61299382686818,505.517
925,23,5,37.40012489484677,141.6044790803232,507.436
926,23,6,42.93269765086757,150.94730360068687,509.488
927,23,7,47.56430356856657,161.96409820359395,511.495
928,23,8,50.95634285002957,174.79447195567948,513.3
929,23,9,52.75820480968688,-170.8739160513355,514.778
930,23,10,52.73448356269943,-155.956113545489,515.853
931,23,11,50.89023344905302,-141.6623034618365,516.5
932,23,12,47.46821646732283,-128.8902322045062,516.744
933,23,13,42.82113675605917,-117.93398039840208,516.66
934,23,14,37.28617684892344,-108.64432890072695,516.358
935,23,15,31.130844519853802,-100.69649538625751,515.973
936,23,16,24.5511679055769,-93.75231035899724,515.646
937,23,17,17.688308233216688,-87.51836938276992,515.512
938,23,18,10.646248302697433,-81.75228270431013,515.679
939,23,19,3.5059685443661026,-76.25106393167428,516.22
940,23,20,-3.663963199586368,-70.83527033498777,517.162
941,23,21,-10.79895937970787,-65.33326609059736,518.48
942,23,22,-17.830596441553684,-59.56579288373606,520.101
943,23,23,-24.67821113168643,-53.33024681305379,521.907
944,23,24,-31.238314131349366,-46.38512946497182,523.749
945,23,25,-37.3706423832944,-38.4386107619176,525.455
946,23,26,-42.88054574145994,-29.15546160433232,526.853
947,23,27,-47.502910413211914,-18.215110478616015,527.782
948,23,28,-50.90417386514902,-5.4729464852270615,528.113
949,23,29,-52.736180864708174,8.77634314475481,527.76
950,23,30,-52.759734772060966,23.642921793147163,526.688
951,23,31,-50.96983930382952,37.929669461197854,524.924
952,23,32,-47.59842719365996,50.72969668280104,522.55
953,23,33,-42.991539730567226,61.73023202038891,519.702
954,23,34,-37.484125976354164,71.06637661574432,516.556
955,23,35,-31.34384396912065,79.05644118985195,513.317
956,23,36,-24.767823213596998,86.03683988009163,510.195
957,23,37,-17.89852096530217,92.30143474531397,507.396
958,23,38,-10.84126301010599,98.09378350113245,505.097
959,23,39,-3.678351419959823,103.61829321883805,503.433
960,24,0,-0.07938015837909068,115.33711515520656,502.867
961,24,1,7.1123809968927665,120.79596626442083,502.294
962,24,2,14.239714131652336,126.42957459373905,502.454
963,24,3,21.2274373460032,132.42883027008472,503.282
964,24,4,27.982837652151606,139.01647942267033,504.665
965,24,5,34.383339621478854,146.4617271274427,506.448
966,24,6,40.26034515696506,155.08511416215063,508.457
967,24,7,45.38097895885864,165.23056787226085,510.508
968,24,8,49.43809425037329,177.15822284250248,512.432
969,24,9,52.0752781002394,-169.1834578921357,514.086
970,24,10,52.98067090114337,-154.41236784966105,515.369
971,24,11,52.02915041767972,-139.66159078977802,516.23
972,24,12,49.355196244416845,-126.05394151014502,516.669
973,24,13,45.27538081919566,-114.18749869524503,516.737
974,24,14,40.146110243096594,-104.09954834775715,516.529
975,24,15,34.272294405952785,-95.52456003350797,516.167
976,24,16,27.88416190921243,-88.11855176551728,515.793
977,24,17,21.147956142179055,-81.56280642654481,515.547
978,24,18,14.184215429551399,-75.59027045023223,515.552
979,24,19,7.083916610413562,-69.98014431128051,515.9
980,24,20,-0.07933461489114844,-64.54321127911281,516.641
981,24,21,-7.239924534359,-59.10588209597325,517.777
982,24,22,-14.332342595855112,-53.49463922109224,519.259
983,24,23,-21.28319388774531,-47.52053571636513,520.989
984,24,24,-28.001917785598035,-40.963369698045305,522.834
985,24,25,-34.36861714872289,-33.557296543257515,524.63
986,24,26,-40.21818922940774,-24.985740399066255,526.203
987,24,27,-45.32219835086151,-14.908376844791892,527.385
988,24,28,-49.378743321580465,-3.0643995892891285,528.029
989,24,29,-52.03562543701289,10.505637759575318,528.026
990,24,30,-52.98067431623795,25.2070316979855,527.313
991,24,31,-52.08143210068158,39.928517491612915,525.889
992,24,32,-49.46111198787623,53.54879920611586,523.806
993,24,33,-45.42721592444504,65.4535867030163,521.175
994,24,34,-40.3319016338047,75.58817358215703,518.154
995,24,35,-34.479273043466264,84.20798842792901,514.935
996,24,36,-28.10033398134875,91.65324979307975,511.728
997,24,37,-21.362564100995442,98.24230596463437,508.744
998,24,38,-14.38784129795605,104.24312575429998,506.174
999,24,39,-7.268460210937667,109.87784740445292,504.179
1000,25,0,3.5202679722803474,127.05582097835918,502.487
1001,25,1,10.688510951960533,132.57954522431024,502.285
1002,25,2,17.756283983383945,138.37049379134885,502.79
1003,25,3,24.64096611014235,144.63350405268375,503.913
1004,25,4,31.23669196142149,151.61298749757464,505.517
1005,25,5,37.40012489484677,159.60447275102965,507.436
1006,25,6,42.93269765086757,168.94729727139332,509.488
1007,25,7,47.56430356856657,179.9640918743004,511.495
1008,25,8,50.95634285002957,-167.20553073114837,513.3
1009,25,9,52.75820480968688,-152.87392238062904,514.778
1010,25,10,52.73448356269943,-137.95611987478253,515.853
1011,25,11,50.89023344905302,-123.66230979113004,516.5
1012,25,12,47.46821646732283,-110.89023853379972,516.744
1013,25,13,42.82113675605917,-99.93397989750645,516.66
1014,25,14,37.28617684892344,-90.64433523002049,516.358
1015,25,15,31.130844519853802,-82.69650171555104,515.973
1016,25,16,24.5511679055769,-75.75231668829078,515.646
1017,25,17,17.688308233216688,-69.51837571206346,515.512
1018,25,18,10.646248302697433,-63.752289033603674,515.679
1019,25,19,3.5059685443661026,-58.251070260967815,516.22
1020,25,20,-3.663963199586368,-52.8352766642813,517.162
1021,25,21,-10.79895937970787,-47.333272419890896,518.48
1022,25,22,-17.830596441553684,-41.5657992130296,520.101
1023,25,23,-24.67821113168643,-35.330253142347324,521.907
1024,25,24,-31.238314131349366,-28.385134086718065,523.749
1025,25,25,-37.3706423832944,-20.438617091211135,525.455
1026,25,26,-42.88054574145994,-11.155467933625856,526.853
1027,25,27,-47.502910413211914,-0.2151171680953086,527.782
1028,25,28,-50.90417386514902,12.52704675859258,528.113
1029,25,29,-52.736180864708174,26.77633766923492,527.76
1030,25,30,-52.759734772060966,41.642915463853626,526.688
1031,25,31,-50.96983930382952,55.92966313190432,524.924
1032,25,32,-47.59842719365996,68.72968693841293,522.55
1033,25,33,-42.991539730567226,79.73022569109537,519.702
1034,25,34,-37.484125976354164,89.06637028645078,516.556
1035,25,35,-31.34384396912065,97.05643486055843,513.317
1036,25,36,-24.767823213596998,104.0368335507981,510.195
1037,25,37,-17.89852096530217,110.30142841602043,507.396
1038,25,38,-10.84126301010599,116.09377717183891,505.097
1039,25,39,-3.678351419959823,121.61828005935534,503.433
1040,26,0,-0.07938015837909068,133.33712248629135,502.867
1041,26,1,7.1123809968927665,138.79597359550564,502.294
1042,26,2,14.239714131652336,144.42958192482385,502.454
1043,26,3,21.2274373460032,150.42883760116953,503.282
1044,26,4,27.982837652151606,157.01648675375512,504.665
1045,26,5,34.383339621478854,164.46173445852753,506.448
1046,26,6,40.26034515696506,173.08512149323542,508.457
1047,26,7,45.38097895885864,-176.76942115418868,510.508
1048,26,8,49.43809425037329,-164.84176618394704,512.432
1049,26,9,52.0752781002394,-151.18345056105088,514.086
1050,26,10,52.98067090114337,-136.41236051857624,515.369
1051,26,11,52.02915041767972,-121.66158345869323,516.23
1052,26,12,49.355196244416845,-108.05392734887106,516.669
1053,26,13,45.27538081919566,-96.18749136416022,516.737
1054,26,14,40.146110243096594,-86.09954101667235,516.529
1055,26,15,34.272294405952785,-77.52455270242315,516.167
1056,26,16,27.88416190921243,-70.11854443443248,515.793
1057,26,17,21.147956142179055,-63.562799095460015,515.547
1058,26,18,14.184215429551399,-57.59026311914742,515.552
1059,26,19,7.083916610413562,-51.98013356510113,515.9
1060,26,20,-0.07933461489114844,-46.543200532933426,516.641
1061,26,21,-7.239924534359,-41.10587817998304,517.777
1062,26,22,-14.332342595855112,-35.49463189000744,519.259
1063,26,23,-21.28319388774531,-29.52052838528033,520.989
1064,26,24,-28.001917785598035,-22.96336407450779,522.834
1065,26,25,-34.36861714872289,-15.557289212172709,524.63
1066,26,26,-40.21818922940774,-6.985732214207805,526.203
1067,26,27,-45.32219835086151,3.0916300594060884,527.385
1068,26,28,-49.378743321580465,14.93560710146544,528.029
1069,26,29,-52.03562543701289,28.505644236886475,528.026
1070,26,30,-52.98067431623795,43.2070390290703,527.313
1071,26,31,-52.08143210068158,57.928521407603135,525.889
1072,26,32,-49.46111198787623,71.54880653720066,523.806
1073,26,33,-45.42721592444504,83.4535940341011,521.175
1074,26,34,-40.3319016338047,93.58818091324184,518.154
1075,26,35,-34.479273043466264,102.20799575901381,514.935
1076,26,36,-28.10033398134875,109.65325712416455,511.728
1077,26,37,-21.362564100995442,116.24230646553,508.744
1078,26,38,-14.38784129795605,122.24313308538478,506.174
1079,26,39,-7.268460210937667,127.87786156572689,504.179
1080,27,0,3.5202679722803474,145.05581464906564,502.487
1081,27,1,10.688510951960533,150.5795388950167,502.285
1082,27,2,17.756283983383945,156.3704874620553,502.79
1083,27,3,24.64096611014235,162.6334977233902,503.913
1084,27,4,31.23669196142149,169.6129811682811,505.517
1085,27,5,37.40012489484677,177.6044664217361,507.436
1086,27,6,42.93269765086757,-173.05270541543453,509.488
1087,27,7,47.56430356856657,-162.0359244729058,511.495
1088,27,8,50.95634285002957,-149.2055370604419,513.3
1089,27,9,52.75820480968688,-134.87392870992258,514.778
1090,27,10,52.73448356269943,-119.95612620407606,515.853
1091,27,11,50.89023344905302,-105.66231612042358,516.5
1092,27,12,47.46821646732283,-92.89024486309326,516.744
1093,27,13,42.82113675605917,-81.93398622679999,516.66
1094,27,14,37.28617684892344,-72.64434155931403,516.358
1095,27,15,31.130844519853802,-64.69650804484458,515.973
1096,27,16,24.5511679055769,-57.75232301758432,515.646
1097,27,17,17.688308233216688,-51.51837862626241,515.512
1098,27,18,10.646248302697433,-45.752295362897215,515.679
1099,27,19,3.5059685443661026,-40.251073175166766,516.22
1100,27,20,-3.663963199586368,-34.83528299357484,517.162
1101,27,21,-10.79895937970787,-29.33327874918443,518.48
1102,27,22,-17.830596441553684,-23.565807249870428,520.101
1103,27,23,-24.67821113168643,-17.330261179188156,521.907
1104,27,24,-31.238314131349366,-10.3851404160116,523.749
1105,27,25,-37.3706423832944,-2.4386242742783186,525.455
1106,27,26,-42.88054574145994,6.844525737080608,526.853
1107,27,27,-47.502910413211914,17.78487686279691,527.782
1108,27,28,-50.90417386514902,30.527042136846333,528.113
1109,27,29,-52.736180864708174,44.77632963239409,527.76
1110,27,30,-52.759734772060966,59.642912549654675,526.688
1111,27,31,-50.96983930382952,73.9296533875162,524.924
1112,27,32,-47.59842719365996,86.72968060911938,522.55
1113,27,33,-42.991539730567226,97.73021936180184,519.702
1114,27,34,-37.484125976354164,107.06636395715725,516.556
1115,27,35,-31.34384396912065,115.05643536145405,513.317
1116,27,36,-24.767823213596998,122.03683405169373,510.195
1117,27,37,-17.89852096530217,128.30141525653772,507.396
1118,27,38,-10.84126301010599,134.09377084254538,505.097
1119,27,39,-3.678351419959823,139.61827373006182,503.433
1120,28,0,-0.07938015837909068,151.33710249661948,502.867
1121,28,1,7.1123809968927665,156.79595360583374,502.294
1122,28,2,14.239714131652336,162.42956193515198,502.454
1123,28,3,21.2274373460032,168.42881761149766,503.282
1124,28,4,27.982837652151606,175.01646676408325,504.665
1125,28,5,34.383339621478854,-177.53828188867868,506.448
1126,28,6,40.26034515696506,-168.9148948539708,508.457
1127,28,7,45.38097895885864,-158.76944114386055,510.508
1128,28,8,49.43809425037329,-146.8417861736189,512.432
1129,28,9,52.0752781002394,-133.18347055072275,514.086
1130,28,10,52.98067090114337,-118.41238050824812,515.369
1131,28,11,52.02915041767972,-103.66159661817593,516.23
1132,28,12,49.355196244416845,-90.05394733854293,516.669
1133,28,13,45.27538081919566,-78.18751135383211,516.737
1134,28,14,40.146110243096594,-68.09956100634422,516.529
1135,28,15,34.272294405952785,-59.524572692095035,516.167
1136,28,16,27.88416190921243,-52.118561009009774,515.793
1137,28,17,21.147956142179055,-45.56281908513189,515.547
1138,28,18,14.184215429551399,-39.59027969372472,515.552
1139,28,19,7.083916610413562,-33.980153554773004,515.9
1140,28,20,-0.07933461489114844,-28.5432205226053,516.641
1141,28,21,-7.239924534359,-23.10589646210762,517.777
1142,28,22,-14.332342595855112,-17.494651879679314,519.259
1143,28,23,-21.28319388774531,-11.520548374952208,520.989
1144,28,24,-28.001917785598035,-4.9633836372928455,522.834
1145,28,25,-34.36861714872289,2.44269143848565,524.63
1146,28,26,-40.21818922940774,11.01424779612032,526.203
1147,28,27,-45.32219835086151,21.091610496621033,527.385
1148,28,28,-49.378743321580465,32.93558881934086,528.029
1149,28,29,-52.03562543701289,46.5056242472146,528.026
1150,28,30,-52.98067431623795,61.207019039398425,527.313
1151,28,31,-52.08143210068158,75.92850141793126,525.889
1152,28,32,-49.46111198787623,89.54878654752878,523.806
1153,28,33,-45.42721592444504,101.45357404442923,521.175
1154,28,34,-40.3319016338047,111.58816092356996,518.154
1155,28,35,-34.479273043466264,120.20796893915276,514.935
1156,28,36,-28.10033398134875,127.65324396468185,511.728
1157,28,37,-21.362564100995442,134.24228647585812,508.744
1158,28,38,-14.38784129795605,140.2431130957129,506.174
1159,28,39,-7.268460210937667,145.877841576055,504.179
1160,29,0,3.5202679722803474,163.05582198015045,502.487
1161,29,1,10.688510951960533,168.57954622610148,502.285
1162,29,2,17.756283983383945,174.37049479314013,502.79
1163,29,3,24.64096611014235,-179.36650496343765,503.913
1164,29,4,31.23669196142149,-172.38700785816843,505.517
1165,29,5,37.40012489484677,-164.39552260471342,507.436
1166,29,6,42.93269765086757,-155.05269808434974,509.488
1167,29,7,47.56430356856657,-144.035917141821,511.495
1168,29,8,50.95634285002957,-131.2055297293571,513.3
1169,29,9,52.75820480968688,-116.87392137883776,514.778
1170,29,10,52.73448356269943,-101.95611204280209,515.853
1171,29,11,50.89023344905302,-87.66230878933877,516.5
1172,29,12,47.46821646732283,-74.89023753200846,516.744
1173,29,13,42.82113675605917,-63.933978895715185,516.66
1174,29,14,37.28617684892344,-54.64433764332381,516.358
1175,29,15,31.130844519853802,-46.69650412885436,515.973
1176,29,16,24.5511679055769,-39.752315686499514,515.646
1177,29,17,17.688308233216688,-33.51837129517761,515.512
1178,29,18,10.646248302697433,-27.752289739359703,515.679
1179,29,19,3.5059685443661026,-22.251065844081964,516.22
1180,29,20,-3.663963199586368,-16.835275662490037,517.162
1181,29,21,-10.79895937970787,-11.33327312564692,518.48
1182,29,22,-17.830596441553684,-5.565799065011976,520.101
1183,29,23,-24.67821113168643,0.6697467922268825,521.907
1184,29,24,-31.238314131349366,7.614866915073203,523.749
1185,29,25,-37.3706423832944,15.561383910580131,525.455
1186,29,26,-42.88054574145994,24.84453306816541,526.853
1187,29,27,-47.502910413211914,35.784884193881716,527.782
1188,29,28,-50.90417386514902,48.527049467931135,528.113
1189,29,29,-52.736180864708174,62.7763369634789,527.76
1190,29,30,-52.759734772060966,77.64291988073948,526.688
1191,29,31,-50.96983930382952,91.929660718601,524.924
1192,29,32,-47.59842719365996,104.72968794020419,522.55
1193,29,33,-42.991539730567226,115.73023352307581,519.702
1194,29,34,-37.484125976354164,125.06637811843122,516.556
1195,29,35,-31.34384396912065,133.05644269253887,513.317
1196,29,36,-24.767823213596998,140.03684138277853,510.195
1197,29,37,-17.89852096530217,146.3014225876225,507.396
1198,29,38,-10.84126301010599,152.09377817363017,505.097
1199,29,39,-3.678351419959823,157.6182810611466,503.433
1200,30,0,-0.07938015837909068,169.3371098277043,502.867
1201,30,1,7.1123809968927665,174.79596093691856,502.294
1202,30,2,14.239714131652336,-179.57042709129755,502.454
1203,30,3,21.2274373460032,-173.57117141495186,503.282
1204,30,4,27.982837652151606,-166.98352226236628,504.665
1205,30,5,34.383339621478854,-159.53827455759387,506.448
1206,30,6,40.26034515696506,-150.91488752288598,508.457
1207,30,7,45.38097895885864,-140.76943381277576,510.508
1208,30,8,49.43809425037329,-128.8417788425341,512.432
1209,30,9,52.0752781002394,-115.18346321963796,514.086
1210,30,10,52.98067090114337,-100.41237317716332,515.369
1211,30,11,52.02915041767972,-85.66158928709113,516.23
1212,30,12,49.355196244416845,-72.05394000745812,516.669
1213,30,13,45.27538081919566,-60.1875040227473,516.737
1214,30,14,40.146110243096594,-50.09955367525942,516.529
1215,30,15,34.272294405952785,-41.52456536101023,516.167
1216,30,16,27.88416190921243,-34.11855367792497,515.793
1217,30,17,21.147956142179055,-27.562811754047086,515.547
1218,30,18,14.184215429551399,-21.59027236263991,515.552
1219,30,19,7.083916610413562,-15.980146223688198,515.9
1220,30,20,-0.07933461489114844,-10.543213191520497,516.641
1221,30,21,-7.239924534359,-5.105889131022814,517.777
1222,30,22,-14.332342595855112,0.5053550778795182,519.259
1223,30,23,-21.28319388774531,6.479458529245773,520.989
1224,30,24,-28.001917785598035,13.03662412067878,522.834
1225,30,25,-34.36861714872289,20.442698129240217,524.63
1226,30,26,-40.21818922940774,29.014254273431476,526.203
1227,30,27,-45.32219835086151,39.09161782770584,527.385
1228,30,28,-49.378743321580465,50.93559615042566,528.029
1229,30,29,-52.03562543701289,64.5056315782994,528.026
1230,30,30,-52.98067431623795,79.20702637048323,527.313
1231,30,31,-52.08143210068158,93.92850874901606,525.889
1232,30,32,-49.46111198787623,107.5487938786136,523.806
1233,30,33,-45.42721592444504,119.45357454532487,521.175
1234,30,34,-40.3319016338047,129.58816825465476,518.154
1235,30,35,-34.479273043466264,138.20797627023757,514.935
1236,30,36,-28.10033398134875,145.65325129576667,511.728
1237,30,37,-21.362564100995442,152.24229380694294,508.744
1238,30,38,-14.38784129795605,158.24312042679773,506.174
1239,30,39,-7.268460210937667,163.87784890713982,504.179
1240,31,0,3.5202679722803474,-178.94418070667743,502.487
1241,31,1,10.688510951960533,-173.42044280034804,502.285
1242,31,2,17.756283983383945,-167.6294942333094,502.79
1243,31,3,24.64096611014235,-161.36649763235286,503.913
1244,31,4,31.23669196142149,-154.38700052708361,505.517
1245,31,5,37.40012489484677,-146.39551527362863,507.436
1246,31,6,42.93269765086757,-137.05269075326493,509.488
1247,31,7,47.56430356856657,-126.03590981073619,511.495
1248,31,8,50.95634285002957,-113.20552922846147,513.3
1249,31,9,52.75820480968688,-98.8739072175638,514.778
1250,31,10,52.73448356269943,-83.95610471171729,515.853
1251,31,11,50.89023344905302,-69.66230145825396,516.5
1252,31,12,47.46821646732283,-56.89023020092365,516.744
1253,31,13,42.82113675605917,-45.93397156463038,516.66
1254,31,14,37.28617684892344,-36.644330312239006,516.358
1255,31,15,31.130844519853802,-28.69649679776956,515.973
1256,31,16,24.5511679055769,-21.75230835541471,515.646
1257,31,17,17.688308233216688,-15.518363964092806,515.512
1258,31,18,10.646248302697433,-9.7522824082749,515.679
1259,31,19,3.5059685443661026,-4.251058939883984,516.22
1260,31,20,-3.663963199586368,1.164732308924999,517.162
1261,31,21,-10.79895937970787,6.666734632324706,518.48
1262,31,22,-17.830596441553684,12.434208266072826,520.101
1263,31,23,-24.67821113168643,18.669753482981452,521.907
1264,31,24,-31.238314131349366,25.614874246158006,523.749
1265,31,25,-37.3706423832944,33.561391241664936,525.455
1266,31,26,-42.88054574145994,42.844540399250214,526.853
1267,31,27,-47.502910413211914,53.78489152496652,527.782
1268,31,28,-50.90417386514902,66.52705338392136,528.113
1269,31,29,-52.736180864708174,80.7763442945637,527.76
1270,31,30,-52.759734772060966,95.64292721182429,526.688
1271,31,31,-50.96983930382952,109.9296680496858,524.924
1272,31,32,-47.59842719365996,122.72970210147815,522.55
1273,31,33,-42.991539730567226,133.73024085416063,519.702
1274,31,34,-37.484125976354164,143.06638544951602,516.556
1275,31,35,-31.34384396912065,151.05645002362365,513.317
1276,31,36,-24.767823213596998,158.03684871386332,510.195
1277,31,37,-17.89852096530217,164.30142991870733,507.396
1278,31,38,-10.84126301010599,170.093785504715,505.097
1279,31,39,-3.678351419959823,175.61828839223142,503.433
1280,32,0,-0.07938015837909068,-172.6628928591236,502.867
1281,32,1,7.1123809968927665,-167.20402808953096,502.294
1282,32,2,14.239714131652336,-161.57041976021276,502.454
1283,32,3,21.2274373460032,-155.57116408386707,503.282
1284,32,4,27.982837652151606,-148.98351493128146,504.665
1285,32,5,34.383339621478854,-141.53826722650908,506.448
1286,32,6,40.26034515696506,-132.91488019180116,508.457
1287,32,7,45.38097895885864,-122.76942648169096,510.508
1288,32,8,49.43809425037329,-110.84177151144931,512.432
1289,32,9,52.0752781002394,-97.18345588855314,514.086
1290,32,10,52.98067090114337,-82.41236584607852,515.369
1291,32,11,52.02915041767972,-67.66158195600633,516.23
1292,32,12,49.355196244416845,-54.05393267637332,516.669
1293,32,13,45.27538081919566,-42.187500106757085,516.737
1294,32,14,40.146110243096594,-32.09954634417461,516.529
1295,32,15,34.272294405952785,-23.524558029925426,516.167
1296,32,16,27.88416190921243,-16.118546346840166,515.793
1297,32,17,21.147956142179055,-9.562803569188636,515.547
1298,32,18,14.184215429551399,-3.5902650315551075,515.552
1299,32,19,7.083916610413562,2.0198606805097827,515.9
1300,32,20,-0.07933461489114844,7.456794139564305,516.641
1301,32,21,-7.239924534359,12.894118200061989,517.777
1302,32,22,-14.332342595855112,18.50536278249029,519.259
1303,32,23,-21.28319388774531,24.4794662872174,520.989
1304,32,24,-28.001917785598035,31.036632305537232,522.834
1305,32,25,-34.36861714872289,38.44270546032502,524.63
1306,32,26,-40.21818922940774,47.01426160451628,526.203
1307,32,27,-45.32219835086151,57.09162515879064,527.385
1308,32,28,-49.378743321580465,68.93560348151047,528.029
1309,32,29,-52.03562543701289,82.5056389093842,528.026
1310,32,30,-52.98067431623795,97.20703370156804,527.313
1311,32,31,-52.08143210068158,111.92851608010086,525.889
1312,32,32,-49.46111198787623,125.54879437950922,523.806
1313,32,33,-45.42721592444504,137.45358187640966,521.175
1314,32,34,-40.3319016338047,147.58817558573958,518.154
1315,32,35,-34.479273043466264,156.20798360132238,514.935
1316,32,36,-28.10033398134875,163.65325862685145,511.728
1317,32,37,-21.362564100995442,170.24230113802773,508.744
1318,32,38,-14.38784129795605,176.24312775788252,506.174
1319,32,39,-7.268460210937667,-178.12215377968803,504.179
1320,33,0,3.5202679722803474,-160.9441733755926,502.487
1321,33,1,10.688510951960533,-155.42043546926323,502.285
1322,33,2,17.756283983383945,-149.62948690222458,502.79
1323,33,3,24.64096611014235,-143.36649030126804,503.913
1324,33,4,31.23669196142149,-136.38699319599883,505.517
1325,33,5,37.40012489484677,-128.39550794254382,507.436
1326,33,6,42.93269765086757,-119.05268342218014,509.488
1327,33,7,47.56430356856657,-108.03589564946222,511.495
1328,33,8,50.95634285002957,-95.20552189737667,513.3
1329,33,9,52.75820480968688,-80.873899886479,514.778
1330,33,10,52.73448356269943,-65.95609738063249,515.853
1331,33,11,50.89023344905302,-51.66229071207458,516.5
1332,33,12,47.46821646732283,-38.890222869838844,516.744
1333,33,13,42.82113675605917,-27.933965941092872,516.66
1334,33,14,37.28617684892344,-18.6443229811542,516.358
1335,33,15,31.130844519853802,-10.696487759137462,515.973
1336,33,16,24.5511679055769,-3.752301024329905,515.646
1337,33,17,17.688308233216688,2.4816431535485863,515.512
1338,33,18,10.646248302697433,8.247724922809905,515.679
1339,33,19,3.5059685443661026,13.748948818087642,516.22
1340,33,20,-3.663963199586368,19.164738999679567,517.162
1341,33,21,-10.79895937970787,24.666741536522686,518.48
1342,33,22,-17.830596441553684,30.434216450931277,520.101
1343,33,23,-24.67821113168643,36.66976252161355,521.907
1344,33,24,-31.238314131349366,43.61487986969552,523.749
1345,33,25,-37.3706423832944,51.56139857274974,525.455
1346,33,26,-42.88054574145994,60.844547730335016,526.853
1347,33,27,-47.502910413211914,71.78489885605133,527.782
1348,33,28,-50.90417386514902,84.52706071500616,528.113
1349,33,29,-52.736180864708174,98.7763516256485,527.76
1350,33,30,-52.759734772060966,113.64293454290909,526.688
1351,33,31,-50.96983930382952,127.9296753807706,524.924
1352,33,32,-47.59842719365996,140.72970943256297,522.55
1353,33,33,-42.991539730567226,151.73024818524542,519.702
1354,33,34,-37.484125976354164,161.06639278060084,516.556
1355,33,35,-31.34384396912065,169.05645735470847,513.317
1356,33,36,-24.767823213596998,176.03685604494814,510.195
1357,33,37,-17.89852096530217,-177.6985591077422,507.396
1358,33,38,-10.84126301010599,-171.90620352173454,505.097
1359,33,39,-3.678351419959823,-166.3817006342181,503.433
1360,34,0,-0.07938015837909068,-154.66291284879546,502.867
1361,34,1,7.1123809968927665,-149.20404807920283,502.294
1362,34,2,14.239714131652336,-143.57043974988463,502.454
1363,34,3,21.2274373460032,-137.57118407353894,503.282
1364,34,4,27.982837652151606,-130.98353492095336,504.665
1365,34,5,34.383339621478854,-123.53828721618095,506.448
1366,34,6,40.26034515696506,-114.91490018147304,508.457
1367,34,7,45.38097895885864,-104.76944647136283,510.508
1368,34,8,49.43809425037329,-92.84179150112118,512.432
1369,34,9,52.0752781002394,-79.18347587822502,514.086
1370,34,10,52.98067090114337,-64.41238583575038,515.369
1371,34,11,52.02915041767972,-49.6616019456782,516.23
1372,34,12,49.355196244416845,-36.0539526660452,516.669
1373,34,13,45.27538081919566,-24.187518388881667,516.737
1374,34,14,40.146110243096594,-14.099565480072846,516.529
1375,34,15,34.272294405952785,-5.524577165823658,516.167
1376,34,16,27.88416190921243,1.8814334500445458,515.793
1377,34,17,21.147956142179055,8.437176441139487,515.547
1378,34,18,14.184215429551399,14.409714978773016,515.552
1379,34,19,7.083916610413562,20.01984111772473,515.9
1380,34,20,-0.07933461489114844,25.45677414989243,516.641
1381,34,21,-7.239924534359,30.89409650284282,517.777
1382,34,22,-14.332342595855112,36.50534279281842,519.259
1383,34,23,-21.28319388774531,42.47944629754552,520.989
1384,34,24,-28.001917785598035,49.036612315865355,522.834
1385,34,25,-34.36861714872289,56.442685470653146,524.63
1386,34,26,-40.21818922940774,65.01424161484441,526.203
1387,34,27,-45.32219835086151,75.09160516911876,527.385
1388,34,28,-49.378743321580465,86.93558349183859,528.029
1389,34,29,-52.03562543701289,100.50561891971233,528.026
1390,34,30,-52.98067431623795,115.20701371189615,527.313
1391,34,31,-52.08143210068158,129.92850292061814,525.889
1392,34,32,-49.46111198787623,143.54877438983735,523.806
1393,34,33,-45.42721592444504,155.4535618867378,521.175
1394,34,34,-40.3319016338047,165.58815559606768,518.154
1395,34,35,-34.479273043466264,174.2079636116505,514.935
1396,34,36,-28.10033398134875,-178.3467713807331,511.728
1397,34,37,-21.362564100995442,-171.75771520917846,508.744
1398,34,38,-14.38784129795605,-165.7568885893237,506.174
1399,34,39,-7.268460210937667,-160.12217376935993,504.179
1400,35,0,3.5202679722803474,-142.94419336526448,502.487
1401,35,1,10.688510951960533,-137.4204554589351,502.285
1402,35,2,17.756283983383945,-131.62950689189648,502.79
1403,35,3,24.64096611014235,-125.36651029093993,503.913
1404,35,4,31.23669196142149,-118.3870131856707,505.517
1405,35,5,37.40012489484677,-110.39553476240486,507.436
1406,35,6,42.93269765086757,-101.05270341185201,509.488
1407,35,7,47.56430356856657,-90.03591563913409,511.495
1408,35,8,50.95634285002957,-77.20554188704854,513.3
1409,35,9,52.75820480968688,-62.873919876150865,514.778
1410,35,10,52.73448356269943,-47.956120785398944,515.853
1411,35,11,50.89023344905302,-33.662310701746456,516.5
1412,35,12,47.46821646732283,-20.890244567058012,516.744
1413,35,13,42.82113675605917,-9.933985076991101,516.66
1414,35,14,37.28617684892344,-0.6443424905784019,516.358
1415,35,15,31.130844519853802,7.303492251190662,515.973
1416,35,16,24.5511679055769,14.247678985998219,515.646
1417,35,17,17.688308233216688,20.481623377320123,515.512
1418,35,18,10.646248302697433,26.247704933138028,515.679
1419,35,19,3.5059685443661026,31.748928828415767,516.22
1420,35,20,-3.663963199586368,37.164719010007694,517.162
1421,35,21,-10.79895937970787,42.6667232543981,518.48
1422,35,22,-17.830596441553684,48.4341964612594,520.101
1423,35,23,-24.67821113168643,54.66974253194167,521.907
1424,35,24,-31.238314131349366,61.61486329511823,523.749
1425,35,25,-37.3706423832944,69.56137858307785,525.455
1426,35,26,-42.88054574145994,78.84452774066314,526.853
1427,35,27,-47.502910413211914,89.78487886637944,527.782
1428,35,28,-50.90417386514902,102.52704072533429,528.113
1429,35,29,-52.736180864708174,116.77633163597662,527.76
1430,35,30,-52.759734772060966,131.64290772304804,526.688
1431,35,31,-50.96983930382952,145.92965539109872,524.924
1432,35,32,-47.59842719365996,158.72968944289107,522.55
1433,35,33,-42.991539730567226,169.73022819557355,519.702
1434,35,34,-37.484125976354164,179.06637279092894,516.556
1435,35,35,-31.34384396912065,-172.94357265287607,513.317
1436,35,36,-24.767823213596998,-165.9631739626364,510.195
1437,35,37,-17.89852096530217,-159.69857909741407,507.396
1438,35,38,-10.84126301010599,-153.9062235114064,505.097
1439,35,39,-3.678351419959823,-148.38172062388998,503.433
1440,36,0,-0.07938015837909068,-136.66290551771064,502.867
1441,36,1,7.1123809968927665,-131.20404074811805,502.294
1442,36,2,14.239714131652336,-125.57043241879983,502.454
1443,36,3,21.2274373460032,-119.57117674245414,503.282
1444,36,4,27.982837652151606,-112.98352758986854,504.665
1445,36,5,34.383339621478854,-105.53827988509614,506.448
1446,36,6,40.26034515696506,-96.91489285038824,508.457
1447,36,7,45.38097895885864,-86.76943914027802,510.508
1448,36,8,49.43809425037329,-74.84178417003638,512.432
1449,36,9,52.0752781002394,-61.18346854714022,514.086
1450,36,10,52.98067090114337,-46.41238191976017,515.369
1451,36,11,52.02915041767972,-31.661594614593398,516.23
1452,36,12,49.355196244416845,-18.053945334960392,516.669
1453,36,13,45.27538081919566,-6.187511484683687,516.737
1454,36,14,40.146110243096594,3.9004418510119576,516.529
1455,36,15,34.272294405952785,12.475430165261146,516.167
1456,36,16,27.88416190921243,19.88144099457276,515.793
1457,36,17,21.147956142179055,26.437182918450645,515.547
1458,36,18,14.184215429551399,32.40972230985782,515.552
1459,36,19,7.083916610413562,38.01984844880953,515.9
1460,36,20,-0.07933461489114844,43.456781480977234,516.641
1461,36,21,-7.239924534359,48.89410383392762,517.777
1462,36,22,-14.332342595855112,54.50535012390322,519.259
1463,36,23,-21.28319388774531,60.479453628630324,520.989
1464,36,24,-28.001917785598035,67.03661964695016,522.834
1465,36,25,-34.36861714872289,74.44269621683253,524.63
1466,36,26,-40.21818922940774,83.01424894592921,526.203
1467,36,27,-45.32219835086151,93.09161250020357,527.385
1468,36,28,-49.378743321580465,104.93559082292339,528.029
1469,36,29,-52.03562543701289,118.50562625079714,528.026
1470,36,30,-52.98067431623795,133.20702104298095,527.313
1471,36,31,-52.08143210068158,147.92851025170296,525.889
1472,36,32,-49.46111198787623,161.54878172092214,523.806
1473,36,33,-45.42721592444504,173.4535692178226,521.175
1474,36,34,-40.3319016338047,-176.41183343038185,518.154
1475,36,35,-34.479273043466264,-167.792025414799,514.935
1476,36,36,-28.10033398134875,-160.34676404964827,511.728
1477,36,37,-21.362564100995442,-153.75770787809367,508.744
1478,36,38,-14.38784129795605,-147.75688125823888,506.174
1479,36,39,-7.268460210937667,-142.12216643827512,504.179
1480,37,0,3.5202679722803474,-124.9441860341797,502.487
1481,37,1,10.688510951960533,-119.4204481278503,502.285
1482,37,2,17.756283983383945,-113.62949956081167,502.79
1483,37,3,24.64096611014235,-107.36649612966595,503.913
1484,37,4,31.23669196142149,-100.38701268477506,505.517
1485,37,5,37.40012489484677,-92.39552743132006,507.436
1486,37,6,42.93269765086757,-83.0526960807672,509.488
1487,37,7,47.56430356856657,-72.03590830804929,511.495
1488,37,8,50.95634285002957,-59.20553455596374,513.3
1489,37,9,52.75820480968688,-44.873915960160645,514.778
1490,37,10,52.73448356269943,-29.95611345431414,515.853
1491,37,11,50.89023344905302,-15.662303370661654,516.5
1492,37,12,47.46821646732283,-2.8902370225297966,516.744
1493,37,13,42.82113675605917,8.066022254093701,516.66
1494,37,14,37.28617684892344,17.355664360258725,516.358
1495,37,15,31.130844519853802,25.303499582275464,515.973
1496,37,16,24.5511679055769,32.24768631708302,515.646
1497,37,17,17.688308233216688,38.48163070840492,515.512
1498,37,18,10.646248302697433,44.247713971770125,515.679
1499,37,19,3.5059685443661026,49.748936159500566,516.22
1500,37,20,-3.663963199586368,55.164726341092496,517.162
1501,37,21,-10.79895937970787,60.6667305854829,518.48
1502,37,22,-17.830596441553684,66.4342037923442,520.101
1503,37,23,-24.67821113168643,72.66974986302647,521.907
1504,37,24,-31.238314131349366,79.61487062620303,523.749
1505,37,25,-37.3706423832944,87.56138591416267,525.455
1506,37,26,-42.88054574145994,96.84453507174794,526.853
1507,37,27,-47.502910413211914,107.78488619746425,527.782
1508,37,28,-50.90417386514902,120.52704805641909,528.113
1509,37,29,-52.736180864708174,134.77633896706143,527.76
1510,37,30,-52.759734772060966,149.64291505413283,526.688
1511,37,31,-50.96983930382952,163.92966272218354,524.924
1512,37,32,-47.59842719365996,176.7296967739759,522.55
1513,37,33,-42.991539730567226,-172.2697744912543,519.702
1514,37,34,-37.484125976354164,-162.93362989589892,516.556
1515,37,35,-31.34384396912065,-154.94356532179128,513.317
1516,37,36,-24.767823213596998,-147.96316663155162,510.195
1517,37,37,-17.89852096530217,-141.69857176632928,507.396
1518,37,38,-10.84126301010599,-135.90621618032162,505.097
1519,37,39,-3.678351419959823,-130.3817132928052,503.433
1520,38,0,-0.07938015837909068,-118.66289818662585,502.867
1521,38,1,7.1123809968927665,-113.20403341703323,502.294
1522,38,2,14.239714131652336,-107.57043191790419,502.454
1523,38,3,21.2274373460032,-101.5711762415585,503.282
1524,38,4,27.982837652151606,-94.98352025878374,504.665
1525,38,5,34.383339621478854,-87.53827255401134,506.448
1526,38,6,40.26034515696506,-78.91488551930344,508.457
1527,38,7,45.38097895885864,-68.76943180919322,510.508
1528,38,8,49.43809425037329,-56.841780254046164,512.432
1529,38,9,52.0752781002394,-43.18345780096083,514.086
1530,38,10,52.98067090114337,-28.412372881128075,515.369
1531,38,11,52.02915041767972,-13.661588991055886,516.23
1532,38,12,49.355196244416845,-0.05393867755635844,516.669
1533,38,13,45.27538081919566,11.812495419514294,516.737
1534,38,14,40.146110243096594,21.900450035870406,516.529
1535,38,15,34.272294405952785,30.475436642572305,516.167
1536,38,16,27.88416190921243,37.881448325657566,515.793
1537,38,17,21.147956142179055,44.43719024953545,515.547
1538,38,18,14.184215429551399,50.40972964094262,515.552
1539,38,19,7.083916610413562,56.019855779894336,515.9
1540,38,20,-0.07933461489114844,61.45678539696745,516.641
1541,38,21,-7.239924534359,66.89411458010701,517.777
1542,38,22,-14.332342595855112,72.50535403989343,519.259
1543,38,23,-21.28319388774531,78.47946095971513,520.989
1544,38,24,-28.001917785598035,85.03662697803496,522.834
1545,38,25,-34.36861714872289,92.44270354791733,524.63
1546,38,26,-40.21818922940774,101.01425627701401,526.203
1547,38,27,-45.32219835086151,111.09161983128837,527.385
1548,38,28,-49.378743321580465,122.93559132381903,528.029
1549,38,29,-52.03562543701289,136.50563358188194,528.026
1550,38,30,-52.98067431623795,151.20702837406577,527.313
1551,38,31,-52.08143210068158,165.92851758278778,525.889
1552,38,32,-49.46111198787623,179.54878905200695,523.806
1553,38,33,-45.42721592444504,-168.54641980862692,521.175
1554,38,34,-40.3319016338047,-158.41182609929703,518.154
1555,38,35,-34.479273043466264,-149.79201808371423,514.935
1556,38,36,-28.10033398134875,-142.34675671856348,511.728
1557,38,37,-21.362564100995442,-135.75770054700885,508.744
1558,38,38,-14.38784129795605,-129.7568739271541,506.174
1559,38,39,-7.268460210937667,-124.12215910719031,504.179
1560,39,0,3.5202679722803474,-106.94417187290571,502.487
1561,39,1,10.688510951960533,-101.42044762695467,502.285
1562,39,2,17.756283983383945,-95.62949222972686,502.79
1563,39,3,24.64096611014235,-89.36648879858114,503.913
1564,39,4,31.23669196142149,-82.38700535369026,505.517
1565,39,5,37.40012489484677,-74.39552010023526,507.436
1566,39,6,42.93269765086757,-65.0526887496824,509.488
1567,39,7,47.56430356856657,-54.035904392059074,511.495
1568,39,8,50.95634285002957,-41.20552380978435,513.3
1569,39,9,52.75820480968688,-26.873908629075846,514.778
1570,39,10,52.73448356269943,-11.956104415682043,515.853
1571,39,11,50.89023344905302,2.3377033200929143,516.5
1572,39,12,47.46821646732283,15.109770095111596,516.744
1573,39,13,42.82113675605917,26.06602873140486,516.66
1574,39,14,37.28617684892344,35.35567169134353,516.358
1575,39,15,31.130844519853802,43.303505205812975,515.973
1576,39,16,24.5511679055769,50.247693648167825,515.646
1577,39,17,17.688308233216688,56.48163803948973,515.512
1578,39,18,10.646248302697433,62.24772130285493,515.679
1579,39,19,3.5059685443661026,67.7489400754908,516.22
1580,39,20,-3.663963199586368,73.16473367217729,517.162
1581,39,21,-10.79895937970787,78.66673791656771,518.48
1582,39,22,-17.830596441553684,84.43421112342901,520.101
1583,39,23,-24.67821113168643,90.66975719411128,521.907
1584,39,24,-31.238314131349366,97.61487795728783,523.749
1585,39,25,-37.3706423832944,105.56139324524747,525.455
1586,39,26,-42.88054574145994,114.84453557264358,526.853
1587,39,27,-47.502910413211914,125.78488669835988,527.782
1588,39,28,-50.90417386514902,138.52705538750388,528.113
1589,39,29,-52.736180864708174,152.77634629814622,527.76
1590,39,30,-52.759734772060966,167.64292238521764,526.688
1591,39,31,-50.96983930382952,-178.070326304266,524.924
1592,39,32,-47.59842719365996,-165.27030591285197,522.55
1593,39,33,-42.991539730567226,-154.26976716016952,519.702
1594,39,34,-37.484125976354164,-144.9336225648141,516.556
1595,39,35,-31.34384396912065,-136.94355799070647,513.317
1596,39,36,-24.767823213596998,-129.9631593004668,510.195
1597,39,37,-17.89852096530217,-123.69856443524446,507.396
1598,39,38,-10.84126301010599,-117.90620884923682,505.097
1599,39,39,-3.678351419959823,-112.38170596172039,503.433
