0,0,0,-0.07938015837909068,-100.66289768573021,502.867
1,0,1,4.279508812211203,-97.36821933579117,502.431
2,0,2,8.624753926315547,-94.0353465680134,502.268
3,0,3,12.948978279475531,-90.61831220928273,502.372
4,0,4,17.219740180680887,-87.08737761595295,502.728
5,0,5,21.434002757071898,-83.38332504792001,503.316
6,0,6,25.55470369466478,-79.46836306850625,504.106
7,0,7,29.57125278515143,-75.27018729515792,505.066
8,0,8,33.437997044119484,-70.73915591298734,506.158
9,0,9,37.13131255477716,-65.78629887786596,507.344
10,0,10,40.59161274680526,-60.35241211006809,508.58
11,0,11,43.77561471143343,-54.34012101769144,509.83
12,0,12,46.60531427324552,-47.704906427725874,511.051
13,0,13,49.01113229516662,-40.39801786497042,512.208
14,0,14,50.91491433761886,-32.418205404806976,513.274
15,0,15,52.23128303597708,-23.88545668793244,514.217
16,0,16,52.901491933189995,-14.948734725050205,515.023
17,0,17,52.887671045404474,-5.894542046180214,515.675
18,0,18,52.190920033076885,3.0277129357096975,516.169
19,0,19,50.851243314176,11.534444394818598,516.506
20,0,20,48.92867825150623,19.48103310731181,516.695
21,0,21,46.50929547389348,26.751945356161514,516.751
22,0,22,43.66565891107998,33.363179151951165,516.693
23,0,23,40.48364794659487,39.330776901493834,516.547
24,0,24,37.024095660280885,44.73478842186207,516.342
25,0,25,33.335233432962056,49.661161398476736,516.108
26,0,26,29.476094589634812,54.16891891105048,515.878
27,0,27,25.46979761309235,58.34653581499708,515.682
28,0,28,21.361488346201163,62.24327484970525,515.552
29,0,29,17.16137792177042,65.93088715240596,515.513
30,0,30,12.90607103110951,69.44681582012923,515.588
31,0,31,8.598334754605938,72.84977998916968,515.794
32,0,32,4.270164259652979,76.16923826541753,516.143
33,0,33,-0.07933461489114844,79.45678589786309,516.641
34,0,34,-4.41988072559919,82.73841858648741,517.284
35,0,35,-8.745178699119334,86.05820471181543,518.064
36,0,36,-13.048173970565273,89.46170163561112,518.967
37,0,37,-17.296883752261596,92.97823819017053,519.968
38,0,38,-21.488644270431998,96.66648570046405,521.044
39,0,39,-25.58697121585121,100.56369601822495,522.158
40,0,40,-29.581761031189494,104.74140171463075,523.28
41,0,41,-33.428113760390474,109.24850694413877,524.366
42,0,42,-37.1030833829375,114.17293673193457,525.383
43,0,43,-40.54808736631936,119.57310285580009,526.287
44,0,44,-43.72086049995202,125.5455432094643,527.044
45,0,45,-46.544580231145765,132.134722324424,527.619
46,0,46,-48.95082855498458,139.39020005329675,527.984
47,0,47,-50.86243457913107,147.3157330001261,528.113
48,0,48,-52.19444099559403,155.79620515664064,527.991
49,0,49,-52.8876642152153,164.6882781729185,527.606
50,0,50,-52.90263940497056,173.71119029293715,526.957
51,0,51,-52.23821226289006,-177.38141976420016,526.047
52,0,52,-50.93163122561247,-168.8733946245738,524.894
53,0,53,-49.04069676898902,-160.91257692049214,523.514
54,0,54,-46.64967293681017,-153.61890477378066,521.94
55,0,55,-43.830239149320604,-146.98045267414852,520.202
56,0,56,-40.667714714537546,-140.98433888482103,518.346
57,0,57,-37.22296686324956,-135.552494343585,516.413
58,0,58,-33.544343089496586,-130.59996515754378,514.444
59,0,59,-29.69107137866638,-126.06827124702372,512.496
60,0,60,-25.686579279612094,-121.86890702075979,510.607
61,0,61,-21.576302918239943,-117.95257217332286,508.831
62,0,62,-17.37074200285153,-114.24720137878012,507.203
63,0,63,-13.106804314400662,-110.71510565329142,505.767
64,0,64,-8.787550631409156,-107.29721752091451,504.548
65,0,65,-4.445263842989072,-103.9637846776248,503.577
66,1,0,2.0968488652868738,-84.02094369750822,502.615
67,1,1,6.450781553128651,-80.71204489371719,502.316
68,1,2,10.783574378602417,-77.34541733106123,502.287
69,1,3,15.08723559349243,-73.87386440237553,502.52
70,1,4,19.328475709557697,-70.26606286012641,502.994
71,1,5,23.502788509493303,-66.46006971873103,503.687
72,1,6,27.571392179191914,-62.41539561678957,504.565
73,1,7,31.52104639694746,-58.05570636013794,505.597
74,1,8,35.30314070643696,-53.328293378951166,506.74
75,1,9,38.889789152826545,-48.140464176003,507.957
76,1,10,42.217050920201146,-42.432983935716514,509.204
77,1,11,45.235929646549664,-36.1110769531686,510.445
78,1,12,47.8640190995359,-29.14278135813819,511.638
79,1,13,50.028000613514365,-21.501607969476684,512.753
80,1,14,51.649286031894874,-13.22137988395398,513.761
81,1,15,52.64931451884395,-4.467490986095586,514.637
82,1,16,52.98069822190005,4.570978597305035,515.368
83,1,17,52.62444921517052,13.585921594109546,515.941
84,1,18,51.599210499994925,22.33616829359303,516.357
85,1,19,49.961334552120455,30.57266097031285,516.618
86,1,20,47.77855294245153,38.194554442494706,516.739
87,1,21,45.14028650760198,45.12803314823097,516.735
88,1,22,42.11612462993045,51.41655758121045,516.629
89,1,23,38.788043239855455,57.09353419666366,516.45
90,1,24,35.21124734134361,62.24505069888945,516.227
91,1,25,31.42881493749019,66.95741677333469,515.991
92,1,26,27.495763202059656,71.28820066941883,515.774
93,1,27,23.431375466626235,75.32172107244567,515.607
94,1,28,19.27825845123247,79.10406126874528,515.519
95,1,29,15.044285656444098,82.70325677264019,515.535
96,1,30,10.7646163347874,86.15431230362668,515.673
97,1,31,6.4408000854303245,89.51361790349239,515.95
98,1,32,2.1041558870383184,92.80934810256362,516.373
99,1,33,-2.2466383288798384,96.09222388561689,516.944
100,1,34,-6.581388857324458,99.38810434884986,517.657
101,1,35,-10.893550669523377,102.7414608539485,518.499
102,1,36,-15.17550554323109,106.19910068729487,519.455
103,1,37,-19.394431431277926,109.7918894737483,520.497
104,1,38,-23.546216559783538,113.58116914224466,521.597
105,1,39,-27.592700661855062,117.6068553182935,522.719
106,1,40,-31.52116251016335,121.94443525260179,523.829
107,1,41,-35.283811271085824,126.64583204323999,524.884
108,1,42,-38.85349694267168,131.802679508113,525.85
109,1,43,-42.16735787889471,137.47348504765108,526.685
110,1,44,-45.17745981215977,143.7523686686171,527.356
111,1,45,-47.802625944181244,150.67173278843353,527.829
112,1,46,-49.970630439580844,158.25969046572416,528.079
113,1,47,-51.60363646257709,166.48587467943915,528.085
114,1,48,-52.62309000752569,175.19058194640522,527.832
115,1,49,-52.98064358038669,-175.80954734937012,527.315
116,1,50,-52.65525336832728,-166.81787651461514,526.535
117,1,51,-51.66307618382913,-158.0741825278666,525.501
118,1,52,-50.057790483579375,-149.8294475203659,524.233
119,1,53,-47.9052017251365,-142.18848757511594,522.751
120,1,54,-45.293272499726505,-135.2295629996268,521.092
121,1,55,-42.291032114196135,-128.9128674514156,519.289
122,1,56,-38.98008083855953,-123.20751481505557,517.388
123,1,57,-35.41578418622881,-118.02896100900028,515.433
124,1,58,-31.64137725465016,-113.2914803289769,513.467
125,1,59,-27.712128227040026,-108.93787677087576,511.544
126,1,60,-23.647638038769056,-104.8837018757988,509.704
127,1,61,-19.490754174048032,-101.08270843287588,507.999
128,1,62,-15.249725793847034,-97.46658772021769,506.46
129,1,63,-10.95994949976601,-94.00003449000444,505.13
130,1,64,-6.6232856645801395,-90.62631719099,504.031
131,1,65,-2.2713495264101216,-87.31696759471376,503.19
132,2,0,-0.07938015837909068,-70.66289685090416,502.867
133,2,1,4.279508812211203,-67.36821850096511,502.431
134,2,2,8.624753926315547,-64.03534573318734,502.268
135,2,3,12.948978279475531,-60.61831137445669,502.372
136,2,4,17.219740180680887,-57.08737678112689,502.728
137,2,5,21.434002757071898,-53.383327628188546,503.316
138,2,6,25.55470369466478,-49.4683622336802,504.106
139,2,7,29.57125278515143,-45.270186460331864,505.066
140,2,8,33.437997044119484,-40.73915166306671,506.158
141,2,9,37.13131255477716,-35.786294627945324,507.344
142,2,10,40.59161274680526,-30.352411275242034,508.58
143,2,11,43.77561471143343,-24.340120182865384,509.83
144,2,12,46.60531427324552,-17.704905592899816,511.051
145,2,13,49.01113229516662,-10.398017883918012,512.208
146,2,14,50.91491433761886,-2.4182030758770385,513.274
147,2,15,52.23128303597708,6.114543293119971,514.217
148,2,16,52.901491933189995,15.05126610977585,515.023
149,2,17,52.887671045404474,24.10545878864584,515.675
150,2,18,52.190920033076885,33.02771441086599,516.169
151,2,19,50.851243314176,41.53444522964465,516.506
152,2,20,48.92867825150623,49.48103564968516,516.695
153,2,21,46.50929547389348,56.75194619098757,516.751
154,2,22,43.66565891107998,63.36317998677722,516.693
155,2,23,40.48364794659487,69.33077773631989,516.547
156,2,24,37.024095660280885,74.73478925668813,516.342
157,2,25,33.335233432962056,79.66115881820821,516.108
158,2,26,29.476094589634812,84.16891974587654,515.878
159,2,27,25.46979761309235,88.34653664982314,515.682
160,2,28,21.361488346201163,92.2432756845313,515.552
161,2,29,17.16137792177042,95.93088798723201,515.513
162,2,30,12.90607103110951,99.4468166549553,515.588
163,2,31,8.598334754605938,102.84978082399573,515.794
164,2,32,4.270164259652979,106.16923910024359,516.143
165,2,33,-0.07933461489114844,109.45678673268914,516.641
166,2,34,-4.41988072559919,112.73841942131347,517.284
167,2,35,-8.745178699119334,116.05820554664149,518.064
168,2,36,-13.048173970565273,119.46170247043717,518.967
169,2,37,-17.296883752261596,122.97823902499658,519.968
170,2,38,-21.488644270431998,126.6664865352901,521.044
171,2,39,-25.58697121585121,130.563696853051,522.158
172,2,40,-29.581761031189494,134.74140937964597,523.28
173,2,41,-33.428113760390474,139.248514609154,524.366
174,2,42,-37.1030833829375,144.1729443969498,525.383
175,2,43,-40.54808736631936,149.57309686043698,526.287
176,2,44,-43.72086049995202,155.54555087447952,527.044
177,2,45,-46.544580231145765,162.13471632906086,527.619
178,2,46,-48.95082855498458,169.39020771831196,527.984
179,2,47,-50.86243457913107,177.31574066514133,528.113
180,2,48,-52.19444099559403,-174.20378353587844,527.991
181,2,49,-52.8876642152153,-165.31172417997894,527.606
182,2,50,-52.90263940497056,-156.28881205996032,526.957
183,2,51,-52.23821226289006,-147.38141209918493,526.047
184,2,52,-50.93163122561247,-138.8734006199369,524.894
185,2,53,-49.04069676898902,-130.9125692554769,523.514
186,2,54,-46.64967293681017,-123.61891076914378,521.94
187,2,55,-43.830239149320604,-116.98045866951162,520.202
188,2,56,-40.667714714537546,-110.98433121980581,518.346
189,2,57,-37.22296686324956,-105.55249350875894,516.413
190,2,58,-33.544343089496586,-100.59997115290689,514.444
191,2,59,-29.69107137866638,-96.06827041219765,512.496
192,2,60,-25.686579279612094,-91.86890618593374,510.607
193,2,61,-21.576302918239943,-87.95257816868597,508.831
194,2,62,-17.37074200285153,-84.24720054395405,507.203
195,2,63,-13.106804314400662,-80.71510481846536,505.767
196,2,64,-8.787550631409156,-77.29721668608845,504.548
197,2,65,-4.445263842989072,-73.96378384279875,503.577
198,3,0,2.0968488652868738,-54.02093944758757,502.615
199,3,1,6.450781553128651,-50.712040643796556,502.316
200,3,2,10.783574378602417,-47.34541991132976,502.287
201,3,3,15.08723559349243,-43.87386015245489,502.52
202,3,4,19.328475709557697,-40.266058610205775,502.994
203,3,5,23.502788509493303,-36.46006888390499,503.687
204,3,6,27.571392179191914,-32.41539478196351,504.565
205,3,7,31.52104639694746,-28.055703817764595,505.597
206,3,8,35.30314070643696,-23.328294251672403,506.74
207,3,9,38.889789152826545,-18.140461633629652,507.957
208,3,10,42.217050920201146,-12.43298224711681,509.204
209,3,11,45.235929646549664,-6.111076545229366,510.445
210,3,12,47.8640190995359,0.8572199035746885,511.638
211,3,13,50.028000613514365,8.498392011575726,512.753
212,3,14,51.649286031894874,16.778620950872075,513.761
213,3,15,52.64931451884395,25.532510702504116,514.637
214,3,16,52.98069822190005,34.57097857835745,515.368
215,3,17,52.62444921517052,43.585923282709246,515.941
216,3,18,51.599210499994925,52.336167420871796,516.357
217,3,19,49.961334552120455,60.57266522023349,516.618
218,3,20,47.77855294245153,68.19455527732076,516.739
219,3,21,45.14028650760198,75.12803739815162,516.735
220,3,22,42.11612462993045,81.41655841603651,516.629
221,3,23,38.788043239855455,87.0935384465843,516.45
222,3,24,35.21124734134361,92.24505153371551,516.227
223,3,25,31.42881493749019,96.95741760816074,515.991
224,3,26,27.495763202059656,101.28820150424488,515.774
225,3,27,23.431375466626235,105.32172190727172,515.607
226,3,28,19.27825845123247,109.10406210357134,515.519
227,3,29,15.044285656444098,112.70325760746624,515.535
228,3,30,10.7646163347874,116.15430630826356,515.673
229,3,31,6.4408000854303245,119.51361190812928,515.95
230,3,32,2.1041558870383184,122.80934210720051,516.373
231,3,33,-2.2466383288798384,126.09221789025378,516.944
232,3,34,-6.581388857324458,129.38809835348675,517.657
233,3,35,-10.893550669523377,132.74146168877454,518.499
234,3,36,-15.17550554323109,136.1991083523101,519.455
235,3,37,-19.394431431277926,139.7918834783852,520.497
236,3,38,-23.546216559783538,143.58117680725988,521.597
237,3,39,-27.592700661855062,147.60686298330873,522.719
238,3,40,-31.52116251016335,151.94442925723868,523.829
239,3,41,-35.283811271085824,156.64582604787688,524.884
240,3,42,-38.85349694267168,161.8026871731282,525.85
241,3,43,-42.16735787889471,167.4734927126663,526.685
242,3,44,-45.17745981215977,173.75236267325397,527.356
243,3,45,-47.802625944181244,-179.32825590408558,527.829
244,3,46,-49.970630439580844,-171.74029822679495,528.079
245,3,47,-51.60363646257709,-163.5141276734583,528.085
246,3,48,-52.62309000752569,-154.80942040649222,527.832
247,3,49,-52.98064358038669,-145.80955334473322,527.315
248,3,50,-52.65525336832728,-136.8178688495999,526.535
249,3,51,-51.66307618382913,-128.0741748628514,525.501
250,3,52,-50.057790483579375,-119.82943985535067,524.233
251,3,53,-47.9052017251365,-112.18848674028989,522.751
252,3,54,-45.293272499726505,-105.22956216480074,521.092
253,3,55,-42.291032114196135,-98.91287344677872,519.289
254,3,56,-38.98008083855953,-93.20751398022952,517.388
255,3,57,-35.41578418622881,-88.02895334398505,515.433
256,3,58,-31.64137725465016,-83.29147949415085,513.467
257,3,59,-27.712128227040026,-78.9378759360497,511.544
258,3,60,-23.647638038769056,-74.88370104097275,509.704
259,3,61,-19.490754174048032,-71.08270759804982,507.999
260,3,62,-15.249725793847034,-67.46658688539164,506.46
261,3,63,-10.95994949976601,-64.00003365517838,505.13
262,3,64,-6.6232856645801395,-60.62631635616394,504.031
263,3,65,-2.2713495264101216,-57.316966759887706,503.19
264,4,0,-0.07938015837909068,-40.6628960160781,502.867
265,4,1,4.279508812211203,-37.36821766613905,502.431
266,4,2,8.624753926315547,-34.03534489836129,502.268
267,4,3,12.948978279475531,-30.618307124536045,502.372
268,4,4,17.219740180680887,-27.087374238753547,502.728
269,4,5,21.434002757071898,-23.383325085815194,503.316
270,4,6,25.55470369466478,-19.468361398854146,504.106
271,4,7,29.57125278515143,-15.2701873330531,505.066
272,4,8,33.437997044119484,-10.739151682014299,506.158
273,4,9,37.13131255477716,-5.786294646892913,507.344
274,4,10,40.59161274680526,-0.3524089729925234,508.58
275,4,11,43.77561471143343,5.6598806519606715,509.83
276,4,12,46.60531427324552,12.295095241926239,511.051
277,4,13,49.01113229516662,19.601982097134396,512.208
278,4,14,50.91491433761886,27.58179797239243,513.274
279,4,15,52.23128303597708,36.114543274172384,514.217
280,4,16,52.901491933189995,45.051265237054615,515.023
281,4,17,52.887671045404474,54.105459623471894,515.675
282,4,18,52.190920033076885,63.02771524569204,516.169
283,4,19,50.851243314176,71.53444264937612,516.506
284,4,20,48.92867825150623,79.48103306941663,516.695
285,4,21,46.50929547389348,86.75194702581362,516.751
286,4,22,43.66565891107998,93.36318082160328,516.693
287,4,23,40.48364794659487,99.33077857114594,516.547
288,4,24,37.024095660280885,104.73479009151418,516.342
289,4,25,33.335233432962056,109.66115965303426,516.108
290,4,26,29.476094589634812,114.16892058070259,515.878
291,4,27,25.46979761309235,118.34653748464919,515.682
292,4,28,21.361488346201163,122.24328334954653,515.552
293,4,29,17.16137792177042,125.93088882205808,515.513
294,4,30,12.90607103110951,129.4468106595922,515.588
295,4,31,8.598334754605938,132.84978848901096,515.794
296,4,32,4.270164259652979,136.16923310488048,516.143
297,4,33,-0.07933461489114844,139.45679439770436,516.641
298,4,34,-4.41988072559919,142.7384270863287,517.284
299,4,35,-8.745178699119334,146.05821321165672,518.064
300,4,36,-13.048173970565273,149.46169647507406,518.967
301,4,37,-17.296883752261596,152.97823302963346,519.968
302,4,38,-21.488644270431998,156.666480539927,521.044
303,4,39,-25.58697121585121,160.56370451806623,522.158
304,4,40,-29.581761031189494,164.74140338428288,523.28
305,4,41,-33.428113760390474,169.24850861379088,524.366
306,4,42,-37.1030833829375,174.17293840158666,525.383
307,4,43,-40.54808736631936,179.5731045254522,526.287
308,4,44,-43.72086049995202,-174.45445147841792,527.044
309,4,45,-46.544580231145765,-167.86527236345825,527.619
310,4,46,-48.95082855498458,-160.60979463458548,527.984
311,4,47,-50.86243457913107,-152.6842616877561,528.113
312,4,48,-52.19444099559403,-144.20378953124157,527.991
313,4,49,-52.8876642152153,-135.3117165149637,527.606
314,4,50,-52.90263940497056,-126.28880439494509,526.957
315,4,51,-52.23821226289006,-117.38141809454805,526.047
316,4,52,-50.93163122561247,-108.87339978511083,524.894
317,4,53,-49.04069676898902,-100.91256842065086,523.514
318,4,54,-46.64967293681017,-93.61890310412855,521.94
319,4,55,-43.830239149320604,-86.98045783468557,520.202
320,4,56,-40.667714714537546,-80.98433038497976,518.346
321,4,57,-37.22296686324956,-75.55249267393289,516.413
322,4,58,-33.544343089496586,-70.59997031808084,514.444
323,4,59,-29.69107137866638,-66.0682695773716,512.496
324,4,60,-25.686579279612094,-61.86890535110768,510.607
325,4,61,-21.576302918239943,-57.95257733385992,508.831
326,4,62,-17.37074200285153,-54.247199709128004,507.203
327,4,63,-13.106804314400662,-50.71510398363931,505.767
328,4,64,-8.787550631409156,-47.29721585126239,504.548
329,4,65,-4.445263842989072,-43.963786423067276,503.577
330,5,0,2.0968488652868738,-24.020942027856105,502.615
331,5,1,6.450781553128651,-20.71204493161238,502.316
332,5,2,10.783574378602417,-17.345420784050997,502.287
333,5,3,15.08723559349243,-13.873863586497066,502.52
334,5,4,19.328475709557697,-10.26606204424795,502.994
335,5,5,23.502788509493303,-6.460069756626223,503.687
336,5,6,27.571392179191914,-2.4153975756754558,504.565
337,5,7,31.52104639694746,1.9442940288537003,505.597
338,5,8,35.30314070643696,6.671703594945891,506.74
339,5,9,38.889789152826545,11.859535786101818,507.957
340,5,10,42.217050920201146,17.56701602638831,509.204
341,5,11,45.235929646549664,23.888921301388926,510.445
342,5,12,47.8640190995359,30.857216896419335,511.638
343,5,13,50.028000613514365,38.498388577533554,512.753
344,5,14,51.649286031894874,46.77862007815084,513.761
345,5,15,52.64931451884395,55.53250812223558,514.637
346,5,16,52.98069822190005,64.57097599808891,515.368
347,5,17,52.62444921517052,73.58591728734613,515.941
348,5,18,51.599210499994925,82.33616825569786,516.357
349,5,19,49.961334552120455,90.57265922487038,516.618
350,5,20,47.77855294245153,98.19454928195765,516.739
351,5,21,45.14028650760198,105.1280314027885,516.735
352,5,22,42.11612462993045,111.41655925086256,516.629
353,5,23,38.788043239855455,117.09353928141036,516.45
354,5,24,35.21124734134361,122.2450455383524,516.227
355,5,25,31.42881493749019,126.95741161279763,515.991
356,5,26,27.495763202059656,131.28820233907095,515.774
357,5,27,23.431375466626235,135.3217159119086,515.607
358,5,28,19.27825845123247,139.10405610820823,515.519
359,5,29,15.044285656444098,142.70325161210312,515.535
360,5,30,10.7646163347874,146.1543139732788,515.673
361,5,31,6.4408000854303245,149.5136195731445,515.95
362,5,32,2.1041558870383184,152.80934977221574,516.373
363,5,33,-2.2466383288798384,156.092225555269,516.944
364,5,34,-6.581388857324458,159.388106018502,517.657
365,5,35,-10.893550669523377,162.74145569341144,518.499
366,5,36,-15.17550554323109,166.19910235694698,519.455
367,5,37,-19.394431431277926,169.79189114340042,520.497
368,5,38,-23.546216559783538,173.58117081189678,521.597
369,5,39,-27.592700661855062,177.6068569879456,522.719
370,5,40,-31.52116251016335,-178.05557309565876,523.829
371,5,41,-35.283811271085824,-173.35417630502056,524.884
372,5,42,-38.85349694267168,-168.19731517976925,525.85
373,5,43,-42.16735787889471,-162.52650964023113,526.685
374,5,44,-45.17745981215977,-156.24763967964347,527.356
375,5,45,-47.802625944181244,-149.3282618994487,527.829
376,5,46,-49.970630439580844,-141.74030422215804,528.079
377,5,47,-51.60363646257709,-133.51413366882142,528.085
378,5,48,-52.62309000752569,-124.80942640185535,527.832
379,5,49,-52.98064358038669,-115.809545679718,527.315
380,5,50,-52.65525336832728,-106.81787484496301,526.535
381,5,51,-51.66307618382913,-98.0741808582145,525.501
382,5,52,-50.057790483579375,-89.82944585071378,524.233
383,5,53,-47.9052017251365,-82.18848590546384,522.751
384,5,54,-45.293272499726505,-75.22956132997469,521.092
385,5,55,-42.291032114196135,-68.91287261195266,519.289
386,5,56,-38.98008083855953,-63.20751997559263,517.388
387,5,57,-35.41578418622881,-58.02895933934817,515.433
388,5,58,-31.64137725465016,-53.29148548951397,513.467
389,5,59,-27.712128227040026,-48.93788193141282,511.544
390,5,60,-23.647638038769056,-44.88370703633586,509.704
391,5,61,-19.490754174048032,-41.08271017831835,507.999
392,5,62,-15.249725793847034,-37.46658946566016,506.46
393,5,63,-10.95994949976601,-34.000036235446906,505.13
394,5,64,-6.6232856645801395,-30.62631893643247,504.031
395,5,65,-2.2713495264101216,-27.316971047703525,503.19
396,6,0,-0.07938015837909068,-10.662895181252047,502.867
397,6,1,4.279508812211203,-7.368215123765703,502.431
398,6,2,8.624753926315547,-4.035343636648411,502.268
399,6,3,12.948978279475531,-0.6183067165968125,502.372
400,6,4,17.219740180680887,2.9126261691856867,502.728
401,6,5,21.434002757071898,6.616675322124037,503.316
402,6,6,25.55470369466478,10.531640289745557,504.106
403,6,7,29.57125278515143,14.729813501772956,505.066
404,6,8,33.437997044119484,19.260850006585404,506.158
405,6,9,37.13131255477716,24.213705334159496,507.344
406,6,10,40.59161274680526,29.647590394410077,508.58
407,6,11,43.77561471143343,35.65988148678672,509.83
408,6,12,46.60531427324552,42.295096076752294,511.051
409,6,13,49.01113229516662,49.60198463950775,512.208
410,6,14,50.91491433761886,57.581800514765774,513.274
411,6,15,52.23128303597708,66.11454410899843,514.217
412,6,16,52.901491933189995,75.05126607188068,515.023
413,6,17,52.887671045404474,84.10546045829796,515.675
414,6,18,52.190920033076885,93.0277160805181,516.169
415,6,19,50.851243314176,101.53444348420219,516.506
416,6,20,48.92867825150623,109.48103390424268,516.695
417,6,21,46.50929547389348,116.75194786063967,516.751
418,6,22,43.66565891107998,123.36317482624015,516.693
419,6,23,40.48364794659487,129.330779405972,516.547
420,6,24,37.024095660280885,134.73479775652942,516.342
421,6,25,33.335233432962056,139.66116731804948,516.108
422,6,26,29.476094589634812,144.16891458533948,515.878
423,6,27,25.46979761309235,148.34654514966442,515.682
424,6,28,21.361488346201163,152.24327735418342,515.552
425,6,29,17.16137792177042,155.9308964870733,515.513
426,6,30,12.90607103110951,159.4468183246074,515.588
427,6,31,8.598334754605938,162.84978249364784,515.794
428,6,32,4.270164259652979,166.16924076989568,516.143
429,6,33,-0.07933461489114844,169.45678840234126,516.641
430,6,34,-4.41988072559919,172.73842109096557,517.284
431,6,35,-8.745178699119334,176.0582072162936,518.064
432,6,36,-13.048173970565273,179.4617041400893,518.967
433,6,37,-17.296883752261596,-177.02175566288562,519.968
434,6,38,-21.488644270431998,-173.33350815259212,521.044
435,6,39,-25.58697121585121,-169.4362978348312,522.158
436,6,40,-29.581761031189494,-165.25859896861456,523.28
437,6,41,-33.428113760390474,-160.75149373910656,524.366
438,6,42,-37.1030833829375,-155.82706395131078,525.383
439,6,43,-40.54808736631936,-150.42689782744526,526.287
440,6,44,-43.72086049995202,-144.4544438134027,527.044
441,6,45,-46.544580231145765,-137.86527835882134,527.619
442,6,46,-48.95082855498458,-130.60980062994858,527.984
443,6,47,-50.86243457913107,-122.68425402274089,528.113
444,6,48,-52.19444099559403,-114.20378869641551,527.991
445,6,49,-52.8876642152153,-105.31171568013765,527.606
446,6,50,-52.90263940497056,-96.2888103903082,526.957
447,6,51,-52.23821226289006,-87.38141042953283,526.047
448,6,52,-50.93163122561247,-78.87339895028478,524.894
449,6,53,-49.04069676898902,-70.9125675858248,523.514
450,6,54,-46.64967293681017,-63.618902269302495,521.94
451,6,55,-43.830239149320604,-56.98045358476493,520.202
452,6,56,-40.667714714537546,-50.984332965248285,518.346
453,6,57,-37.22296686324956,-45.55249183910683,516.413
454,6,58,-33.544343089496586,-40.599969483254775,514.444
455,6,59,-29.69107137866638,-36.06826532745096,512.496
456,6,60,-25.686579279612094,-31.868904516281624,510.607
457,6,61,-21.576302918239943,-27.952574791486573,508.831
458,6,62,-17.37074200285153,-24.247197166754653,507.203
459,6,63,-13.106804314400662,-20.715103148813252,505.767
460,6,64,-8.787550631409156,-17.29721501643634,504.548
461,6,65,-4.445263842989072,-13.963784734467577,503.577
462,7,0,2.0968488652868738,5.979057953196306,502.615
463,7,1,6.450781553128651,9.287956756987324,502.316
464,7,2,10.783574378602417,12.654580050775056,502.287
465,7,3,15.08723559349243,16.126138102102637,502.52
466,7,4,19.328475709557697,19.73393964435175,502.994
467,7,5,23.502788509493303,23.53993107819983,503.687
468,7,6,27.571392179191914,27.58460347259401,504.565
469,7,7,31.52104639694746,31.944296144340225,505.597
470,7,8,35.30314070643696,36.67170571043241,506.74
471,7,9,38.889789152826545,41.85953491338058,507.957
472,7,10,42.217050920201146,47.56701515366707,509.204
473,7,11,45.235929646549664,53.88892213621498,510.445
474,7,12,47.8640190995359,60.85721773124539,511.638
475,7,13,50.028000613514365,68.4983894123596,512.753
476,7,14,51.649286031894874,76.77862091297689,513.761
477,7,15,52.64931451884395,85.53250554196705,514.637
478,7,16,52.98069822190005,94.57097683291497,515.368
479,7,17,52.62444921517052,103.58591812217219,515.941
480,7,18,51.599210499994925,112.33616909052391,516.357
481,7,19,49.961334552120455,120.57266005969643,516.618
482,7,20,47.77855294245153,128.1945501167837,516.739
483,7,21,45.14028650760198,135.1280390678037,516.735
484,7,22,42.11612462993045,141.41655325549945,516.629
485,7,23,38.788043239855455,147.09353328604723,516.45
486,7,24,35.21124734134361,152.24505320336763,516.227
487,7,25,31.42881493749019,156.95741927781285,515.991
488,7,26,27.495763202059656,161.28819634370782,515.774
489,7,27,23.431375466626235,165.32172357692383,515.607
490,7,28,19.27825845123247,169.10406377322346,515.519
491,7,29,15.044285656444098,172.70325927711835,515.535
492,7,30,10.7646163347874,176.15430797791566,515.673
493,7,31,6.4408000854303245,179.5136135777814,515.95
494,7,32,2.1041558870383184,-177.1906525806817,516.373
495,7,33,-2.2466383288798384,-173.90777679762843,516.944
496,7,34,-6.581388857324458,-170.61189633439545,517.657
497,7,35,-10.893550669523377,-167.25853299910767,518.499
498,7,36,-15.17550554323109,-163.80089999595046,519.455
499,7,37,-19.394431431277926,-160.20811120949702,520.497
500,7,38,-23.546216559783538,-156.41883154100069,521.597
501,7,39,-27.592700661855062,-152.39314536495183,522.719
502,7,40,-31.52116251016335,-148.05556543064353,523.829
503,7,41,-35.283811271085824,-143.35416864000535,524.884
504,7,42,-38.85349694267168,-138.19732117513234,525.85
505,7,43,-42.16735787889471,-132.52651563559425,526.685
506,7,44,-45.17745981215977,-126.24763201462825,527.356
507,7,45,-47.802625944181244,-119.3282678948118,527.829
508,7,46,-49.970630439580844,-111.74030338733199,528.079
509,7,47,-51.60363646257709,-103.51413283399536,528.085
510,7,48,-52.62309000752569,-94.80941873684012,527.832
511,7,49,-52.98064358038669,-85.80955167508111,527.315
512,7,50,-52.65525336832728,-76.81787401013696,526.535
513,7,51,-51.66307618382913,-68.07418002338845,525.501
514,7,52,-50.057790483579375,-59.82944501588772,524.233
515,7,53,-47.9052017251365,-52.188485070637775,522.751
516,7,54,-45.293272499726505,-45.229563910243215,521.092
517,7,55,-42.291032114196135,-38.912871777126604,519.289
518,7,56,-38.98008083855953,-33.20751572567199,517.388
519,7,57,-35.41578418622881,-28.028958504522116,515.433
520,7,58,-31.64137725465016,-23.29148294714062,513.467
521,7,59,-27.712128227040026,-18.937879389039473,511.544
522,7,60,-23.647638038769056,-14.883706201509806,509.704
523,7,61,-19.490754174048032,-11.082707635945003,507.999
524,7,62,-15.249725793847034,-7.46658948460775,506.46
525,7,63,-10.95994949976601,-4.000034546847206,505.13
526,7,64,-6.6232856645801395,-0.6263189020192076,504.031
527,7,65,-2.2713495264101216,2.683030427452766,503.19
528,8,0,-0.07938015837909068,19.33710565357401,502.867
529,8,1,4.279508812211203,22.631785711060353,502.431
530,8,2,8.624753926315547,25.964656771290823,502.268
531,8,3,12.948978279475531,29.381694545116066,502.372
532,8,4,17.219740180680887,32.912625723351276,502.728
533,8,5,21.434002757071898,36.61667487628962,503.316
534,8,6,25.55470369466478,40.531640270797965,504.106
535,8,7,29.57125278515143,44.729816044146304,505.066
536,8,8,33.437997044119484,49.26085084141146,506.158
537,8,9,37.13131255477716,54.213707876532844,507.344
538,8,10,40.59161274680526,59.647591229236134,508.58
539,8,11,43.77561471143343,65.65988573670737,509.83
540,8,12,46.60531427324552,72.29509349648376,511.051
541,8,13,49.01113229516662,79.60198205923922,512.208
542,8,14,50.91491433761886,87.58180134959183,513.274
543,8,15,52.23128303597708,96.1145449438245,514.217
544,8,16,52.901491933189995,105.05126690670673,515.023
545,8,17,52.887671045404474,114.10546129312401,515.675
546,8,18,52.190920033076885,123.02771691534416,516.169
547,8,19,50.851243314176,131.53444431902824,516.506
548,8,20,48.92867825150623,139.4810415692579,516.695
549,8,21,46.50929547389348,146.7519555256549,516.751
550,8,22,43.66565891107998,153.36318249125537,516.693
551,8,23,40.48364794659487,159.33077341060888,516.547
552,8,24,37.024095660280885,164.7347917611663,516.342
553,8,25,33.335233432962056,169.66116132268638,516.108
554,8,26,29.476094589634812,174.1689222503547,515.878
555,8,27,25.46979761309235,178.3465391543013,515.682
556,8,28,21.361488346201163,-177.75672499871402,515.552
557,8,29,17.16137792177042,-174.06910586582413,515.513
558,8,30,12.90607103110951,-170.55318402829005,515.588
559,8,31,8.598334754605938,-167.1502198592496,515.794
560,8,32,4.270164259652979,-163.83076158300176,516.143
561,8,33,-0.07933461489114844,-160.54321395055618,516.641
562,8,34,-4.41988072559919,-157.26158126193187,517.284
563,8,35,-8.745178699119334,-153.94179513660384,518.064
564,8,36,-13.048173970565273,-150.53829821280814,518.967
565,8,37,-17.296883752261596,-147.02176165824875,519.968
566,8,38,-21.488644270431998,-143.3335141479552,521.044
567,8,39,-25.58697121585121,-139.43630383019433,522.158
568,8,40,-29.581761031189494,-135.25859130359936,523.28
569,8,41,-33.428113760390474,-130.75148607409133,524.366
570,8,42,-37.1030833829375,-125.82705628629554,525.383
571,8,43,-40.54808736631936,-120.42690382280836,526.287
572,8,44,-43.72086049995202,-114.45444980876582,527.044
573,8,45,-46.544580231145765,-107.8652775239953,527.619
574,8,46,-48.95082855498458,-100.60979296493336,527.984
575,8,47,-50.86243457913107,-92.68426001810401,528.113
576,8,48,-52.19444099559403,-84.20378786158946,527.991
577,8,49,-52.8876642152153,-75.3117148453116,527.606
578,8,50,-52.90263940497056,-66.28880955548215,526.957
579,8,51,-52.23821226289006,-57.381409594706774,526.047
580,8,52,-50.93163122561247,-48.87339811545873,524.894
581,8,53,-49.04069676898902,-40.91256675099875,523.514
582,8,54,-46.64967293681017,-33.61890143447644,521.94
583,8,55,-43.830239149320604,-26.980454457486164,520.202
584,8,56,-40.667714714537546,-20.984330422874937,518.346
585,8,57,-37.22296686324956,-15.552491004280775,516.413
586,8,58,-33.544343089496586,-10.599966940881426,514.444
587,8,59,-29.69107137866638,-6.068264919511726,512.496
588,8,60,-25.686579279612094,-1.868904108342392,510.607
589,8,61,-21.576302918239943,2.04742540300925,508.831
590,8,62,-17.37074200285153,5.752802814297756,507.203
591,8,63,-13.106804314400662,9.284896832239157,505.767
592,8,64,-8.787550631409156,12.702786672163361,504.548
593,8,65,-4.445263842989072,16.03621524658483,503.577
594,9,0,2.0968488652868738,35.979059641796006,502.615
595,9,1,6.450781553128651,39.28795844558702,502.316
596,9,2,10.783574378602417,42.65457917805382,502.287
597,9,3,15.08723559349243,46.12613893692869,502.52
598,9,4,19.328475709557697,49.733940479177804,502.994
599,9,5,23.502788509493303,53.5399302054786,503.687
600,9,6,27.571392179191914,57.58460089232548,504.565
601,9,7,31.52104639694746,61.94429697916628,505.597
602,9,8,35.30314070643696,66.67170313016389,506.74
603,9,9,38.889789152826545,71.85953916330122,507.957
604,9,10,42.217050920201146,77.56701598849313,509.204
605,9,11,45.235929646549664,83.88892297104104,510.445
606,9,12,47.8640190995359,90.85721856607145,511.638
607,9,13,50.028000613514365,98.49839024718567,512.753
608,9,14,51.649286031894874,106.77862174780294,513.761
609,9,15,52.64931451884395,115.53251320698229,514.637
610,9,16,52.98069822190005,124.5709844979302,515.368
611,9,17,52.62444921517052,133.58591895699826,515.941
612,9,18,51.599210499994925,142.33616992534996,516.357
613,9,19,49.961334552120455,150.57266772471166,516.618
614,9,20,47.77855294245153,158.19455778179892,516.739
615,9,21,45.14028650760198,165.12803307244062,516.735
616,9,22,42.11612462993045,171.41656092051468,516.629
617,9,23,38.788043239855455,177.09354095106247,516.45
618,9,24,35.21124734134361,-177.75494914952984,516.227
619,9,25,31.42881493749019,-173.0425830750846,515.991
620,9,26,27.495763202059656,-168.71180600918962,515.774
621,9,27,23.431375466626235,-164.6782787759736,515.607
622,9,28,19.27825845123247,-160.89593857967398,515.519
623,9,29,15.044285656444098,-157.2967430757791,515.535
624,9,30,10.7646163347874,-153.84569437498178,515.673
625,9,31,6.4408000854303245,-150.48638877511607,515.95
626,9,32,2.1041558870383184,-147.19065857604483,516.373
627,9,33,-2.2466383288798384,-143.90778279299155,516.944
628,9,34,-6.581388857324458,-140.61190232975858,517.657
629,9,35,-10.893550669523377,-137.25853899447077,518.499
630,9,36,-15.17550554323109,-133.80089233093523,519.455
631,9,37,-19.394431431277926,-130.20811720486014,520.497
632,9,38,-23.546216559783538,-126.41882387598544,521.597
633,9,39,-27.592700661855062,-122.39313769993662,522.719
634,9,40,-31.52116251016335,-118.05557142600665,523.829
635,9,41,-35.283811271085824,-113.35417463536845,524.884
636,9,42,-38.85349694267168,-108.1973203403063,525.85
637,9,43,-42.16735787889471,-102.5265148007682,526.685
638,9,44,-45.17745981215977,-96.24763117980218,527.356
639,9,45,-47.802625944181244,-89.32826022979658,527.829
640,9,46,-49.970630439580844,-81.74030255250594,528.079
641,9,47,-51.60363646257709,-73.5141319991693,528.085
642,9,48,-52.62309000752569,-64.80941790201406,527.832
643,9,49,-52.98064358038669,-55.809550840255056,527.315
644,9,50,-52.65525336832728,-46.81786976021632,526.535
645,9,51,-51.66307618382913,-38.074182603656986,525.501
646,9,52,-50.057790483579375,-29.829444181061668,524.233
647,9,53,-47.9052017251365,-22.188485943359016,522.751
648,9,54,-45.293272499726505,-15.229563075417156,521.092
649,9,55,-42.291032114196135,-8.912872649847841,519.289
650,9,56,-38.98008083855953,-3.2075161715064024,517.388
651,9,57,-35.41578418622881,1.971042543747351,515.433
652,9,58,-31.64137725465016,6.708517460798613,513.467
653,9,59,-27.712128227040026,11.062120592012938,511.544
654,9,60,-23.647638038769056,15.11629463331625,509.704
655,9,61,-19.490754174048032,18.917293198881055,507.999
656,9,62,-15.249725793847034,22.53341220399195,506.46
657,9,63,-10.95994949976601,25.999965434205205,505.13
658,9,64,-6.6232856645801395,29.373682733219642,504.031
659,9,65,-2.2713495264101216,32.68303232949588,503.19
660,10,0,-0.07938015837909068,49.337099658210896,502.867
661,10,1,4.279508812211203,52.631778008149944,502.431
662,10,2,8.624753926315547,55.96465077592771,502.268
663,10,3,12.948978279475531,59.38168513465837,502.372
664,10,4,17.219740180680887,62.91261972798816,502.728
665,10,5,21.434002757071898,66.6166722960211,503.316
666,10,6,25.55470369466478,70.53163427543485,504.106
667,10,7,29.57125278515143,74.7298100487832,505.066
668,10,8,33.437997044119484,79.26084143095376,506.158
669,10,9,37.13131255477716,84.21369846607514,507.344
670,10,10,40.59161274680526,89.64758523387302,508.58
671,10,11,43.77561471143343,95.65987974134426,509.83
672,10,12,46.60531427324552,102.29508750112065,511.051
673,10,13,49.01113229516662,109.6019760638761,512.208
674,10,14,50.91491433761886,117.58178852403955,513.274
675,10,15,52.23128303597708,126.11453894846137,514.217
676,10,16,52.901491933189995,135.05126774153277,515.023
677,10,17,52.887671045404474,144.10546212795006,515.675
678,10,18,52.190920033076885,153.02771091998105,516.169
679,10,19,50.851243314176,161.5344383236651,516.506
680,10,20,48.92867825150623,169.4810355738948,516.695
681,10,21,46.50929547389348,176.7519495302918,516.751
682,10,22,43.66565891107998,-176.63681986164207,516.693
683,10,23,40.48364794659487,-170.66922894228856,516.547
684,10,24,37.024095660280885,-165.26521059173115,516.342
685,10,25,33.335233432962056,-160.33884103021106,516.108
686,10,26,29.476094589634812,-155.83108010254273,515.878
687,10,27,25.46979761309235,-151.65346319859614,515.682
688,10,28,21.361488346201163,-147.75673099407715,515.552
689,10,29,17.16137792177042,-144.06911186118725,515.513
690,10,30,12.90607103110951,-140.55319002365314,515.588
691,10,31,8.598334754605938,-137.15022585461273,515.794
692,10,32,4.270164259652979,-133.83076757836486,516.143
693,10,33,-0.07933461489114844,-130.5432199459193,516.641
694,10,34,-4.41988072559919,-127.26158725729498,517.284
695,10,35,-8.745178699119334,-123.94180113196695,518.064
696,10,36,-13.048173970565273,-120.53830420817127,518.967
697,10,37,-17.296883752261596,-117.02176765361186,519.968
698,10,38,-21.488644270431998,-113.33352014331834,521.044
699,10,39,-25.58697121585121,-109.43630299536827,522.158
700,10,40,-29.581761031189494,-105.25859729896246,523.28
701,10,41,-33.428113760390474,-100.75149206945444,524.366
702,10,42,-37.1030833829375,-95.82706228165866,525.383
703,10,43,-40.54808736631936,-90.4269029879823,526.287
704,10,44,-43.72086049995202,-84.45445580412893,527.044
705,10,45,-46.544580231145765,-77.86528351935841,527.619
706,10,46,-48.95082855498458,-70.60979896029647,527.984
707,10,47,-50.86243457913107,-62.68426601346712,528.113
708,10,48,-52.19444099559403,-54.20379044185798,527.991
709,10,49,-52.8876642152153,-45.31172425576929,527.606
710,10,50,-52.90263940497056,-36.28881555084526,526.957
711,10,51,-52.23821226289006,-27.38141559006989,526.047
712,10,52,-50.93163122561247,-18.87340240327455,524.894
713,10,53,-49.04069676898902,-10.912574453909155,523.514
714,10,54,-46.64967293681017,-3.6189078567263793,521.94
715,10,55,-43.830239149320604,3.019540400924366,520.202
716,10,56,-40.667714714537546,9.015662727988301,518.346
717,10,57,-37.22296686324956,14.447503000356111,516.413
718,10,58,-33.544343089496586,19.40002706375546,514.444
719,10,59,-29.69107137866638,23.931729512011984,512.496
720,10,60,-25.686579279612094,28.131090323181315,510.607
721,10,61,-21.576302918239943,32.047418340429076,508.831
722,10,62,-17.37074200285153,35.75279596516099,507.203
723,10,63,-13.106804314400662,39.28489169064969,505.767
724,10,64,-8.787550631409156,42.7027798230266,504.548
725,10,65,-4.445263842989072,46.03620925122172,503.577
726,11,0,2.0968488652868738,65.97905364643289,502.615
727,11,1,6.450781553128651,69.28795245022391,502.316
728,11,2,10.783574378602417,72.65457318269071,502.287
729,11,3,15.08723559349243,76.12613294156557,502.52
730,11,4,19.328475709557697,79.73393448381469,502.994
731,11,5,23.502788509493303,83.53992762521007,503.687
732,11,6,27.571392179191914,87.58459489696237,504.565
733,11,7,31.52104639694746,91.94429098380317,505.597
734,11,8,35.30314070643696,96.67169713480077,506.74
735,11,9,38.889789152826545,101.85953316793811,507.957
736,11,10,42.217050920201146,107.56700999313001,509.204
737,11,11,45.235929646549664,113.88891697567793,510.445
738,11,12,47.8640190995359,120.8572194008975,511.638
739,11,13,50.028000613514365,128.49838425182256,512.753
740,11,14,51.649286031894874,136.77860892225067,513.761
741,11,15,52.64931451884395,145.53250721161916,514.637
742,11,16,52.98069822190005,154.57097850256707,515.368
743,11,17,52.62444921517052,163.58591296163513,515.941
744,11,18,51.599210499994925,172.33616392998684,516.357
745,11,19,49.961334552120455,-179.42734828856413,516.618
746,11,20,47.77855294245153,-171.80545823147685,516.739
747,11,21,45.14028650760198,-164.87196928045682,516.735
748,11,22,42.11612462993045,-158.58344143238278,516.629
749,11,23,38.788043239855455,-152.9064750622133,516.45
750,11,24,35.21124734134361,-147.75495514489293,516.227
751,11,25,31.42881493749019,-143.0425890704477,515.991
752,11,26,27.495763202059656,-138.71181200455274,515.774
753,11,27,23.431375466626235,-134.67828477133673,515.607
754,11,28,19.27825845123247,-130.8959445750371,515.519
755,11,29,15.044285656444098,-127.2967490711422,515.535
756,11,30,10.7646163347874,-123.84570037034489,515.673
757,11,31,6.4408000854303245,-120.48639477047917,515.95
758,11,32,2.1041558870383184,-117.19066457140794,516.373
759,11,33,-2.2466383288798384,-113.9077819581655,516.944
760,11,34,-6.581388857324458,-110.61190149493252,517.657
761,11,35,-10.893550669523377,-107.2585449898339,518.499
762,11,36,-15.17550554323109,-103.80090515648752,519.455
763,11,37,-19.394431431277926,-100.20811637003409,520.497
764,11,38,-23.546216559783538,-96.41883670153773,521.597
765,11,39,-27.592700661855062,-92.39315052548889,522.719
766,11,40,-31.52116251016335,-88.05557742136976,523.829
767,11,41,-35.283811271085824,-83.35418063073158,524.884
768,11,42,-38.85349694267168,-78.19732633566942,525.85
769,11,43,-42.16735787889471,-72.52652079613131,526.685
770,11,44,-45.17745981215977,-66.24763717516531,527.356
771,11,45,-47.802625944181244,-59.328266225159695,527.829
772,11,46,-49.970630439580844,-51.74031196296364,528.079
773,11,47,-51.60363646257709,-43.51413457943783,528.085
774,11,48,-52.62309000752569,-34.80942731247176,527.832
775,11,49,-52.98064358038669,-25.80955512807088,527.315
776,11,50,-52.65525336832728,-16.817877463126724,526.535
777,11,51,-51.66307618382913,-8.074186891472806,525.501
778,11,52,-50.057790483579375,0.17055061064779853,524.233
779,11,53,-47.9052017251365,7.811508061277871,522.751
780,11,54,-45.293272499726505,14.77043092921973,521.092
781,11,55,-42.291032114196135,21.087121354789044,519.289
782,11,56,-38.98008083855953,26.79247740624366,517.388
783,11,57,-35.41578418622881,31.971036334940827,515.433
784,11,58,-31.64137725465016,36.70851018477503,513.467
785,11,59,-27.712128227040026,41.06211374287618,511.544
786,11,60,-23.647638038769056,45.11628863795313,509.704
787,11,61,-19.490754174048032,48.917285495970646,507.999
788,11,62,-15.249725793847034,52.53340620862884,506.46
789,11,63,-10.95994949976601,55.99995943884209,505.13
790,11,64,-6.6232856645801395,59.373673322761945,504.031
791,11,65,-2.2713495264101216,62.68302291903818,503.19
792,12,0,-0.07938015837909068,79.33710732322612,502.867
793,12,1,4.279508812211203,82.63178567316517,502.431
794,12,2,8.624753926315547,85.96465844094293,502.268
795,12,3,12.948978279475531,89.38169279967359,502.372
796,12,4,17.219740180680887,92.91262739300339,502.728
797,12,5,21.434002757071898,96.61667996103633,503.316
798,12,6,25.55470369466478,100.53164194045007,504.106
799,12,7,29.57125278515143,104.72981771379841,505.066
800,12,8,33.437997044119484,109.26084909596898,506.158
801,12,9,37.13131255477716,114.21370613109038,507.344
802,12,10,40.59161274680526,119.64759289888825,508.58
803,12,11,43.77561471143343,125.65988057617031,509.83
804,12,12,46.60531427324552,132.29509516613587,511.051
805,12,13,49.01113229516662,139.6019905590805,512.208
806,12,14,50.91491433761886,147.58179618905478,513.274
807,12,15,52.23128303597708,156.1145466134766,514.217
808,12,16,52.901491933189995,165.051275406548,515.023
809,12,17,52.887671045404474,174.1054697929653,515.675
810,12,18,52.190920033076885,-176.97227777253806,516.169
811,12,19,50.851243314176,-168.46555036885397,516.506
812,12,20,48.92867825150623,-160.51896677900265,516.695
813,12,21,46.50929547389348,-153.24805282260564,516.751
814,12,22,43.66565891107998,-146.63681219662683,516.693
815,12,23,40.48364794659487,-140.66922127727332,516.547
816,12,24,37.024095660280885,-135.26520292671592,516.342
817,12,25,33.335233432962056,-130.33883336519585,516.108
818,12,26,29.476094589634812,-125.83107243752751,515.878
819,12,27,25.46979761309235,-121.65345553358091,515.682
820,12,28,21.361488346201163,-117.75672332906191,515.552
821,12,29,17.16137792177042,-114.06910419617203,515.513
822,12,30,12.90607103110951,-110.55318235863793,515.588
823,12,31,8.598334754605938,-107.15021135940832,515.794
824,12,32,4.270164259652979,-103.83075991334964,516.143
825,12,33,-0.07933461489114844,-100.54321228090409,516.641
826,12,34,-4.41988072559919,-97.26157276209058,517.284
827,12,35,-8.745178699119334,-93.94178663676257,518.064
828,12,36,-13.048173970565273,-90.53829654315604,518.967
829,12,37,-17.296883752261596,-87.02175998859664,519.968
830,12,38,-21.488644270431998,-83.3335124783031,521.044
831,12,39,-25.58697121585121,-79.43629533035305,522.158
832,12,40,-29.581761031189494,-75.25858963394724,523.28
833,12,41,-33.428113760390474,-70.75148440443922,524.366
834,12,42,-37.1030833829375,-65.82705461664342,525.383
835,12,43,-40.54808736631936,-60.42689532296708,526.287
836,12,44,-43.72086049995202,-54.45444472401911,527.044
837,12,45,-46.544580231145765,-47.86527585434319,527.619
838,12,46,-48.95082855498458,-40.609791295281255,527.984
839,12,47,-50.86243457913107,-32.6842583484519,528.113
840,12,48,-52.19444099559403,-24.203784484390052,527.991
841,12,49,-52.8876642152153,-15.31171659075407,527.606
842,12,50,-52.90263940497056,-6.2888070320563845,526.957
843,12,51,-52.23821226289006,2.618591861501927,526.047
844,12,52,-50.93163122561247,11.126605261740675,524.894
845,12,53,-49.04069676898902,19.08743321110607,523.514
846,12,54,-46.64967293681017,26.38110023517567,521.94
847,12,55,-43.830239149320604,33.01954891971324,520.202
848,12,56,-40.667714714537546,39.01566953922988,518.346
849,12,57,-37.22296686324956,44.44751066537134,516.413
850,12,58,-33.544343089496586,49.40003302122339,514.444
851,12,59,-29.69107137866638,53.93173717702721,512.496
852,12,60,-25.686579279612094,58.131097988196544,510.607
853,12,61,-21.576302918239943,62.0474260054443,508.831
854,12,62,-17.37074200285153,65.75280363017622,507.203
855,12,63,-13.106804314400662,69.28489935566492,505.767
856,12,64,-8.787550631409156,72.70278748804182,504.548
857,12,65,-4.445263842989072,76.03622033133153,503.577
858,13,0,2.0968488652868738,95.97906131144812,502.615
859,13,1,6.450781553128651,99.28796011523913,502.316
860,13,2,10.783574378602417,102.65458084770593,502.287
861,13,3,15.08723559349243,106.1261406065808,502.52
862,13,4,19.328475709557697,109.73394214882991,502.994
863,13,5,23.502788509493303,113.53993529022529,503.687
864,13,6,27.571392179191914,117.58460256197759,504.565
865,13,7,31.52104639694746,121.94429864881839,505.597
866,13,8,35.30314070643696,126.671704799816,506.74
867,13,9,38.889789152826545,131.85953400276415,507.957
868,13,10,42.217050920201146,137.56701765814523,509.204
869,13,11,45.235929646549664,143.88891781050398,510.445
870,13,12,47.8640190995359,150.85722706591272,511.638
871,13,13,50.028000613514365,158.49839191683776,512.753
872,13,14,51.649286031894874,166.7786165872659,513.761
873,13,15,52.64931451884395,175.5325148766344,514.637
874,13,16,52.98069822190005,-175.42902385033037,515.368
875,13,17,52.62444921517052,-166.41407573088398,515.941
876,13,18,51.599210499994925,-157.66382476253224,516.357
877,13,19,49.961334552120455,-149.4273406235489,516.618
878,13,20,47.77855294245153,-141.80545056646164,516.739
879,13,21,45.14028650760198,-134.87196161544162,516.735
880,13,22,42.11612462993045,-128.58343376736755,516.629
881,13,23,38.788043239855455,-122.90646739719809,516.45
882,13,24,35.21124734134361,-117.75494747987771,516.227
883,13,25,31.42881493749019,-113.04258140543247,515.991
884,13,26,27.495763202059656,-108.71179750934834,515.774
885,13,27,23.431375466626235,-104.6782771063215,515.607
886,13,28,19.27825845123247,-100.89593691002187,515.519
887,13,29,15.044285656444098,-97.29674140612698,515.535
888,13,30,10.7646163347874,-93.84568587514049,515.673
889,13,31,6.4408000854303245,-90.48638027527477,515.95
890,13,32,2.1041558870383184,-87.19065007620354,516.373
891,13,33,-2.2466383288798384,-83.90777429315027,516.944
892,13,34,-6.581388857324458,-80.6118938299173,517.657
893,13,35,-10.893550669523377,-77.25853732481868,518.499
894,13,36,-15.17550554323109,-73.80089749147228,519.455
895,13,37,-19.394431431277926,-70.20810870501886,520.497
896,13,38,-23.546216559783538,-66.41882903652251,521.597
897,13,39,-27.592700661855062,-62.39314286047367,522.719
898,13,40,-31.52116251016335,-58.055569756354544,523.829
899,13,41,-35.283811271085824,-53.35416955062176,524.884
900,13,42,-38.85349694267168,-48.197318670654184,525.85
901,13,43,-42.16735787889471,-42.52650971602149,526.685
902,13,44,-45.17745981215977,-36.247632925244666,527.356
903,13,45,-47.802625944181244,-29.328261975239055,527.829
904,13,46,-49.970630439580844,-21.740302590401118,528.079
905,13,47,-51.60363646257709,-13.51412776819625,528.085
906,13,48,-52.62309000752569,-4.80941922056971,527.832
907,13,49,-52.98064358038669,4.190452110057523,527.315
908,13,50,-52.65525336832728,13.182130201888501,526.535
909,13,51,-51.66307618382913,21.92582077354242,525.501
910,13,52,-50.057790483579375,30.170557488590443,524.233
911,13,53,-47.9052017251365,37.811517433840386,522.751
912,13,54,-45.293272499726505,44.77043859423495,521.092
913,13,55,-42.291032114196135,51.087130727351564,519.289
914,13,56,-38.98008083855953,56.79248677880618,517.388
915,13,57,-35.41578418622881,61.97104399995605,515.433
916,13,58,-31.64137725465016,66.70851784979025,513.467
917,13,59,-27.712128227040026,71.0621214078914,511.544
918,13,60,-23.647638038769056,75.11629630296837,509.704
919,13,61,-19.490754174048032,78.91729657608046,507.999
920,13,62,-15.249725793847034,82.53341045854948,506.46
921,13,63,-10.95994949976601,85.9999705189519,505.13
922,13,64,-6.6232856645801395,89.37368098777716,504.031
923,13,65,-2.2713495264101216,92.68303058405341,503.19
924,14,0,-0.07938015837909068,109.33710132786301,502.867
925,14,1,4.279508812211203,112.63177967780206,502.431
926,14,2,8.624753926315547,115.964659275769,502.268
927,14,3,12.948978279475531,119.38169363449965,502.372
928,14,4,17.219740180680887,122.91262822782944,502.728
929,14,5,21.434002757071898,126.61666713548404,503.316
930,14,6,25.55470369466478,130.53163594508698,504.106
931,14,7,29.57125278515143,134.72981171843531,505.066
932,14,8,33.437997044119484,139.26084993079505,506.158
933,14,9,37.13131255477716,144.21370696591643,507.344
934,14,10,40.59161274680526,149.64758690352514,508.58
935,14,11,43.77561471143343,155.65987458080718,509.83
936,14,12,46.60531427324552,162.29508917077277,511.051
937,14,13,49.01113229516662,169.6019845637174,512.208
938,14,14,50.91491433761886,177.58179019369166,513.274
939,14,15,52.23128303597708,-173.88545573942085,514.217
940,14,16,52.901491933189995,-164.94874060672777,515.023
941,14,17,52.887671045404474,-155.8945462203105,515.675
942,14,18,52.190920033076885,-146.9722837679012,516.169
943,14,19,50.851243314176,-138.4655563642171,516.506
944,14,20,48.92867825150623,-130.51897277436575,516.695
945,14,21,46.50929547389348,-123.24805881796877,516.751
946,14,22,43.66565891107998,-116.63681819198995,516.693
947,14,23,40.48364794659487,-110.66922727263645,516.547
948,14,24,37.024095660280885,-105.26520892207904,516.342
949,14,25,33.335233432962056,-100.33883936055896,516.108
950,14,26,29.476094589634812,-95.8310852630798,515.878
951,14,27,25.46979761309235,-91.65346152894402,515.682
952,14,28,21.361488346201163,-87.75672249423586,515.552
953,14,29,17.16137792177042,-84.06911019153515,515.513
954,14,30,12.90607103110951,-80.55318835400104,515.588
955,14,31,8.598334754605938,-77.15021735477144,515.794
956,14,32,4.270164259652979,-73.83076590871275,516.143
957,14,33,-0.07933461489114844,-70.5432182762672,516.641
958,14,34,-4.41988072559919,-67.26157875745369,517.284
959,14,35,-8.745178699119334,-63.94179263212568,518.064
960,14,36,-13.048173970565273,-60.538302538519154,518.967
961,14,37,-17.296883752261596,-57.021762568865164,519.968
962,14,38,-21.488644270431998,-53.333518473666224,521.044
963,14,39,-25.58697121585121,-49.43630132571616,522.158
964,14,40,-29.581761031189494,-45.25859562931035,523.28
965,14,41,-33.428113760390474,-40.751493814896925,524.366
966,14,42,-37.1030833829375,-35.82706402710113,525.383
967,14,43,-40.54808736631936,-30.42690131833019,526.287
968,14,44,-43.72086049995202,-24.45445242692952,527.044
969,14,45,-46.544580231145765,-17.86528014215901,527.619
970,14,46,-48.95082855498458,-10.609798144418013,527.984
971,14,47,-50.86243457913107,-2.6842626362677184,528.113
972,14,48,-52.19444099559403,5.796209520246833,527.991
973,14,49,-52.8876642152153,14.688277413882815,527.606
974,14,50,-52.90263940497056,23.71118782635415,526.957
975,14,51,-52.23821226289006,32.61858607958222,526.047
976,14,52,-50.93163122561247,41.12659755883027,524.894
977,14,53,-49.04069676898902,49.08742892329025,523.514
978,14,54,-46.64967293681017,56.381094239812555,521.94
979,14,55,-43.830239149320604,63.01953950925554,520.202
980,14,56,-40.667714714537546,69.01566695896135,518.346
981,14,57,-37.22296686324956,74.44750467000823,516.413
982,14,58,-33.544343089496586,79.40002702586028,514.444
983,14,59,-29.69107137866638,83.93172776656951,512.496
984,14,60,-25.686579279612094,88.13109199283343,510.607
985,14,61,-21.576302918239943,92.04742001008118,508.831
986,14,62,-17.37074200285153,95.7527976348131,507.203
987,14,63,-13.106804314400662,99.2848933603018,505.767
988,14,64,-8.787550631409156,102.70278149267871,504.548
989,14,65,-4.445263842989072,106.03621433596841,503.577
990,15,0,2.0968488652868738,125.97905531608501,502.615
991,15,1,6.450781553128651,129.28795411987602,502.316
992,15,2,10.783574378602417,132.65458168253198,502.287
993,15,3,15.08723559349243,136.12613461121768,502.52
994,15,4,19.328475709557697,139.7339361534668,502.994
995,15,5,23.502788509493303,143.539922464673,503.687
996,15,6,27.571392179191914,147.58459656661447,504.565
997,15,7,31.52104639694746,151.94429265345528,505.597
998,15,8,35.30314070643696,156.6716988044529,506.74
999,15,9,38.889789152826545,161.85952800740105,507.957
1000,15,10,42.217050920201146,167.56701166278214,509.204
1001,15,11,45.235929646549664,173.88891181514086,510.445
1002,15,12,47.8640190995359,-179.14278894736304,511.638
1003,15,13,50.028000613514365,-171.50161043605968,512.753
1004,15,14,51.649286031894874,-163.22138576563154,513.761
1005,15,15,52.64931451884395,-154.46750113664137,514.637
1006,15,16,52.98069822190005,-145.42902984569346,515.368
1007,15,17,52.62444921517052,-136.41408172624708,515.941
1008,15,18,51.599210499994925,-127.66383075789537,516.357
1009,15,19,49.961334552120455,-119.42734661891201,516.618
1010,15,20,47.77855294245153,-111.80544973163558,516.739
1011,15,21,45.14028650760198,-104.87196761080472,516.735
1012,15,22,42.11612462993045,-98.58344659291983,516.629
1013,15,23,38.788043239855455,-92.90646656237203,516.45
1014,15,24,35.21124734134361,-87.75495347524082,516.227
1015,15,25,31.42881493749019,-83.04258740079558,515.991
1016,15,26,27.495763202059656,-78.71180350471145,515.774
1017,15,27,23.431375466626235,-74.67828310168461,515.607
1018,15,28,19.27825845123247,-70.895942905385,515.519
1019,15,29,15.044285656444098,-67.2967474014901,515.535
1020,15,30,10.7646163347874,-63.8456918705036,515.673
1021,15,31,6.4408000854303245,-60.48638627063789,515.95
1022,15,32,2.1041558870383184,-57.19065948666124,516.373
1023,15,33,-2.2466383288798384,-53.907783703607976,516.944
1024,15,34,-6.581388857324458,-50.611903240375,517.657
1025,15,35,-10.893550669523377,-47.258543320181786,518.499
1026,15,36,-15.17550554323109,-43.8009034868354,519.455
1027,15,37,-19.394431431277926,-40.20811470038197,520.497
1028,15,38,-23.546216559783538,-36.41883161679103,521.597
1029,15,39,-27.592700661855062,-32.393148855836785,522.719
1030,15,40,-31.52116251016335,-28.055574044170363,523.829
1031,15,41,-35.283811271085824,-23.354175545984873,524.884
1032,15,42,-38.85349694267168,-18.19732295847001,525.85
1033,15,43,-42.16735787889471,-12.526516565158257,526.685
1034,15,44,-45.17745981215977,-6.247637213060486,527.356
1035,15,45,-47.802625944181244,0.6717327230889166,527.829
1036,15,46,-49.970630439580844,8.259691414235768,528.079
1037,15,47,-51.60363646257709,16.48586709021428,528.085
1038,15,48,-52.62309000752569,25.190574357180353,527.832
1039,15,49,-52.98064358038669,34.19044483403394,527.315
1040,15,50,-52.65525336832728,43.18212591407268,526.535
1041,15,51,-51.66307618382913,51.92581307063201,525.501
1042,15,52,-50.057790483579375,60.17055149322733,524.233
1043,15,53,-47.9052017251365,67.81151143847727,522.751
1044,15,54,-45.293272499726505,74.77043601396643,521.092
1045,15,55,-42.291032114196135,81.08712473198845,519.289
1046,15,56,-38.98008083855953,86.79247736834849,517.388
1047,15,57,-35.41578418622881,91.97103800459294,515.433
1048,15,58,-31.64137725465016,96.70851185442714,513.467
1049,15,59,-27.712128227040026,101.06211541252829,511.544
1050,15,60,-23.647638038769056,105.11629030760524,509.704
1051,15,61,-19.490754174048032,108.91729058071735,507.999
1052,15,62,-15.249725793847034,112.53340446318636,506.46
1053,15,63,-10.95994949976601,115.99995769339961,505.13
1054,15,64,-6.6232856645801395,119.37367499241405,504.031
1055,15,65,-2.2713495264101216,122.68302458869029,503.19
1056,16,0,-0.07938015837909068,139.3371158230674,502.867
1057,16,1,4.279508812211203,142.63179417300645,502.431
1058,16,2,8.624753926315547,145.9646669407842,502.268
1059,16,3,12.948978279475531,149.38170129951487,502.372
1060,16,4,17.219740180680887,152.91263589284466,502.728
1061,16,5,21.434002757071898,156.61667480049925,503.316
1062,16,6,25.55470369466478,160.53164361010218,504.106
1063,16,7,29.57125278515143,164.72981938345052,505.066
1064,16,8,33.437997044119484,169.26085759581028,506.158
1065,16,9,37.13131255477716,174.21371463093166,507.344
1066,16,10,40.59161274680526,179.64759456854034,508.58
1067,16,11,43.77561471143343,-174.3401141117119,509.83
1068,16,12,46.60531427324552,-167.70489952174634,511.051
1069,16,13,49.01113229516662,-160.39801778918007,512.208
1070,16,14,50.91491433761886,-152.41819849882745,513.274
1071,16,15,52.23128303597708,-143.88544807440562,514.217
1072,16,16,52.901491933189995,-134.94873294171256,515.023
1073,16,17,52.887671045404474,-125.89453855529527,515.675
1074,16,18,52.190920033076885,-116.97227610288596,516.169
1075,16,19,50.851243314176,-108.46554869920188,516.506
1076,16,20,48.92867825150623,-100.51895827916137,516.695
1077,16,21,46.50929547389348,-93.24804432276437,516.751
1078,16,22,43.66565891107998,-86.63681735716389,516.693
1079,16,23,40.48364794659487,-80.66921960762122,516.547
1080,16,24,37.024095660280885,-75.26520125706381,516.342
1081,16,25,33.335233432962056,-70.33883169554373,516.108
1082,16,26,29.476094589634812,-65.83107759806457,515.878
1083,16,27,25.46979761309235,-61.653453863928796,515.682
1084,16,28,21.361488346201163,-57.756714829220634,515.552
1085,16,29,17.16137792177042,-54.06910252651992,515.513
1086,16,30,12.90607103110951,-50.55318068898582,515.588
1087,16,31,8.598334754605938,-47.15020968975621,515.794
1088,16,32,4.270164259652979,-43.83075482860294,516.143
1089,16,33,-0.07933461489114844,-40.54320719615738,516.641
1090,16,34,-4.41988072559919,-37.26157109243847,517.284
1091,16,35,-8.745178699119334,-33.94178838220504,518.064
1092,16,36,-13.048173970565273,-30.53829487350393,518.967
1093,16,37,-17.296883752261596,-27.021756611397233,519.968
1094,16,38,-21.488644270431998,-23.333509101103708,521.044
1095,16,39,-25.58697121585121,-19.436293660700933,522.158
1096,16,40,-29.581761031189494,-15.258589671842419,523.28
1097,16,41,-33.428113760390474,-10.751484442334403,524.366
1098,16,42,-37.1030833829375,-5.8270559351990805,525.383
1099,16,43,-40.54808736631936,-0.4268953075014066,526.287
1100,16,44,-43.72086049995202,5.545556091859352,527.044
1101,16,45,-46.544580231145765,12.13472666908257,527.619
1102,16,46,-48.95082855498458,19.390208666823565,527.984
1103,16,47,-50.86243457913107,27.315745028747507,528.113
1104,16,48,-52.19444099559403,35.79621889280935,527.991
1105,16,49,-52.8876642152153,44.68828507889804,527.606
1106,16,50,-52.90263940497056,53.71119378382208,526.957
1107,16,51,-52.23821226289006,62.61859374459745,526.047
1108,16,52,-50.93163122561247,71.12660522384549,524.894
1109,16,53,-49.04069676898902,79.08743658830548,523.514
1110,16,54,-46.64967293681017,86.38110190482779,521.94
1111,16,55,-43.830239149320604,93.01954717427077,520.202
1112,16,56,-40.667714714537546,99.01567462397658,518.346
1113,16,57,-37.22296686324956,104.44751233502345,516.413
1114,16,58,-33.544343089496586,109.4000346908755,514.444
1115,16,59,-29.69107137866638,113.93173543158474,512.496
1116,16,60,-25.686579279612094,118.13109965784865,510.607
1117,16,61,-21.576302918239943,122.04743450528558,508.831
1118,16,62,-17.37074200285153,125.7528121300175,507.203
1119,16,63,-13.106804314400662,129.28489419512786,505.767
1120,16,64,-8.787550631409156,132.70278915769393,504.548
1121,16,65,-4.445263842989072,136.03622200098363,503.577
1122,17,0,2.0968488652868738,155.97906298110024,502.615
1123,17,1,6.450781553128651,159.28796178489125,502.316
1124,17,2,10.783574378602417,162.65458934754722,502.287
1125,17,3,15.08723559349243,166.1261422762329,502.52
1126,17,4,19.328475709557697,169.73394381848203,502.994
1127,17,5,23.502788509493303,173.53993012968823,503.687
1128,17,6,27.571392179191914,177.5846042316297,504.565
1129,17,7,31.52104639694746,-178.05569603906383,505.597
1130,17,8,35.30314070643696,-173.32828988806622,506.74
1131,17,9,38.889789152826545,-168.14046068511806,507.957
1132,17,10,42.217050920201146,-162.43297702973697,509.204
1133,17,11,45.235929646549664,-156.11107687737822,510.445
1134,17,12,47.8640190995359,-149.14278128234784,511.638
1135,17,13,50.028000613514365,-141.50160277104445,512.753
1136,17,14,51.649286031894874,-133.22137810061633,513.761
1137,17,15,52.64931451884395,-124.46749347162616,514.637
1138,17,16,52.98069822190005,-115.42902218067825,515.368
1139,17,17,52.62444921517052,-106.41407406123186,515.941
1140,17,18,51.599210499994925,-97.66382992306931,516.357
1141,17,19,49.961334552120455,-89.42733212370761,516.618
1142,17,20,47.77855294245153,-81.80544206662034,516.739
1143,17,21,45.14028650760198,-74.8719599457895,516.735
1144,17,22,42.11612462993045,-68.58343892790461,516.629
1145,17,23,38.788043239855455,-62.906458897356806,516.45
1146,17,24,35.21124734134361,-57.7549458102256,516.227
1147,17,25,31.42881493749019,-53.042579735780365,515.991
1148,17,26,27.495763202059656,-48.71179583969623,515.774
1149,17,27,23.431375466626235,-44.678272021574806,515.607
1150,17,28,19.27825845123247,-40.895931825275184,515.519
1151,17,29,15.044285656444098,-37.29673632138028,515.535
1152,17,30,10.7646163347874,-33.84568762058296,515.673
1153,17,31,6.4408000854303245,-30.486378605622665,515.95
1154,17,32,2.1041558870383184,-27.190651821646014,516.373
1155,17,33,-2.2466383288798384,-23.907776038592747,516.944
1156,17,34,-6.581388857324458,-20.611893867812483,517.657
1157,17,35,-10.893550669523377,-17.258533947619267,518.499
1158,17,36,-15.17550554323109,-13.800895821820173,519.455
1159,17,37,-19.394431431277926,-10.208108742914039,520.497
1160,17,38,-23.546216559783538,-6.418824378662631,521.597
1161,17,39,-27.592700661855062,-2.3931401236045,522.719
1162,17,40,-31.52116251016335,1.944434261175097,523.829
1163,17,41,-35.283811271085824,6.6458316921435285,524.884
1164,17,42,-38.85349694267168,11.802684706545216,525.85
1165,17,43,-42.16735787889471,17.473491953630614,526.685
1166,17,44,-45.17745981215977,23.75237045195474,527.356
1167,17,45,-47.802625944181244,30.671739694413056,527.829
1168,17,46,-49.970630439580844,38.2596973717037,528.079
1169,17,47,-51.60363646257709,46.48587475522951,528.085
1170,17,48,-52.62309000752569,55.19058202219558,527.832
1171,17,49,-52.98064358038669,64.19045249904916,527.315
1172,17,50,-52.65525336832728,73.18213016399332,526.535
1173,17,51,-51.66307618382913,81.92582415074182,525.501
1174,17,52,-50.057790483579375,90.17055915824255,524.233
1175,17,53,-47.9052017251365,97.8115191034925,522.751
1176,17,54,-45.293272499726505,104.77044367898165,521.092
1177,17,55,-42.291032114196135,111.08713239700367,519.289
1178,17,56,-38.98008083855953,116.79249186355287,517.388
1179,17,57,-35.41578418622881,121.97104566960816,515.433
1180,17,58,-31.64137725465016,126.70851951944236,513.467
1181,17,59,-27.712128227040026,131.0621230775435,511.544
1182,17,60,-23.647638038769056,135.11630480280965,509.704
1183,17,61,-19.490754174048032,138.9172914155434,507.999
1184,17,62,-15.249725793847034,142.53341212820158,506.46
1185,17,63,-10.95994949976601,145.99996535841484,505.13
1186,17,64,-6.6232856645801395,149.37368265742927,504.031
1187,17,65,-2.2713495264101216,152.6830322537055,503.19
1188,18,0,-0.07938015837909068,169.3371098277043,502.867
1189,18,1,4.279508812211203,172.63178817764333,502.431
1190,18,2,8.624753926315547,175.9646609454211,502.268
1191,18,3,12.948978279475531,179.38169530415175,502.372
1192,18,4,17.219740180680887,-177.0873801204311,502.728
1193,18,5,21.434002757071898,-173.38332755239819,503.316
1194,18,6,25.55470369466478,-169.46835874279526,504.106
1195,18,7,29.57125278515143,-165.27018296944692,505.066
1196,18,8,33.437997044119484,-160.73915841746552,506.158
1197,18,9,37.13131255477716,-155.78630138234413,507.344
1198,18,10,40.59161274680526,-150.3524077843571,508.58
1199,18,11,43.77561471143343,-144.34012010707502,509.83
1200,18,12,46.60531427324552,-137.70490551710947,511.051
1201,18,13,49.01113229516662,-130.39802378454317,512.208
1202,18,14,50.91491433761886,-122.41820449419056,513.274
1203,18,15,52.23128303597708,-113.88545406976873,514.217
1204,18,16,52.901491933189995,-104.9487321068865,515.023
1205,18,17,52.887671045404474,-95.89454455065838,515.675
1206,18,18,52.190920033076885,-86.97228892843823,516.169
1207,18,19,50.851243314176,-78.46555469456499,516.506
1208,18,20,48.92867825150623,-70.51896427452448,516.695
1209,18,21,46.50929547389348,-63.24805031812748,516.751
1210,18,22,43.66565891107998,-56.63681993743242,516.693
1211,18,23,40.48364794659487,-50.669222187889744,516.547
1212,18,24,37.024095660280885,-45.26521066752151,516.342
1213,18,25,33.335233432962056,-40.33883769090685,516.108
1214,18,26,29.476094589634812,-35.831080178333096,515.878
1215,18,27,25.46979761309235,-31.653459859291914,515.682
1216,18,28,21.361488346201163,-27.756724239678334,515.552
1217,18,29,17.16137792177042,-24.069110229430326,515.513
1218,18,30,12.90607103110951,-20.55318497680164,515.588
1219,18,31,8.598334754605938,-17.15021739266662,515.794
1220,18,32,4.270164259652979,-13.830761677739702,516.143
1221,18,33,-0.07933461489114844,-10.543213191520497,516.641
1222,18,34,-4.41988072559919,-7.261577941575233,517.284
1223,18,35,-8.745178699119334,-3.941794377568154,518.064
1224,18,36,-13.048173970565273,-0.5382995882065755,518.967
1225,18,37,-17.296883752261596,2.978238033569887,519.968
1226,18,38,-21.488644270431998,6.666484903533178,521.044
1227,18,39,-25.58697121585121,10.56370034393595,522.158
1228,18,40,-29.581761031189494,14.741404332794467,523.28
1229,18,41,-33.428113760390474,19.24850956230248,524.366
1230,18,42,-37.1030833829375,24.172937642550984,525.383
1231,18,43,-40.54808736631936,29.57310035132192,526.287
1232,18,44,-43.72086049995202,35.545550950269885,527.044
1233,18,45,-46.544580231145765,42.13471981994581,527.619
1234,18,46,-48.95082855498458,49.39020437900774,527.984
1235,18,47,-50.86243457913107,57.3157373258371,528.113
1236,18,48,-52.19444099559403,65.79620948235166,527.991
1237,18,49,-52.8876642152153,74.68828249862952,527.606
1238,18,50,-52.90263940497056,83.71118778845897,526.957
1239,18,51,-52.23821226289006,92.61858774923434,526.047
1240,18,52,-50.93163122561247,101.12659922848238,524.894
1241,18,53,-49.04069676898902,109.08743059294235,523.514
1242,18,54,-46.64967293681017,116.38109590946466,521.94
1243,18,55,-43.830239149320604,123.01954800909682,520.202
1244,18,56,-40.667714714537546,129.0156617984243,518.346
1245,18,57,-37.22296686324956,134.44750633966032,516.413
1246,18,58,-33.544343089496586,139.40003552570155,514.444
1247,18,59,-29.69107137866638,143.93172943622162,512.496
1248,18,60,-25.686579279612094,148.13109366248554,510.607
1249,18,61,-21.576302918239943,152.04742850992247,508.831
1250,18,62,-17.37074200285153,155.75280613465438,507.203
1251,18,63,-13.106804314400662,159.28488819976474,505.767
1252,18,64,-8.787550631409156,162.70278316233083,504.548
1253,18,65,-4.445263842989072,166.03621600562053,503.577
1254,19,0,2.0968488652868738,-174.0209393717972,502.615
1255,19,1,6.450781553128651,-170.7120405680062,502.316
1256,19,2,10.783574378602417,-167.34542666572858,502.287
1257,19,3,15.08723559349243,-163.87386007666453,502.52
1258,19,4,19.328475709557697,-160.2660585344154,502.994
1259,19,5,23.502788509493303,-156.4600722232092,503.687
1260,19,6,27.571392179191914,-152.41539812126774,504.565
1261,19,7,31.52104639694746,-148.05570203442693,505.597
1262,19,8,35.30314070643696,-143.32829588342932,506.74
1263,19,9,38.889789152826545,-138.14046668048115,507.957
1264,19,10,42.217050920201146,-132.4329830251001,509.204
1265,19,11,45.235929646549664,-126.11108287274135,510.445
1266,19,12,47.8640190995359,-119.14278727771094,511.638
1267,19,13,50.028000613514365,-111.50160876640756,512.753
1268,19,14,51.649286031894874,-103.22138409597945,513.761
1269,19,15,52.64931451884395,-94.4674926368001,514.637
1270,19,16,52.98069822190005,-85.42902134585219,515.368
1271,19,17,52.62444921517052,-76.41408005659497,515.941
1272,19,18,51.599210499994925,-67.66383591843243,516.357
1273,19,19,49.961334552120455,-59.42733811907073,516.618
1274,19,20,47.77855294245153,-51.80544806198346,516.739
1275,19,21,45.14028650760198,-44.87196935624719,516.735
1276,19,22,42.11612462993045,-38.58344492326772,516.629
1277,19,23,38.788043239855455,-32.90646830781451,516.45
1278,19,24,35.21124734134361,-27.754953513136005,516.227
1279,19,25,31.42881493749019,-23.04258743869077,515.991
1280,19,26,27.495763202059656,-18.711801835059344,515.774
1281,19,27,23.431375466626235,-14.67827972448521,515.607
1282,19,28,19.27825845123247,-10.895939528185588,515.519
1283,19,29,15.044285656444098,-7.29674402429069,515.535
1284,19,30,10.7646163347874,-3.845691908398782,515.673
1285,19,31,6.4408000854303245,-0.4863854013985714,515.95
1286,19,32,2.1041558870383184,2.8093423964342814,516.373
1287,19,33,-2.2466383288798384,6.092217966044139,516.944
1288,19,34,-6.581388857324458,9.388099283050757,517.657
1289,19,35,-10.893550669523377,12.741459203243974,518.499
1290,19,36,-15.17550554323109,16.199098182816712,519.455
1291,19,37,-19.394431431277926,19.791885261722847,520.497
1292,19,38,-23.546216559783538,23.58117005286108,521.597
1293,19,39,-27.592700661855062,27.60685452136262,522.719
1294,19,40,-31.52116251016335,31.944429333029042,523.829
1295,19,41,-35.283811271085824,36.645826123667234,524.884
1296,19,42,-38.85349694267168,41.80267700363481,525.85
1297,19,43,-42.16735787889471,47.4734859582675,526.685
1298,19,44,-45.17745981215977,53.75236274904433,527.356
1299,19,45,-47.802625944181244,60.67173711414453,527.829
1300,19,46,-49.970630439580844,68.25969479143517,528.079
1301,19,47,-51.60363646257709,76.48586534477181,528.085
1302,19,48,-52.62309000752569,85.19057944192704,527.832
1303,19,49,-52.98064358038669,94.19044650368605,527.315
1304,19,50,-52.65525336832728,103.18212416863021,526.535
1305,19,51,-51.66307618382913,111.9258181553787,525.501
1306,19,52,-50.057790483579375,120.17055316287944,524.233
1307,19,53,-47.9052017251365,127.81151310812939,522.751
1308,19,54,-45.293272499726505,134.77043768361852,521.092
1309,19,55,-42.291032114196135,141.08711957145138,519.289
1310,19,56,-38.98008083855953,146.79248586818977,517.388
1311,19,57,-35.41578418622881,151.97103967424505,515.433
1312,19,58,-31.64137725465016,156.70851352407925,513.467
1313,19,59,-27.712128227040026,161.0621170821804,511.544
1314,19,60,-23.647638038769056,165.11629880744653,509.704
1315,19,61,-19.490754174048032,168.9172854201803,507.999
1316,19,62,-15.249725793847034,172.53340613283848,506.46
1317,19,63,-10.95994949976601,175.99995936305172,505.13
1318,19,64,-6.6232856645801395,179.37367666206617,504.031
1319,19,65,-2.2713495264101216,-177.31697009919193,503.19
1320,20,0,-0.07938015837909068,-160.6629061855715,502.867
1321,20,1,4.279508812211203,-157.36822783563244,502.431
1322,20,2,8.624753926315547,-154.03535506785468,502.268
1323,20,3,12.948978279475531,-150.61832070912402,502.372
1324,20,4,17.219740180680887,-147.08738611579423,502.728
1325,20,5,21.434002757071898,-143.38333354776128,503.316
1326,20,6,25.55470369466478,-139.46836473815836,504.106
1327,20,7,29.57125278515143,-135.27018896481002,505.066
1328,20,8,33.437997044119484,-130.73916441282864,506.158
1329,20,9,37.13131255477716,-125.78630737770725,507.344
1330,20,10,40.59161274680526,-120.3524137797202,508.58
1331,20,11,43.77561471143343,-114.34012610243813,509.83
1332,20,12,46.60531427324552,-107.70491151247256,511.051
1333,20,13,49.01113229516662,-100.39802294971712,512.208
1334,20,14,50.91491433761886,-92.41821048955367,513.274
1335,20,15,52.23128303597708,-83.88546006513184,514.217
1336,20,16,52.901491933189995,-74.9487381022496,515.023
1337,20,17,52.887671045404474,-65.89455054602149,515.675
1338,20,18,52.190920033076885,-56.97229150870676,516.169
1339,20,19,50.851243314176,-48.4655606899281,516.506
1340,20,20,48.92867825150623,-40.518970269887596,516.695
1341,20,21,46.50929547389348,-33.24805972858518,516.751
1342,20,22,43.66565891107998,-26.636827640342826,516.693
1343,20,23,40.48364794659487,-20.669228183252862,516.547
1344,20,24,37.024095660280885,-15.265214955337331,516.342
1345,20,25,33.335233432962056,-10.338844540043608,516.108
1346,20,26,29.476094589634812,-5.83108745435668,515.878
1347,20,27,25.46979761309235,-1.6534663882635556,515.682
1348,20,28,21.361488346201163,2.2432704052887877,515.552
1349,20,29,17.16137792177042,5.9308846289802055,515.513
1350,20,30,12.90607103110951,9.446808174061601,515.588
1351,20,31,8.598334754605938,12.849777465743912,515.794
1352,20,32,4.270164259652979,16.16923318067083,516.143
1353,20,33,-0.07933461489114844,19.45678081311639,516.641
1354,20,34,-4.41988072559919,22.7384169168353,517.284
1355,20,35,-8.745178699119334,26.05819962706873,518.064
1356,20,36,-13.048173970565273,29.461693135769842,518.967
1357,20,37,-17.296883752261596,32.97823310542383,519.968
1358,20,38,-21.488644270431998,36.66647720062277,521.044
1359,20,39,-25.58697121585121,40.56369434857284,522.158
1360,20,40,-29.581761031189494,44.74140004497865,523.28
1361,20,41,-33.428113760390474,49.24850185939207,524.366
1362,20,42,-37.1030833829375,54.172931647187866,525.383
1363,20,43,-40.54808736631936,59.5730943559588,526.287
1364,20,44,-43.72086049995202,65.54554153981218,527.044
1365,20,45,-46.544580231145765,72.13471382458269,527.619
1366,20,46,-48.95082855498458,79.39019838364463,527.984
1367,20,47,-50.86243457913107,87.31573133047398,528.113
1368,20,48,-52.19444099559403,95.79620348698853,527.991
1369,20,49,-52.8876642152153,104.6882765032664,527.606
1370,20,50,-52.90263940497056,113.71118179309585,526.957
1371,20,51,-52.23821226289006,122.61857492368205,526.047
1372,20,52,-50.93163122561247,131.12660006330844,524.894
1373,20,53,-49.04069676898902,139.08741776739006,523.514
1374,20,54,-46.64967293681017,146.38108991410155,521.94
1375,20,55,-43.830239149320604,153.0195420137337,520.202
1376,20,56,-40.667714714537546,159.01565580306118,518.346
1377,20,57,-37.22296686324956,164.44750034429723,516.413
1378,20,58,-33.544343089496586,169.40002953033846,514.444
1379,20,59,-29.69107137866638,173.93172344085852,512.496
1380,20,60,-25.686579279612094,178.13108766712242,510.607
1381,20,61,-21.576302918239943,-177.9525875033533,508.831
1382,20,62,-17.37074200285153,-174.2472098786214,507.203
1383,20,63,-13.106804314400662,-170.7151141531327,505.767
1384,20,64,-8.787550631409156,-167.2972191905666,504.548
1385,20,65,-4.445263842989072,-163.9637863472769,503.577
1386,21,0,2.0968488652868738,-144.02094536716032,502.615
1387,21,1,6.450781553128651,-140.7120465633693,502.316
1388,21,2,10.783574378602417,-137.34543266109168,502.287
1389,21,3,15.08723559349243,-133.87386607202765,502.52
1390,21,4,19.328475709557697,-130.26606452977853,502.994
1391,21,5,23.502788509493303,-126.46007821857232,503.687
1392,21,6,27.571392179191914,-122.41540411663085,504.565
1393,21,7,31.52104639694746,-118.05570802979005,505.597
1394,21,8,35.30314070643696,-113.32830187879244,506.74
1395,21,9,38.889789152826545,-108.14047267584428,507.957
1396,21,10,42.217050920201146,-102.43298902046321,509.204
1397,21,11,45.235929646549664,-96.11108886810446,510.445
1398,21,12,47.8640190995359,-89.14278644288488,511.638
1399,21,13,50.028000613514365,-81.50161476177067,512.753
1400,21,14,51.649286031894874,-73.22139009134256,513.761
1401,21,15,52.64931451884395,-64.46749863216323,514.637
1402,21,16,52.98069822190005,-55.42903075630989,515.368
1403,21,17,52.62444921517052,-46.41408605195809,515.941
1404,21,18,51.599210499994925,-37.663841913795544,516.357
1405,21,19,49.961334552120455,-29.427347529528433,516.618
1406,21,20,47.77855294245153,-21.80545576489387,516.739
1407,21,21,45.14028650760198,-14.871975351610308,516.735
1408,21,22,42.11612462993045,-8.583450064857187,516.629
1409,21,23,38.788043239855455,-2.906473876290798,516.45
1410,21,24,35.21124734134361,2.2450407049442904,516.227
1411,21,25,31.42881493749019,6.957406992832939,515.991
1412,21,26,27.495763202059656,11.288192169577544,515.774
1413,21,27,23.431375466626235,15.321714280151676,515.607
1414,21,28,19.27825845123247,19.104054476451296,515.519
1415,21,29,15.044285656444098,22.703249980346197,515.535
1416,21,30,10.7646163347874,26.154302096238105,515.673
1417,21,31,6.4408000854303245,29.513609403651106,515.95
1418,21,32,2.1041558870383184,32.80933618762776,516.373
1419,21,33,-2.2466383288798384,36.09221197068102,516.944
1420,21,34,-6.581388857324458,39.388092433914,517.657
1421,21,35,-10.893550669523377,42.74145235410721,518.499
1422,21,36,-15.17550554323109,46.199092187453594,519.455
1423,21,37,-19.394431431277926,49.79188097390703,520.497
1424,21,38,-23.546216559783538,53.581164057497965,521.597
1425,21,39,-27.592700661855062,57.60684681845221,522.719
1426,21,40,-31.52116251016335,61.94441992257134,523.829
1427,21,41,-35.283811271085824,66.64581671320954,524.884
1428,21,42,-38.85349694267168,71.8026710082717,525.85
1429,21,43,-42.16735787889471,77.4734765478098,526.685
1430,21,44,-45.17745981215977,83.75236016877581,527.356
1431,21,45,-47.802625944181244,90.67173111878141,527.829
1432,21,46,-49.970630439580844,98.25968879607206,528.079
1433,21,47,-51.60363646257709,106.4858593494087,528.085
1434,21,48,-52.62309000752569,115.19056661637477,527.832
1435,21,49,-52.98064358038669,124.1904473385121,527.315
1436,21,50,-52.65525336832728,133.1821181732671,526.535
1437,21,51,-51.66307618382913,141.9258121600156,525.501
1438,21,52,-50.057790483579375,150.17054716751633,524.233
1439,21,53,-47.9052017251365,157.81150711276626,522.751
1440,21,54,-45.293272499726505,164.77043168825543,521.092
1441,21,55,-42.291032114196135,171.08711357608829,519.289
1442,21,56,-38.98008083855953,176.79247987282665,517.388
1443,21,57,-35.41578418622881,-178.0289626786524,515.433
1444,21,58,-31.64137725465016,-173.2914888288182,513.467
1445,21,59,-27.712128227040026,-168.93788527071703,511.544
1446,21,60,-23.647638038769056,-164.88371720582924,509.704
1447,21,61,-19.490754174048032,-161.08271693271715,507.999
1448,21,62,-15.249725793847034,-157.46659622005896,506.46
1449,21,63,-10.95994949976601,-154.00004298984572,505.13
1450,21,64,-6.6232856645801395,-150.62632569083127,504.031
1451,21,65,-2.2713495264101216,-147.31697609455503,503.19
1452,22,0,-0.07938015837909068,-130.6629121809346,502.867
1453,22,1,4.279508812211203,-127.36823383099556,502.431
1454,22,2,8.624753926315547,-124.03536106321779,502.268
1455,22,3,12.948978279475531,-120.61832670448713,502.372
1456,22,4,17.219740180680887,-117.08739211115734,502.728
1457,22,5,21.434002757071898,-113.3833395431244,503.316
1458,22,6,25.55470369466478,-109.46837073352148,504.106
1459,22,7,29.57125278515143,-105.27020179036231,505.066
1460,22,8,33.437997044119484,-100.73916357800258,506.158
1461,22,9,37.13131255477716,-95.78630654288119,507.344
1462,22,10,40.59161274680526,-90.35241977508332,508.58
1463,22,11,43.77561471143343,-84.34013209780124,509.83
1464,22,12,46.60531427324552,-77.70491750783569,511.051
1465,22,13,49.01113229516662,-70.39802894508023,512.208
1466,22,14,50.91491433761886,-62.41821648491678,513.274
1467,22,15,52.23128303597708,-53.88546947558954,514.217
1468,22,16,52.901491933189995,-44.94874751270731,515.023
1469,22,17,52.887671045404474,-35.89455312629003,515.675
1470,22,18,52.190920033076885,-26.97229921161717,516.169
1471,22,19,50.851243314176,-18.46556668529121,516.506
1472,22,20,48.92867825150623,-10.518977972798,516.695
1473,22,21,46.50929547389348,-3.2480655105048872,516.751
1474,22,22,43.66565891107998,3.363167004624296,516.693
1475,22,23,40.48364794659487,9.330765821384023,516.547
1476,22,24,37.024095660280885,14.734779049299556,516.342
1477,22,25,33.335233432962056,19.66114861081963,516.108
1478,22,26,29.476094589634812,24.16890612339338,515.878
1479,22,27,25.46979761309235,28.346528149981857,515.682
1480,22,28,21.361488346201163,32.24326376959544,515.552
1481,22,29,17.16137792177042,35.93087948739074,515.513
1482,22,30,12.90607103110951,39.44680132492484,515.588
1483,22,31,8.598334754605938,42.84977232415444,515.794
1484,22,32,4.270164259652979,46.16922718530772,516.143
1485,22,33,-0.07933461489114844,49.45677481775327,516.641
1486,22,34,-4.41988072559919,52.73841092147219,517.284
1487,22,35,-8.745178699119334,56.05819363170562,518.064
1488,22,36,-13.048173970565273,59.461687140406724,518.967
1489,22,37,-17.296883752261596,62.97822369496613,519.968
1490,22,38,-21.488644270431998,66.66647120525965,521.044
1491,22,39,-25.58697121585121,70.56368835320973,522.158
1492,22,40,-29.581761031189494,74.74139404961554,523.28
1493,22,41,-33.428113760390474,79.24849927912355,524.366
1494,22,42,-37.1030833829375,84.17292906691934,525.383
1495,22,43,-40.54808736631936,89.57308836059569,526.287
1496,22,44,-43.72086049995202,95.54553554444907,527.044
1497,22,45,-46.544580231145765,102.13470782921958,527.619
1498,22,46,-48.95082855498458,109.39019238828152,527.984
1499,22,47,-50.86243457913107,117.31572533511087,528.113
1500,22,48,-52.19444099559403,125.79619749162542,527.991
1501,22,49,-52.8876642152153,134.6882705079033,527.606
1502,22,50,-52.90263940497056,143.71118262792191,526.957
1503,22,51,-52.23821226289006,152.61856892831895,526.047
1504,22,52,-50.93163122561247,161.12659406794532,524.894
1505,22,53,-49.04069676898902,169.08741177202697,523.514
1506,22,54,-46.64967293681017,176.38108391873843,521.94
1507,22,55,-43.830239149320604,-176.98047399954208,520.202
1508,22,56,-40.667714714537546,-170.98434654983626,518.346
1509,22,57,-37.22296686324956,-165.55250200860021,516.413
1510,22,58,-33.544343089496586,-160.59998648293734,514.444
1511,22,59,-29.69107137866638,-156.06827891203895,512.496
1512,22,60,-25.686579279612094,-151.86891468577502,510.607
1513,22,61,-21.576302918239943,-147.95259349871642,508.831
1514,22,62,-17.37074200285153,-144.24721587398452,507.203
1515,22,63,-13.106804314400662,-140.71512014849583,505.767
1516,22,64,-8.787550631409156,-137.29722518592973,504.548
1517,22,65,-4.445263842989072,-133.96379234264003,503.577
1518,23,0,2.0968488652868738,-114.02093087195593,502.615
1519,23,1,6.450781553128651,-110.71203206816492,502.316
1520,23,2,10.783574378602417,-107.34540450550895,502.287
1521,23,3,15.08723559349243,-103.87385157682324,502.52
1522,23,4,19.328475709557697,-100.26605003457414,502.994
1523,23,5,23.502788509493303,-96.46005689317876,503.687
1524,23,6,27.571392179191914,-92.41538279123729,504.565
1525,23,7,31.52104639694746,-88.05569353458566,505.597
1526,23,8,35.30314070643696,-83.32828055339888,506.74
1527,23,9,38.889789152826545,-78.14045135045072,507.957
1528,23,10,42.217050920201146,-72.43296769506964,509.204
1529,23,11,45.235929646549664,-66.1110675427109,510.445
1530,23,12,47.8640190995359,-59.14276511749132,511.638
1531,23,13,50.028000613514365,-51.50159685147169,512.753
1532,23,14,51.649286031894874,-43.221365350854406,513.761
1533,23,15,52.64931451884395,-34.46747730676966,514.637
1534,23,16,52.98069822190005,-25.429009430916327,515.368
1535,23,17,52.62444921517052,-16.414066434111817,515.941
1536,23,18,51.599210499994925,-7.663819734628331,516.357
1537,23,19,49.961334552120455,0.5726740626693986,516.618
1538,23,20,47.77855294245153,8.194566414273341,516.739
1539,23,21,45.14028650760198,15.128045973783257,516.735
1540,23,22,42.11612462993045,21.41657040676273,516.629
1541,23,23,38.788043239855455,27.093547022215944,516.45
1542,23,24,35.21124734134361,32.24506352444174,516.227
1543,23,25,31.42881493749019,36.957429598886975,515.991
1544,23,26,27.495763202059656,41.28821349497111,515.774
1545,23,27,23.431375466626235,45.321737313092534,515.607
1546,23,28,19.27825845123247,49.104077509392155,515.519
1547,23,29,15.044285656444098,52.70327301328705,515.535
1548,23,30,10.7646163347874,56.154321714084375,515.673
1549,23,31,6.4408000854303245,59.51363072904467,515.95
1550,23,32,2.1041558870383184,62.80936092811591,516.373
1551,23,33,-2.2466383288798384,66.09223671116918,516.944
1552,23,34,-6.581388857324458,69.38811717440215,517.657
1553,23,35,-10.893550669523377,72.74147367950077,518.499
1554,23,36,-15.17550554323109,76.19911351284716,519.455
1555,23,37,-19.394431431277926,79.79190229930059,520.497
1556,23,38,-23.546216559783538,83.58118196779695,521.597
1557,23,39,-27.592700661855062,87.60686814384577,522.719
1558,23,40,-31.52116251016335,91.9444412479649,523.829
1559,23,41,-35.283811271085824,96.6458380386031,524.884
1560,23,42,-38.85349694267168,101.80269233366526,525.85
1561,23,43,-42.16735787889471,107.47349787320337,526.685
1562,23,44,-45.17745981215977,113.75238149416937,527.356
1563,23,45,-47.802625944181244,120.67175244417497,527.829
1564,23,46,-49.970630439580844,128.25971012146562,528.079
1565,23,47,-51.60363646257709,136.48588067480225,528.085
1566,23,48,-52.62309000752569,145.19058794176834,527.832
1567,23,49,-52.98064358038669,154.19046866390568,527.315
1568,23,50,-52.65525336832728,163.18213949866066,526.535
1569,23,51,-51.66307618382913,171.92583348540916,525.501
1570,23,52,-50.057790483579375,-179.82942786462445,524.233
1571,23,53,-47.9052017251365,-172.1884679193745,522.751
1572,23,54,-45.293272499726505,-165.22954334388535,521.092
1573,23,55,-42.291032114196135,-158.9128614560525,519.289
1574,23,56,-38.98008083855953,-153.20750881969246,517.388
1575,23,57,-35.41578418622881,-148.02894135325883,515.433
1576,23,58,-31.64137725465016,-143.29146750342463,513.467
1577,23,59,-27.712128227040026,-138.93786394532347,511.544
1578,23,60,-23.647638038769056,-134.88369588043568,509.704
1579,23,61,-19.490754174048032,-131.0826956073236,507.999
1580,23,62,-15.249725793847034,-127.4665748946654,506.46
1581,23,63,-10.95994949976601,-124.00002166445215,505.13
1582,23,64,-6.6232856645801395,-120.62630436543772,504.031
1583,23,65,-2.2713495264101216,-117.31695476916147,503.19
